3858242
4249530
4248402
3942799
3884517
3922438
3830077
4086713
3747566
3748485
3819148
6198932
8145159
11373013
12341320
13073845
14864549
15565212
17311727
19481601
21185850
22879205
25243648
25895946
26754773
27459590
28544802
29927543
30004323
30005058
30005776
30002624
30002951
30004898
30004525
30002568
30003142
30003385
30003684
30008581
30002652
30004244
30002443
30003922
30003384
30002003
30006193
30001076
30003640
30003864
30005109
30007068
30002668
30003995
30004952
30000766
30005368
30004360
30003293
30002317
30004105
30004126
30005799
30005803
30005493
30006192
30005079
30006091
30002292
30001885
30004679
30003572
30002075
30001405
30003142
30002622
30003463
30001443
30002196
30002286
29999801
30004083
30001832
30001029
30001933
30002403
30003483
30003248
30003254
30006065
30001948
30005099
30002402
30001927
30003535
30002093
30004345
30004207
30003908
30008747
30001863
30002996
29999988
30004084
30008920
30004976
30003489
30001683
30006603
30007136
30003560
30000429
30002180
30006306
30005400
30002444
30003855
30006432
30003649
30005737
30005600
30005965
30003331
30013429
30004647
30004797
30001993
30002491
30004629
30002748
30004497
30001112
30003812
30001217
30000415
30002353
30004479
30003522
30003122
30002315
30001259
30008606
30001857
30004100
