1718547
1702826
1650054
1669569
1739112
1707008
1724631
1722361
1703523
1724174
1710573
1740275
1639174
1714219
1733674
1582321
1602700
1717808
1693528
1672349
1626235
1744359
1679309
1681588
1633079
1616724
1585908
1677119
1808016
1601512
1631825
1651696
1707558
1762964
1727319
1626238
1652419
1680002
1745377
1697996
1634871
1693230
1706779
1674698
1664094
1653396
1662486
1672351
1727838
1649202
1658832
1579146
1674396
1669158
1733172
1666265
1712421
1746096
1740510
1748453
1656419
1677363
1689806
1696231
1665041
1718004
1631326
1747397
1658134
1650175
1714450
1709904
1620706
1657561
1685012
1706679
1581196
1655156
1713466
1694366
1670287
1673449
1645071
1732242
1665258
1681490
1680633
1703056
1746987
1547884
1726534
1684565
1634183
1729017
1722865
1691021
1718645
1617515
1771130
1653784
1685205
1674953
1699533
1698255
1599406
1681504
1688197
1688316
1690374
1663515
1669920
1676093
1660276
1627242
1679700
1657338
1663504
1632188
1844316
1735649
1692827
1730518
1723016
1663640
1754692
1697077
1706274
1770047
1717929
1656234
1681610
1651293
1677089
1776453
1772791
1612178
1605613
1745035
1774637
1685653
1655966
1741944
1733765
1681436
1704868
1637132
1666494
1648391
1634625
1609495
1692441
1660398
1684054
1628039
1627365
1677000
