1746262
1713457
1661627
1681799
1749217
1718199
1735563
1733361
1712968
1734611
1719269
1750779
1646954
1727143
1739841
1589035
1611074
1727982
1701625
1690474
1636599
1753316
1689491
1689541
1644553
1626827
1594014
1692548
1817149
1614112
1640281
1661711
1717717
1775422
1743871
1636067
1659836
1690010
1755085
1708968
1643274
1701222
1716988
1686455
1673642
1661393
1671228
1684605
1740801
1658415
1670293
1589510
1682750
1676987
1742466
1686833
1719285
1757113
1751256
1765340
1664405
1686459
1699344
1706863
1674288
1726654
1642639
1757423
1670132
1659808
1724522
1718361
1632411
1673736
1698583
1714407
1592126
1665263
1721994
1703644
1678510
1691734
1655134
1740696
1674789
1690314
1693246
1713046
1755935
1559279
1735617
1699765
1645911
1738049
1735598
1700613
1730569
1625353
1779241
1662806
1694175
1706252
1720803
1707072
1608711
1696000
1696469
1695878
1697209
1679172
1679938
1685651
1668233
1641701
1691440
1672239
1672056
1641247
1852393
1744097
1703376
1740227
1733205
1673752
1762203
1720294
1715722
1780310
1727050
1665195
1689995
1663557
1689411
1785574
1784513
1625183
1614409
1754294
1783463
1698316
1667970
1754823
1742719
1694135
1717366
1647215
1678714
1656417
1644378
1639415
1702676
1672034
1694362
1637110
1660515
1685581
