66465
86480
83152
58685
71962
85033
49969
72500
56623
59687
84698
68181
81976
74137
53616
69409
80872
77810
46567
67609
46453
68030
72829
84271
60096
71020
61165
73608
69218
94467
53201
76779
84938
48652
78941
76716
48627
64223
78839
90587
68008
57526
65592
82601
70859
55939
71754
35376
74568
70153
93060
80635
95363
68707
55304
93418
56223
93759
71936
83345
72674
46749
81265
47814
77826
84554
59946
78967
69162
78852
67413
80691
68457
80489
94274
75792
76313
77521
77100
82272
47354
79739
74372
77686
77968
46087
60321
86987
81617
70754
76635
65709
73588
75220
49516
86483
53481
47293
68536
63177
72821
83329
63864
35289
65280
75183
57843
77952
68168
73367
81269
84045
50656
52589
73289
70465
85495
91580
68890
87660
84120
89365
44261
75239
90148
66460
68829
66511
73778
85346
79732
51892
75199
71898
59637
76193
41968
64924
79888
69400
80003
69152
90431
72516
65567
76272
63372
72877
45918
83775
79634
69389
88126
44710
77927
80721
