81059
95103
91033
67340
78588
93583
57467
80280
64822
67822
93387
78804
90080
81394
60370
77627
88209
85142
53617
75551
55388
78156
80041
91146
67482
79065
66541
80862
75776
104973
61849
85393
92136
55736
86391
83443
55696
72404
87464
98568
77201
64982
79045
100387
86747
63899
82902
42279
84754
77214
102555
87701
102661
75942
62810
100549
65695
99911
78833
89376
79495
56617
89229
55373
85086
91573
66387
86394
85204
85537
75460
88687
76413
89819
104937
83025
83324
84871
83834
89429
54273
87058
81491
84499
85234
52183
66675
94868
87760
78340
83462
72313
80596
81545
56612
93866
61769
53655
74844
70944
79317
90929
70724
48629
74272
83235
64224
85340
74481
80258
88330
89410
58231
60054
81835
77771
92080
103693
77562
96620
90421
96870
51501
82921
98791
73527
75729
75395
80905
92790
86680
58298
81676
78989
68317
83421
48814
71969
87045
76440
87706
75946
98074
81024
73269
84035
68498
79659
51142
91031
86883
76074
95028
53322
85081
88705
