44003
38548
39415
48016
47310
43100
60829
44559
45307
50887
46678
60426
45623
48767
33932
28225
48076
47809
45042
60267
35033
45129
44355
27916
44223
44767
53252
50441
35357
38285
33357
67228
42942
38020
40501
35173
31250
46520
45142
31473
33145
53349
39323
37810
46945
45669
32706
33413
48541
33719
49695
48135
31899
38358
34999
28129
58136
33395
67563
47069
30030
59295
42654
82269
41226
37274
36688
45945
58663
31995
45709
55951
45296
50054
40605
33396
52189
34315
35265
56643
38097
43651
66142
33547
42516
30125
48933
32145
35162
39669
56587
37547
46169
30050
35148
44394
41685
53119
32729
36203
37565
31389
31848
40019
31267
46430
32838
27740
60315
41468
39894
52861
32402
39409
42838
51673
41636
45235
44667
44577
33713
35545
44481
38499
35445
29295
43152
41890
32366
55884
47838
48520
59987
43607
45675
41741
63576
37383
48636
47320
48301
40143
35580
46065
63850
34762
51581
37415
38034
28209
32369
45294
38591
43814
39097
36578
