51663
65713
50104
57396
56659
51349
74301
54548
57145
59550
55934
68733
53992
54624
43375
40230
54270
57431
52727
67814
42453
53142
52037
41342
53729
54632
61839
55392
41362
44590
39447
76565
49295
45777
48502
40625
36996
55997
52321
38121
41210
63738
57200
48121
57169
51191
41327
42686
54167
44766
55131
58333
40856
45915
40392
34135
68140
40394
74277
53133
40797
79043
48841
97451
54255
49067
52041
53080
70543
45269
73515
64474
55085
58812
46397
42623
61796
43357
45081
65552
46035
51550
73040
42976
53788
46972
61527
42496
41783
52726
66755
43638
52063
37081
40626
49680
51488
67853
39218
45530
43959
37639
36634
45631
38261
53143
42627
41021
67115
47041
49830
60906
43608
49765
49748
59588
49400
51627
51855
52842
47918
41702
51688
48379
52340
37809
58087
55277
38284
61975
61109
57171
66161
51318
55086
51479
73917
44519
55113
57260
56128
48206
45991
61608
71690
41657
57359
47144
43858
36221
36981
53891
43787
54375
45622
43239
