863685
801725
818384
767175
707957
950990
915665
831651
801257
749851
822618
799052
2609663
3287171
1403414
2109312
1345935
1750643
1266718
1266935
1803292
1357532
1377908
1163068
1400341
1138580
2654560
1633939
1591420
1649679
1394939
1282928
1344573
1661488
1128732
1218306
1702298
1559356
1779381
1589317
1962767
2353713
1574504
1828556
1793518
1278296
1624763
1378083
2978767
1196992
1984901
1689412
2276508
1688387
1866490
1112430
1390272
1760109
1552427
1501646
1289612
1144078
1161260
1296038
1201887
1394837
1102614
1386274
1013119
1015079
1126977
960682
1614941
1205393
1333892
1239888
1206359
960094
1488563
1145042
1528074
1218819
1347941
1062730
1774695
1130969
1316994
1191701
1499319
1455490
1530389
1315525
1796547
1618903
1584387
1805322
1635998
1411680
1362826
1617024
2015320
1701847
1091970
1325343
1239236
1393723
1517126
1253069
1551944
2454998
1440522
1229924
1097080
2045451
1702650
1072255
1068155
1334597
1147679
1211423
1668091
1197636
1002253
886033
1052614
986863
1022532
1200509
1081526
995837
861264
1103884
1118888
852521
1134085
946447
1358357
1873770
1091682
1729995
1207689
1271311
1110119
1398177
1959981
1463495
1842312
1214035
1924482
1826715
1180601
1317239
1583063
1245729
1334730
2000477
