868213
810330
833813
775078
715491
959110
923036
839224
808667
758491
830843
812140
2620751
3292562
1407676
2116330
1354640
1758630
1273407
1273347
1809756
1363819
1382718
1169470
1408254
1145397
2660762
1647497
1597116
1659766
1408981
1289657
1350460
1666569
1134198
1224835
1707503
1577078
1785661
1594335
1968839
2371577
1582988
1833712
1802525
1283950
1635218
1390177
2984322
1204113
1992422
1700310
2286360
1697013
1885072
1128522
1397526
1771081
1558696
1507739
1303305
1157694
1169280
1300794
1208300
1400891
1109683
1394607
1020520
1020741
1140231
968571
1620976
1214546
1340398
1246385
1216683
965753
1494125
1153530
1534375
1223864
1354988
1069793
1780120
1137306
1325163
1197288
1503702
1461641
1534772
1322783
1802152
1628724
1591092
1812152
1642041
1417110
1366493
1632391
2022033
1711078
1099645
1332624
1248983
1400523
1523938
1258490
1565826
2459963
1446410
1235021
1102309
2052828
1708203
1077498
1076806
1351392
1154125
1216393
1681657
1205679
1010942
892078
1059061
993480
1029145
1206420
1088429
1002788
868893
1110299
1123890
858893
1139689
955225
1365534
1879550
1098115
1736438
1222936
1278314
1120584
1406793
1964143
1468958
1849181
1223021
1934044
1834555
1187221
1322461
1593720
1251681
1341090
2006763
