290361
305899
358892
308701
366993
307412
299854
282619
181531
326116
243970
290275
299937
396903
311808
313874
335058
356356
179648
344532
388496
342356
310874
316035
329635
332093
341270
352266
227480
208009
402548
374949
378254
309310
197976
293296
191447
375452
382600
336631
319909
189159
365141
387559
344767
329834
314750
312094
381921
267310
447965
181488
199892
331800
373730
356726
229371
301440
368478
362099
315042
355501
330670
377387
206459
382979
370186
240157
305504
427610
328416
307272
412637
298822
413229
396569
318492
288354
184816
334975
350298
341270
330172
357788
335150
179557
373402
308980
423666
394050
368160
336573
204989
292542
375323
287574
350054
349584
346227
341088
399781
197785
385601
331027
324347
334346
346835
355408
345630
364989
270140
381998
352134
300971
191681
385224
311833
357176
321132
318860
188261
290831
320215
364073
308001
361200
239446
374085
292730
370150
331370
298980
392994
177907
190612
352213
300328
185537
371638
381463
315555
344429
340623
202670
350326
403143
264198
349447
389713
387716
199315
353074
254472
212843
299604
401733
