297535
315175
367472
317184
392066
318334
308754
290567
189751
334216
256393
298514
307652
404328
318814
327772
342667
363250
201286
351083
396773
351413
318578
322041
338213
338837
350180
357574
233475
213908
409740
380798
384122
315442
206964
301911
203137
384917
390129
344301
326100
195147
391188
393390
352969
336286
324236
321902
401037
272572
457623
193952
207600
343166
383514
362608
239638
310180
376285
367879
323305
364116
339043
383612
213602
390028
380574
826652
324996
434457
335059
313854
418802
309334
420546
403584
325317
298011
193613
353308
356844
352805
337801
366631
340858
194878
380691
314854
432224
398999
379329
348764
213426
297268
387416
293199
362562
358010
352825
347002
407003
204362
391853
336872
329450
340697
355215
366408
350883
377691
275799
390889
358190
314280
205205
390352
319100
362154
332312
326645
196910
297648
329233
371306
315725
368597
246393
383056
300917
376889
342502
306998
400276
189604
205259
359884
313117
192259
377655
388179
341957
349955
347311
208491
354978
410436
274682
357084
396591
393329
208658
359071
259361
219657
305778
410146
