47140
68443
72021
52283
54985
68867
54913
54233
88834
70651
76467
67530
53347
43529
45374
58272
46228
85565
71775
72825
93565
56367
56303
68207
55219
45525
42931
41261
56641
76879
64024
50940
54138
65814
74564
58587
43384
41102
61760
50001
66524
59513
65058
71889
52912
55760
59192
63656
71889
65310
58667
57730
61333
32361
55817
49395
74926
64674
60115
69038
75571
57073
66363
72206
56903
59922
86485
92883
54218
53829
49201
66052
42512
54901
48551
64560
69792
81596
76116
66103
58678
101877
44506
78815
74204
66332
49012
38446
71730
64112
66317
54003
62456
52823
82473
48443
52909
55508
33591
49201
55488
67480
52995
60057
66651
62833
71970
33257
47109
77843
94665
72265
61164
55568
56962
50463
49749
88888
70104
60136
39441
90394
43056
43396
55206
72572
54896
66368
109272
38984
62747
79300
44814
69380
38056
80837
64080
67670
42998
84766
46747
75634
65293
76881
65493
70365
70003
82698
38177
47784
78352
49848
54944
73214
45785
80951
