219657
201455
224907
206883
211435
226037
204484
188390
246035
214409
228682
217178
196941
201839
177931
201794
209051
236412
214189
214476
215899
199027
212964
225614
214005
197937
158119
168548
196736
205724
210070
237565
211446
207905
216804
211749
170864
195315
203631
182408
216050
194326
200455
210735
198747
202847
214383
207974
215968
196601
209711
185337
213100
172050
209727
205316
205770
206357
212045
216810
214159
196429
212082
218219
196762
237965
230863
223974
197571
190159
185790
214719
186676
222635
193830
211381
199513
236255
222387
205593
205789
237228
195713
242897
215147
221452
220304
180707
216709
206166
212229
193266
222544
188945
228972
192655
169256
200364
153917
179171
203642
237414
203995
201216
210121
231967
232469
189571
224713
234678
244947
228075
207000
187713
194423
206780
175851
262859
219060
203096
202190
249085
193729
176051
199200
218552
196529
238435
256287
204073
208514
244478
196443
223319
174314
237543
221441
202973
177050
216383
199320
216479
218184
245584
185457
232386
220899
224601
187673
204378
222069
210209
213450
232304
158970
211519
