9561967
8885699
8682304
9165531
10303398
17106047
21024502
23849311
29323704
30009369
30008281
30001782
30006695
30003305
30001188
30008613
30005647
30004006
30007263
30002725
30006228
30002693
30003993
30003590
30003020
30003182
30006059
30000129
30001370
30002766
30003152
30000851
30007812
30005043
30005485
30000022
30007091
30002432
30003017
30001726
30004306
30002669
30010751
30003696
30003076
30004751
30002469
30010333
30008179
30004898
30003681
30003581
30002943
30001716
30001844
30006257
30002666
30007399
30003167
30002720
30001536
30003736
30002225
30003115
30001141
30011654
30015011
30005006
30005322
