1257797
1276066
1294554
1275704
1358928
1271320
1324434
1255547
1411956
1515510
1297028
1241971
2016870
1777083
2232366
1770437
1766657
1833000
1653730
1664631
1736283
1567784
1684663
1544635
1872390
1586160
2181786
1828166
1866374
1652315
1805118
1901068
1862509
1668963
1983747
1672788
2241728
2049293
2155580
1944363
2163169
1871005
1890237
1725790
1933423
1917381
1771438
2088129
2118386
1931824
1994813
2040711
1840559
2224085
1707537
1756028
2060794
1829756
1918192
1804326
2203454
1805844
1750572
1765805
1903777
1824408
1700960
1713595
1815330
1815431
1874805
1616656
1764514
1731866
1981914
1787105
2067665
1514344
1798770
1665509
1621765
1780886
1782729
1572231
2130314
1879640
1971686
1953924
1887454
1750178
1691286
1636949
1963088
1759654
1714117
1992867
2067283
2199078
1907494
1737033
1782068
1855505
1630799
1582300
1935001
1613455
1851633
1715916
1800119
1809388
1960603
1729642
2008557
1921836
1658235
1727527
1854797
1654779
1812472
1678204
1855640
2084139
1870705
1741254
1725734
1610279
1630045
1688859
1535206
1750283
1724619
1729183
1621642
1664971
1949093
1736235
1776229
1714049
1494804
1557548
1597616
1532348
1812705
1652072
1525239
1498674
1734440
1689634
1555968
1437047
1492093
1433477
1380711
1505290
1478971
1409680
