1284125
1284587
1303402
1284764
1367413
1279850
1332905
1263705
1420604
1524505
1306204
1254551
2033300
1784037
2238061
1780173
1774347
1840719
1660813
1672668
1743275
1575481
1692274
1551567
1879890
1594594
2188571
1837319
1873688
1660176
1815354
1906421
1869264
1675939
1991564
1680297
2250158
2056655
2162714
1951568
2169787
1878569
1897568
1733917
1941631
1923357
1779404
2096093
2127522
1939961
2002094
2047317
1845806
2231949
1714792
1764502
2066430
1836393
1925977
1812018
2213545
1813265
1757370
1772274
1911503
1831686
1708019
1722827
1824810
1823612
1881774
1624891
1771753
1744578
1991687
1794469
2075505
1521529
1806097
1672907
1629548
1787953
1789215
1579090
2141766
1887088
1978812
1960724
1894154
1757199
1704673
1645519
1971535
1766729
1723078
2000701
2074381
2205934
1913869
1744750
1792514
1863519
1639154
1588702
1943085
1620734
1860646
1722833
1804895
1813771
1967782
1737022
2015364
1928866
1664322
1735636
1861097
1662652
1819066
1686346
1861188
2091860
1877338
1750213
1733314
1617668
1636179
1696697
1542894
1757263
1732443
1735621
1628277
1671601
1955262
1744283
1783324
1721950
1504405
1564924
1607526
1539790
1820186
1660031
1532071
1506553
1740229
1697237
1562929
1451738
1499436
1440086
1387781
1513508
1495862
1416996
