1101641
1055080
1074597
1205055
1067872
1183818
1080590
1088385
1063803
1175117
1115245
1021549
1318688
1173448
1287038
1296565
1291749
1243963
1213959
1137249
1117922
1185656
1188966
1177803
1326174
1229562
1166527
1177971
1261838
1115091
1102439
1204006
1111150
1143347
1109021
1121443
1246579
1217866
1170342
1250408
1182310
1176697
1170559
1134862
1187824
1181490
1187761
1166323
1228455
1161262
1283985
1148729
1231802
1134518
1145874
1134827
1214762
1374541
1214484
1326468
1208083
1169427
1275425
1292264
1216072
1219466
1220096
1212130
1167637
1233036
1298123
1284085
1215867
1268705
1225882
1231169
1166746
1223174
1206418
1290850
1117388
1241546
1242067
1184660
1166924
1207360
1270106
1219283
1192438
1203293
1133925
1115314
1141659
1129554
1158603
1259503
1280055
1166104
1179480
1103625
1141512
1205394
1109906
1166629
1166963
1086603
1141158
1106912
1235938
1135038
1163996
1183683
1187634
1151166
1160024
1165520
1203513
1219764
1224321
1180074
1143285
1286384
1218954
1165157
1274107
1344015
1143089
1154331
1229596
1218221
1107382
1215226
1221902
1183073
1308331
1230203
1271037
1188491
1218709
1217487
1229572
1159311
1222341
1142721
1226579
1187453
1231000
1173208
1154507
1229821
1096813
1076098
1105602
1162085
1097478
1155028
