1135047
1080347
1095160
1224753
1092446
1205270
1101480
1116499
1086478
1194791
1139395
1037016
1332098
1192407
1310269
1317260
1307686
1269069
1227869
1159644
1144110
1208103
1207500
1196914
1346399
1243406
1185402
1198837
1275220
1132677
1115154
1217179
1125741
1162273
1126822
1143076
1272766
1229304
1187476
1265991
1196894
1195404
1191213
1146240
1205721
1193075
1199971
1181481
1242132
1173887
1295621
1167509
1249490
1155727
1158259
1154648
1227731
1399240
1230711
1340866
1231201
1190517
1297545
1306048
1230089
1229733
1243510
1232245
1184528
1248981
1317295
1311889
1239939
1279374
1241178
1257059
1179959
1239538
1227959
1313724
1138195
1263896
1263405
1207391
1191462
1221157
1286002
1242972
1205521
1225427
1154474
1127669
1152463
1145786
1172411
1270768
1295787
1178255
1205298
1119126
1159946
1234072
1126335
1182192
1181430
1100662
1152487
1128000
1251733
1151502
1182783
1201556
1200174
1167849
1177626
1200495
1223682
1239286
1248659
1194607
1157146
1307108
1238689
1183690
1322932
1362949
1156916
1175841
1246708
1239130
1126030
1237557
1237418
1209058
1322199
1260481
1282751
1204038
1234674
1235888
1251303
1188745
1250805
1165127
1243713
1206689
1251065
1187731
1167500
1246671
1111250
1090274
1117767
1176358
1109686
1173954
