46287
47859
42459
61905
44842
45132
44770
46906
44186
44202
49749
44930
45380
57904
48005
42979
60191
48569
51453
52947
45623
59855
44915
61485
35153
46040
62169
43903
60593
49202
47754
47196
44877
57792
55599
43830
59901
50830
40080
62944
59952
55317
52959
42886
60919
43310
47547
60251
44404
61009
46781
42921
58464
44354
52988
54302
43342
47784
28161
51707
49654
46554
64620
44845
48048
55724
46251
50031
51371
46254
58881
44781
53551
44514
43100
60206
45375
55019
45072
44460
61027
45469
55266
51848
31212
61766
47037
49772
48679
47375
60664
44725
47536
56817
42096
59789
43950
45470
61503
44113
57993
44795
46421
61040
46989
52201
51393
45846
61450
42951
58552
48583
46182
47245
43520
42698
43282
56457
48477
43405
56983
37279
45104
54676
47101
56889
41693
47116
44196
46843
60910
44767
31248
57201
45134
57607
45582
42648
44536
42603
63018
45073
44143
58384
35286
62631
52648
31548
61039
43090
48304
44028
43476
62169
50406
59672
