84711
57647
51235
70308
52668
53558
57663
58094
53502
53313
59079
53504
52935
67774
56041
51416
69265
56241
65959
61498
54038
68891
53362
70107
49242
55145
70647
51799
70443
57832
59464
58760
53514
66666
64331
52126
68012
59728
52641
72667
68646
64117
65129
51395
69399
51563
55659
68646
55421
69866
56530
51852
67257
52806
63015
62374
52091
56546
38337
60557
56941
55844
73214
53209
56902
65025
55511
58137
60162
54509
69651
57402
64569
53455
52461
68893
55301
63871
53707
53054
69281
54180
65707
60651
39158
76769
55418
58345
57296
56473
70079
53698
56055
65778
50905
68501
53745
53502
69698
370477
66922
53698
57680
70376
55555
60260
60126
54553
70590
51586
69873
57194
54926
55881
52178
50353
52058
64751
59138
51669
68581
49746
54175
62516
55873
66472
50562
56339
52848
55689
69633
54694
45674
65629
53818
66599
55320
51467
58262
51214
71703
53674
53014
66620
41426
71013
61439
40270
70155
51816
56470
51765
52824
70978
59212
68100
