756076
735041
746734
754317
740938
746501
923602
817854
810978
799123
770333
797844
976098
877442
884840
830016
857909
811450
809838
810651
837872
755958
789295
866670
963133
857508
916766
791291
845023
845434
831961
791665
840250
808496
770000
801554
858056
893043
827342
807117
793455
859671
912341
784368
875610
876418
882131
801528
1179484
801988
855037
850107
796632
834291
785674
903253
779057
761488
781451
778701
861694
790997
762899
835719
881944
813136
838039
784163
819097
763987
771077
772932
867881
769305
798586
790628
821775
775442
756477
807174
782843
762971
778363
737229
998243
827636
841380
844829
802848
770610
787545
889529
823822
783036
843804
783327
892843
778397
850189
857879
841232
883429
867615
821627
783629
833451
790731
824941
944897
774705
839795
776593
839118
847479
819547
746630
822550
778606
781555
846042
837435
845871
829619
823155
790678
749630
817522
779827
797089
828069
800836
757471
748024
743518
842040
750745
773939
781695
779499
762165
821251
742988
807387
844290
857378
833109
860311
850097
836161
811118
787257
784066
833238
827155
812681
841878
