763330
744333
775587
762704
749229
753726
931355
826894
818852
807763
779617
806195
982956
890274
890923
834853
1176253
823971
815243
817850
844319
762249
797599
873773
977665
866599
928474
800559
850263
853426
844072
796956
845945
814278
778081
814814
864790
905415
833844
822654
804367
869210
923119
790791
881535
884524
894616
820930
1449437
814564
859321
855714
806698
846882
795181
913715
794050
768006
792629
785881
868646
797928
769551
844489
889010
822287
854632
799787
824390
775281
777460
782474
877393
776528
1456934
802429
830032
782806
774873
816881
1129880
770229
785048
744541
1003567
835625
858094
863602
809907
779101
793679
894428
831088
789125
848438
794347
900500
785593
868770
865706
1213754
888189
873528
830848
793350
849541
801477
831578
953378
779667
846766
786119
845836
855230
825328
753039
828950
785610
804951
852674
848395
853344
840250
829726
801942
758200
825242
785675
804787
838573
808470
765874
752903
750884
847010
758388
783768
789248
789741
775184
828170
750956
815455
850423
865677
838248
871574
858737
843686
816695
802919
792560
838958
832127
1216407
848292
