800959
743048
663362
678703
676601
691919
688198
667733
670796
706959
718029
671563
712066
673483
721834
846562
698343
673558
709219
667642
672442
829044
793245
713848
737130
797855
705150
715464
812396
818113
887376
743103
821775
741503
815739
834988
730655
800267
764610
835011
749322
690024
724445
783365
780914
747387
770928
832491
804602
763299
731673
833490
824303
814509
804914
802588
835192
774879
691722
791447
869087
735309
795796
827341
763679
755635
791132
773089
785992
790972
741552
820925
735377
825297
888748
747168
648441
707809
694728
704831
762002
690911
693723
733577
748160
736189
693104
739320
753587
793145
816209
798529
669518
727963
798947
709931
739648
759391
961278
728745
826756
762474
727631
727111
906148
828449
722118
804117
830919
870852
829841
699078
718330
758775
811707
803617
794553
803073
822077
785314
766606
727097
785476
768160
808791
704157
811539
765121
699369
728377
776896
727997
675495
742332
808544
677644
759038
676795
759148
685273
836037
762531
833144
736636
843673
751864
750126
807694
808590
753058
829528
707345
797680
823082
810020
723180
