823185
749984
670758
685479
683512
698988
694969
674587
677214
714789
724644
681637
719538
681542
728392
854342
705290
680834
716215
675630
679540
836510
801581
721220
746071
804866
712137
723906
819997
827112
893649
750679
828904
748684
822893
841635
737583
807740
770816
842534
756767
696854
731434
790617
788762
754972
777494
841328
813744
770025
738307
840524
831664
821319
810888
809655
841346
781664
698704
800477
877011
742492
802716
834535
771061
762152
798922
780571
793970
797812
748473
827932
742734
832489
905680
753596
654878
714645
701555
711891
769039
697553
702129
741989
755548
743172
700288
745977
761837
800613
823156
806774
676981
735106
806014
717454
748589
768136
969273
735647
835291
771104
734244
734433
913222
837025
729033
811557
837808
877538
836559
706276
724948
766444
818145
810359
800090
810274
829036
792422
775582
734328
792579
775277
816712
711981
818709
771957
706475
736101
784097
734323
681927
748527
814972
684644
766164
683788
766116
691219
842753
769081
840296
746089
858732
760498
757572
814722
815965
760927
836844
715077
803613
830071
817138
731021
