3430585
3511717
3462173
3427747
3485443
3465466
3446853
3428221
3399285
3430172
3443415
3566790
3532629
3648116
3588932
3536701
3463082
3592628
3455169
3499643
3445902
3539828
3511380
3568000
3514675
3635809
3510205
3548983
3467294
3502724
3556608
3507195
3498787
3531148
3504288
3594774
3522708
3507064
3536691
3452344
3537395
3600905
3496111
3498394
3541803
3573689
3566954
3585860
3674716
3651586
3554768
3573897
3517919
3590692
3550254
3581195
3575493
3572684
3501638
3559639
3500642
3499616
3495375
3532608
3497478
3547619
3489722
3537020
3471148
3552723
3569685
3632551
3504400
3582256
3509263
3510605
3518247
3493612
3472829
3515543
3541844
3543130
3610960
3543729
3527817
3548435
3520521
3528210
3485314
3466865
3580561
3511322
3477521
3533765
3491658
3628453
3523774
3522990
3545183
3528607
3546789
3465770
3428454
3505711
3439650
3577572
3551194
3561171
3549642
3557583
3493789
3540304
3494197
3505736
3457028
3538319
3462131
3482133
3456838
3537679
3472250
3533868
3493049
3424469
3435171
3561903
3511941
3500997
3501037
3541802
3473138
3532303
3458241
3538050
3472171
3551229
3470657
3511958
3447761
3452504
3459416
3441910
3519451
3548594
3485599
3517472
3491136
3568599
3459781
3521560
3435283
3454923
3472911
3441844
3468154
3572164
