3438178
3535727
3471187
3435867
3493300
3476701
3454532
3440290
3408126
3438421
3451715
3575168
3540895
3669712
3596276
3543539
3470962
3599044
3463338
3506903
3453761
3547850
3518808
3578288
3521756
3641650
3517239
3554310
3484115
3509785
3565249
3514595
3505454
3542194
3520125
3602711
3530871
3513152
3543979
3459041
3544368
3608533
3503463
3505764
3548678
3582346
3574719
3593494
3682647
3658347
3561891
3580848
3525030
3598832
3558468
3588246
3585182
3581307
3508326
3565299
3507233
3511105
3502462
3540621
3504727
3553855
3497358
3563169
3479437
3559761
3577492
3639952
3511415
3589700
3516156
3517626
3525864
3502120
3480485
3523185
3549352
3551805
3618351
3555767
3535423
3565618
3527108
3536761
3493526
3473723
3587113
3519413
3484564
3541714
3498235
3636273
3530092
3529855
3552811
3537265
3554106
3473506
3436797
3513292
3447345
3586212
3559194
3567615
3556744
3564311
3501447
3547784
3502298
3513709
3466238
3545326
3468074
3489589
3464245
3544493
3479718
3539693
3499967
3430452
3443017
3567677
3520560
3508021
3508471
3548952
3479993
3540607
3465054
3546008
3482494
3559176
3476567
3518765
3456818
3459444
3466519
3448350
3532840
3556035
3494258
3523705
3499201
3575271
3468019
3528939
3442929
3462682
3480090
3449895
3476381
3579968
