120884
90264
116532
138894
75610
100162
83367
90254
74718
54509
85956
67382
68975
96816
83966
54374
85931
62724
68224
94134
97097
75322
84694
100217
119584
105923
87291
116848
90319
101090
87785
99252
95592
88030
82011
92425
138464
107817
113186
124013
117064
99040
96692
113346
86033
80196
82257
101390
171991
98154
123152
84603
97819
90400
103623
125441
102476
83924
88197
116862
106227
88877
100644
101216
103023
105741
168903
123358
101386
75106
100455
123498
98571
72661
94892
92905
90324
87339
113871
110365
127037
92747
97745
111918
107625
120975
94767
108674
87671
101675
124579
88212
86789
102997
93709
81356
95136
82293
113524
95918
81346
97983
109495
97972
101014
107136
72619
79151
106454
102538
99844
91726
80932
78388
115046
96705
90913
95575
116173
108144
147967
95987
104932
82073
84477
84183
81731
94867
96997
100233
114001
90650
82381
111849
157155
91173
108732
95311
85170
100052
110255
121330
90924
87122
90736
111049
101987
125090
106550
105660
113069
79444
80852
98761
90537
75966
