176998
143175
149625
172818
109564
132022
123770
129134
113837
88835
121113
101018
98030
135619
120214
78578
130002
86444
110046
127656
138858
102352
108601
120411
160016
124024
135815
151557
112853
150061
131968
119939
117664
126133
100054
128478
173691
138494
135383
148197
138581
126139
118961
135149
104541
121645
106218
127347
199138
118795
151766
115741
118885
120023
123640
157531
134321
123904
128551
140830
134374
122855
118206
128803
132939
125924
369040
146012
124471
100669
130106
155301
118490
100804
128222
116811
112761
126233
149895
146269
168620
112052
128402
137874
179131
151716
120742
139812
121127
123000
147966
113766
112162
128400
113834
99299
114812
104116
139222
114434
112831
131404
136300
119448
128085
128495
117563
96221
129959
132845
135176
117863
109547
103727
142500
116041
118421
136517
142239
141497
184737
123819
145708
109559
119395
113009
110163
123874
122866
122380
133452
871782
104422
142088
181374
125618
140433
125758
127161
147127
135139
154937
114371
113384
133990
137152
131376
163186
139725
127140
141075
105082
98434
123180
109307
99543
