4523940
4819175
4756849
4758317
5003161
4861374
4796707
4643986
4653972
5170342
5219319
5167794
5301571
5320259
5017442
5067107
5199055
4888101
5020879
5083747
4985140
5338095
5168453
5109516
4994645
5138613
5132941
5064628
5121094
5228641
5530565
5210425
5114158
5101103
5068330
5121782
5118183
5243575
5017358
5060337
5341407
5122975
5101942
5256546
5177994
5130581
5295643
5361040
5262801
5326180
5316002
5190056
5019585
5156632
5194515
5315139
4983119
4861118
5205126
5089472
5155926
5200376
5067561
5062230
4934096
5067640
4964926
5042011
5198276
5004818
5331686
5157255
5326467
4909553
5088907
4985920
5076502
5138358
5231739
5165959
5313333
4943965
4951212
4891874
5139186
5075971
4807670
4955551
4995699
5074509
5048010
5137177
5112912
4882954
5123795
5033577
4848800
4938867
4944268
5194341
5008967
4858070
5260217
5092044
4912540
5068470
4952170
5169037
5064344
5159046
5115826
4900594
5138664
4949602
5121662
4814389
5037931
4998622
4863083
5092049
4940966
5168461
5122108
4890703
4994849
4910800
5027800
4952912
4943802
4816213
4974827
5108568
