4607974
4869945
4809869
4824816
5058153
4901248
4844541
4697675
4707240
5221948
5262628
5202496
5350697
5365473
5072947
5109736
5254030
4940397
5077677
5140129
5022412
5383819
5225790
5166721
5047405
5175282
5173823
5116346
5181772
5272483
5581861
5262597
5164531
5136113
5123543
5187863
5155405
5299165
5053325
5100093
5380845
5179948
5159057
5295525
5224701
5190115
5350525
5411428
5311218
5373859
5351840
5243106
5081285
5211585
5243080
5364972
5036820
4913816
5251031
5143696
5205228
5256158
5115275
5098169
4985095
5137072
5019236
5092069
5249243
5061570
5373756
5212598
5379023
4962598
5141855
5027003
5129049
5190395
5292266
5215306
5362529
4974040
4989989
4943780
5176960
5127954
4855674
5009780
5050841
5124612
5097642
5192763
5168381
4917210
5173635
5089127
4909293
4983120
4998976
5243090
5043884
4909279
5318368
5131896
4960889
5115853
5018950
5217949
5116900
5217321
5167129
4954126
5186545
5006246
5175367
4855291
5095516
5058077
4924750
5142271
4989982
5206542
5169135
4942162
5041373
4984616
5078813
4990436
4996713
4875203
5025392
5161613
