26948
34594
43764
33791
33459
36975
33978
40491
35505
36480
36034
37631
38341
25770
27596
38933
36340
38482
36480
19285
22488
33268
33944
33934
32461
32430
21949
30295
23015
27037
18920
26419
21029
23755
26980
21384
21943
32328
22166
27477
34929
34308
22842
29659
18703
22143
38908
26632
23446
22250
19986
23526
19649
29487
19630
27764
48456
25002
46247
22287
28958
25371
33789
18935
19591
47076
22637
22820
46118
22833
49428
36118
36262
28886
21777
33936
30192
31923
39018
29237
35390
24313
36950
28674
40409
25092
21474
20151
30032
22451
25135
23803
22074
21314
27842
20468
56051
24968
19247
24405
32907
20673
31927
20050
29195
21603
30364
22037
24785
35288
19907
61249
21275
35892
22110
33727
33082
36066
36384
29566
41694
37868
25460
21451
35104
24316
35713
36125
19810
38262
38347
30573
36463
32863
45774
27829
26951
21480
25676
34533
41867
38600
35543
29361
28628
29305
29659
24443
18496
19042
21910
33732
24101
43714
35662
22174
