33890
42423
69072
41502
42472
46026
42815
50104
44238
50471
44232
46382
45435
30738
33292
47213
42923
51575
44550
29026
29006
42164
48635
45936
46282
42759
27315
43317
28449
32090
25623
36439
28354
28054
32710
32077
33818
39423
29345
34463
45524
44545
32829
36118
28190
28336
52063
33725
29006
31561
32041
39398
30276
35633
32974
35780
62511
31256
62221
33077
36727
33046
41433
29497
28689
56262
33010
29327
52908
37762
56692
43528
42377
37161
29807
42388
44084
37902
51262
41348
44885
32873
42367
40957
48037
30364
26446
32167
43973
28097
30353
30389
33044
26662
33903
27308
62827
30896
24796
591578
37532
32985
51588
25778
36019
40641
36830
26654
30395
42399
28072
66463
31914
42352
27545
40827
39628
45385
44133
36390
56054
46052
42934
33088
41430
29967
43248
41740
34132
45355
46290
37156
44346
41520
52459
34827
33576
35265
37069
41919
55256
54066
43035
37526
38634
40565
39926
31838
25470
25395
32940
38931
29275
52851
40699
30834
