123916
118178
104136
118545
118906
120216
119689
136926
104470
121058
118388
139029
134397
162464
117252
107635
111773
123873
105272
148105
127085
128742
115318
105958
136829
135232
115238
128179
108111
106584
172174
150516
115690
112638
115450
120855
113571
129786
121396
135842
109014
131155
114340
105880
110758
112254
110676
128428
139569
161075
108386
114890
111511
110748
152657
117466
136029
120661
122513
128510
135947
134245
134218
114700
109201
136667
136745
131157
103703
108799
111633
104192
108884
157277
119890
120902
116018
144648
124632
123935
124698
117623
123094
118012
107012
117254
109119
113328
119916
111289
113152
102874
117092
145975
140697
147628
119155
112489
156062
123860
107499
119075
120556
106291
149630
114991
115383
127785
110111
114026
137236
112340
116542
107852
101149
133294
140006
128697
120051
132615
118428
127541
125866
122600
127538
116057
108082
119467
116550
115947
114921
100686
112590
121229
126373
119246
119922
128349
103502
103285
129447
115764
121287
113166
108881
103855
106417
115016
104432
111565
104832
122132
122624
130659
105474
109369
