128870
144075
112540
127381
128519
128457
128516
144619
114317
130078
131109
147105
141975
171011
124947
115308
145322
129643
110379
162719
141453
137317
336593
111344
142512
143927
120449
134277
115971
111437
181762
157073
125306
119525
122560
128617
122251
135520
128927
142125
118277
137252
120321
111923
115712
119034
116563
132783
150441
165353
113515
124154
118203
116519
157140
129134
140834
138303
130809
144122
149520
144531
140164
121982
116145
144031
144507
138213
109627
116186
119687
117930
114878
165427
141697
626410
125819
152579
130917
131347
134286
124531
137210
128218
113328
124034
115008
117732
126377
117729
117814
108141
124202
150951
145748
153959
127054
121893
163891
135418
117018
128006
127936
113889
155710
120622
124714
142808
121008
121296
145722
120150
127174
116178
107881
138933
149586
135424
128073
141393
140793
140068
131730
128755
135621
121727
114320
521297
122949
121876
122806
107868
119794
128687
133819
127376
127045
136185
110432
109587
140128
124628
129075
125958
114961
110843
112829
123655
117053
116674
111387
129965
127714
135845
110990
117042
