2183491
2249768
2249694
2443198
2359493
2761292
2761590
2142283
2333515
2414199
2371861
2304320
3407076
2724805
5654326
3982766
3073580
2627384
2631066
2612010
2659194
2491590
2663005
2592746
2640687
2735067
2647022
2837215
2740056
2586024
2518607
2508631
2785003
2935722
2960468
2929042
3434219
2707344
2987159
2743768
2773314
3045808
2857993
2623888
3124332
2430066
2931592
2716764
3046400
3553424
2807737
2793842
2632880
2782089
3046664
2717222
2889253
2775076
2853116
3078433
2920878
2658266
2616705
2571660
2792471
2871186
2951483
2564754
2543615
2741482
2616477
3012700
2865499
2976647
2835100
3043033
2698794
2895076
2646763
2593890
2741163
2504715
2697376
2859519
2907517
3077610
3388048
3124250
2999505
2559868
2872162
3105262
2879602
2828145
2685877
2902754
2665138
3599906
3470260
2898339
2726250
2695012
2527896
2566111
2800308
2487145
2623122
3470266
2945747
2792502
3286324
2971810
2927031
2919611
2912062
2630241
2672953
2555047
2911266
2582682
2769939
3348801
2721186
2560323
2369429
2674285
2842538
2604733
2759148
2694639
2770874
2923065
2504395
2651686
2575956
2614125
2902721
2609264
2433945
2598767
2898447
2536009
2603217
3221294
2604615
2665617
2587792
2778218
2586943
3185951
2682380
2684821
2572877
2273419
2889169
2476768
