2196044
2257834
2256695
2451283
2368401
2768964
2768927
2148913
2340944
2421364
2378935
2316466
3411637
2733128
5664971
3992287
3080484
2633407
2637197
2617651
2666345
2498869
2670330
2599386
2652707
2742340
2655205
2843319
2746305
2592977
2525413
2515603
2793688
2942669
2967242
2935215
3439854
2713684
2993518
2750900
2779201
3051899
2864258
2630725
3134120
2437675
2938049
2722912
3119012
3568483
2813793
2800849
2649486
2789305
3053653
2724462
2896378
2781599
2859382
3087504
2927494
2665562
2623625
2577406
2799332
2876689
2962119
2571353
2551115
2748647
2623197
3021033
2873129
2982569
2841529
3049623
2704812
2902207
2653921
2600749
2749051
2511487
2703875
2867393
2913771
3083780
3396102
3132949
3005335
2567615
2880622
3112684
2886454
2834719
2691008
2909152
2670736
3606166
3476404
2908479
2732993
2702568
2535088
2573018
2808288
2493728
2629603
3476543
2953543
2810149
3294225
2977418
2934192
2924517
2917811
2636342
2679451
2566563
2918728
2588751
2776637
3356277
2727335
2565154
2376336
2681611
2848974
2611528
2765757
2702085
2778574
2929413
2511132
2658424
2583651
2620554
2908830
2616396
2440299
2605410
2905397
2543098
2610267
3233078
2610492
2673473
2594914
2785922
2593390
3192066
2689846
2690810
2579974
2280492
2895555
2491599
