1682640
1712566
1729469
1676181
1680492
1722581
1713612
1743838
1707638
1748667
1679457
1711889
1666759
1752981
1611946
1651799
1711748
1663248
1674251
1779673
1665383
1742132
1793709
1681378
1574975
1783623
1710539
1780556
1665731
1744638
1680110
1664660
1683918
1668977
1645804
1715405
1640415
1666964
1771388
1744338
1656959
1618359
1626574
1771373
1637103
1592032
1655111
1703610
1622627
1692733
1714425
1692304
1682161
1679217
1684060
1638969
1559289
1690457
1679255
1730890
1628677
1693918
1675456
1641587
1675773
1747489
1670231
1732932
1663521
1710821
1657998
1708363
1648347
1745640
1651015
1629020
1677368
1628644
1658183
1634187
1719749
1687333
1579857
1703098
1631193
1665580
1598996
1655235
1557413
1728291
1687133
1700723
1695304
1791113
1652315
1626131
1705003
1669662
1570598
1642164
1763947
1555909
1711141
1735562
1758545
1676836
1656152
1657953
1611373
1635387
1655934
1613502
1631937
1693628
1659261
1648931
1699001
1720464
1715903
1724064
1648018
1687883
1698173
1712318
1585140
1626202
1654617
1692566
1738447
1625619
1708777
1715970
1607622
1628383
1699390
1709658
1636844
1635421
1601583
1685496
1686569
1660998
1644948
1699861
1619254
1635581
1662837
1706717
1736805
1626437
1679779
1601953
1654922
1687911
1660277
1643769
