1690903
1723037
1758843
1685932
1689834
1733040
1723694
1754918
1720332
1759047
1687604
1721955
1676839
1764131
1619660
1660782
1720777
1674178
1682946
1787353
1676152
1752276
1805107
1690531
1582961
1797210
1721234
1787808
1674390
1755239
1689667
1674330
1692703
1679000
1658739
1728244
1649599
1673760
1780465
1754272
1665468
1633908
1636716
1780710
1646275
1600210
1666376
1713559
1633420
1702284
1722017
1700403
1691524
1689235
1693054
1650854
1572508
1700561
1687707
1740462
1641427
1707570
1684223
1657232
1684572
1760026
1680248
1742901
1673978
1720337
1666329
1727703
1658965
1758023
1660144
1639896
1687100
1639982
1668110
1644645
1728028
1696686
1589598
1713524
1639086
1673464
1606748
1664574
1567214
1737145
1698760
1710635
1707743
1800617
1662058
1635568
1716038
1679625
1579444
1651127
1773119
1566306
1721512
1749833
1767034
1686427
1664365
1669478
1619712
1642714
1665210
1622716
1641129
1703476
1666903
1659120
1709967
1730793
1724638
1733383
1657828
1696149
1710355
1722822
1593569
1636664
1668140
1703396
1756771
1635849
1723746
1725674
1617215
1637926
1706735
1718718
1646015
1644411
1610585
1696033
1695931
1671733
1654325
1707640
1628552
1644479
1673124
1720165
1744676
1636909
1696586
1612098
1663789
1697079
1669386
1656893
