3526454
3489575
3418305
3452701
3381550
3516241
3422936
3428701
3398169
3438936
3421042
3635567
3536540
3734663
3577249
3699848
3570364
3569555
3532668
3520588
3493127
3518260
3537294
3622888
3540295
3607111
3490475
3614151
3587296
3483198
3477458
3648035
3497217
3548395
3544831
3612119
3530500
3530044
3681071
3624307
3595323
3569408
3490216
3529721
3453882
3584758
3510156
3547980
3565895
3594240
3617024
3526075
3547428
3566789
3548466
3510274
3535510
3498369
3556871
3620849
3594138
3577519
3480959
3561238
3544735
3477440
3475352
3505857
3440923
3476855
3549778
3539487
3566438
3528509
3509149
3485495
3473192
3522378
3477125
3485230
3511001
3488302
3536233
3521209
3454175
3535425
3546594
3517401
3512509
3560727
3522975
3564150
3463238
3493730
3500609
3567824
3502315
3530750
3566648
3665051
3517049
3471797
3432468
3495457
3477119
3481924
3495261
3561147
3516349
3542448
3637411
3583776
3589819
3504728
3473582
3440680
3491320
3458238
3498325
3572981
3503546
3546342
3489413
3481014
3511881
3532926
3527778
3544976
3526344
3536616
3521180
3563738
3498066
3608505
3463085
3502409
3474235
3445840
3454785
3633342
3492514
3491384
3483953
3533613
3535870
3552264
3489117
3514086
3544107
3504055
3532399
3519676
3530240
3484558
3544738
3559265
