3532869
3498165
3426387
3463387
3407463
3524511
3431565
3437168
3405532
3447916
3429452
3642936
3549722
3745510
3583690
3706362
3586667
3576971
3540010
3528008
3499609
3529513
3545067
3629972
3552365
3615108
3497980
3621570
3594292
3490738
3485569
3655617
3504880
3558263
3558635
3619110
3544169
3536664
3690847
3632433
3603226
3577437
3497756
3538803
3461629
3591788
3515679
3554515
3575411
3599900
3623808
3533982
3554321
3578294
3555342
3518107
3542695
3505359
3563739
3627319
3601946
3585478
3487969
3567008
3552230
3487982
3482601
3512971
3448323
3485188
3557274
3551887
3573365
3535853
3515071
3491077
3479942
3530038
3483895
3491962
3518276
3496584
3543250
3528079
3461104
3543760
3551790
3525864
3520041
3567146
3530101
3571826
3471500
3501874
3508487
3582151
3509877
3538489
3574232
3673358
3523489
3478447
3439643
3502227
3484629
3489831
3501981
3573387
3523202
3549261
3644724
3591050
3597631
3510994
3482163
3448282
3498760
3464789
3507034
3581300
3511188
3553227
3498619
3486886
3519598
3540472
3534606
3552113
3533403
3544135
3527056
3570563
3505516
3615740
3473055
3509909
3480169
3453085
3462668
3640969
3499622
3501259
3491705
3540519
3544099
3559976
3496472
3521512
3551428
3511198
3539830
3526875
3537379
3492604
3554218
3566575
