1050155
1028854
1183099
1033131
1013031
1007849
1064542
1031985
1054085
1104328
1035875
1034646
1395213
1192536
1271000
1191640
1130691
1117946
1117701
1107758
1207458
1069755
1183820
1099820
1166341
1169869
1218753
1164479
1157729
1162815
1245012
1170873
1231985
1132520
1209128
1139921
1097343
1166576
1083728
1149099
1139632
1162606
1188777
1268587
1156542
1123283
1139938
1146679
1258644
1128642
1143984
1221129
1164271
1175768
1168397
1124017
1201618
1109410
1195372
1139156
1186791
1089041
1130757
1198035
1052946
1081588
1150054
1133537
1099510
1129593
1195757
1129044
1131458
1232402
1147920
1134509
1257424
1137518
1241880
1088730
1097957
1064316
1136494
1151103
1198907
1179350
1225701
1189591
1107810
1111200
1241396
1114271
1085683
1139611
1206715
1140493
1120554
1205245
1083224
1101347
1245650
1184910
1214354
1156430
1078551
1039996
1108385
1166614
1061480
1096475
1233431
1209977
1146369
1267567
1081952
1122080
1103803
1078289
1174999
1100810
1249532
1085677
1195693
1173699
1080785
1174784
1106386
1129785
1116400
1080608
1207306
1164033
1173651
1210177
1115812
1094537
1083612
1110973
1066973
1121808
1237895
1126165
1132377
1091600
1183477
1101211
1129671
1060808
1149882
1065829
1094574
1090784
1714328
1185721
1108237
1101160
