1085824
1052740
1203898
1052235
1028766
1023082
1087205
1053957
1077380
1126678
1057908
1053570
1409591
1211135
1285932
1208026
1150568
1131315
1140717
1124363
1225468
1084310
1199198
1118981
1188004
1190840
1233018
1187239
1177445
1177042
1271601
1191417
1249915
1149972
1226596
1154907
1112380
1190893
1106533
1170345
1158127
1175985
1207383
1283978
1173290
1144866
1160871
1169057
1279498
1149133
1161622
1241684
1179783
1195715
1187712
1140368
1222383
1122870
1213395
1152025
1199687
1111454
1151446
1216759
1070957
1097591
1170246
1154343
1120625
1171122
1211785
1144137
1144289
1246367
1175363
1150013
1277701
1157058
1262436
1105812
1117248
1078135
1154071
1170003
1210761
1197471
1244123
1203871
1123441
1124799
1261459
1134060
1111429
1154561
1230264
1160784
1136907
1218545
1101794
1123003
1266307
1206221
1233879
1172769
1090985
1055100
1127275
1186298
1080128
1110172
1248156
1231331
1166144
1285258
1106320
1139757
1123105
1093655
1198578
1120188
1266231
1106604
1213553
1187409
1097158
1187165
1126018
1149594
1135338
1097023
1226743
1177653
1194078
1230400
1129541
1113574
1100264
1130078
1081979
1138237
1255555
1137745
1154147
1107748
1203682
1120039
1153049
1073931
1175668
1085799
1116687
1109922
1734905
1202055
1129804
1117616
