315821
321476
290697
303025
326633
293182
296648
313054
323242
298844
301879
305641
317846
319871
416214
298077
303042
295759
340274
324225
314575
303798
323523
297740
337560
309491
411924
276335
298839
276575
312054
285900
298312
341662
286278
325476
302109
288908
296896
342746
300441
299782
365241
296363
284459
304030
291977
295173
351999
335297
320854
337404
314618
286614
267872
305189
294972
293732
325794
262228
296826
326452
302199
265055
275190
289214
318216
296909
264237
279577
332025
295961
288098
283119
315189
305135
308956
280977
293764
303704
282161
300985
338075
295916
299093
321130
332173
315299
286941
273885
271941
261384
258358
276762
284089
305319
284132
294726
290293
271350
260985
297830
300307
321333
275297
305336
287840
283789
260805
303114
308370
334329
286223
295024
281175
297687
283667
307863
324066
296386
292151
313415
291326
323376
289879
255111
271413
300103
317496
308390
321621
276225
307541
273537
300513
316648
319714
299269
305479
307022
303062
318256
301419
262157
271186
287139
289520
277368
264935
292876
261907
295654
299724
282671
282708
323503
