328224
336988
301989
315328
336246
301558
309514
321306
331494
308639
312340
315377
327677
328417
457932
306080
314052
305495
352441
333040
321943
314016
331603
308477
343398
318183
426699
282014
307036
282691
321670
292459
304597
349891
293009
334325
309082
296627
303416
349460
308708
317784
377509
304658
289831
315438
303794
304718
369439
342977
635332
343701
322854
294421
273251
313360
302856
300552
352358
272077
308471
338804
310488
275791
288037
298901
325918
311891
276989
291476
340950
304842
296448
293203
327077
313103
336972
288585
604600
309938
290204
307850
346965
309305
310209
343715
342327
322306
308433
284719
281426
267971
265337
291687
293073
320695
290496
300800
298674
282394
283943
304933
307439
330243
282504
316178
305731
289285
267815
315988
315008
343509
292217
303893
300313
306617
290058
314359
330964
306767
298020
337494
297602
330178
298097
266091
277469
308540
331828
315867
333659
284819
318395
281775
315482
327548
328413
307292
317970
315643
311477
326684
310307
271144
284154
295528
294947
285731
273904
299008
269666
301433
304971
289810
292543
330132
