3394461
3386053
3451903
3333447
3311747
3271205
3323638
3298481
3265195
3322595
3318223
3408650
3327008
3361025
3292099
3301467
3317643
3319913
3290498
3294365
3247670
3320299
3297635
3335486
3293196
3287565
3303437
3257677
3270405
3379469
3303286
3324487
3294296
3328705
3336827
3368963
3297387
3348080
3280597
3261268
3305433
3321226
3324579
3313963
3289457
3304430
3300820
3265662
3320248
3321402
3283890
3297446
3283223
3302614
3300688
3297164
3275528
3295559
3299981
3363803
3281245
3329372
3280017
3377276
3304103
3401155
3323434
3314975
3325217
3265976
3309592
3358283
3332640
3347363
3282094
3311342
3288904
3269276
3266916
3296018
3314521
3287104
3284936
3344957
3278907
3284824
3297600
3351185
3318745
3353546
3310423
3298912
3333192
3279975
3254369
3311698
3374363
3316867
3300876
3313753
3285529
3296728
3270876
3286532
3317941
3288760
3279350
3287447
3299000
3253854
3297827
3256421
3260177
3297112
3303810
3292801
3274380
3315703
3299679
3276891
3313341
3286103
3270833
3301130
3289018
3274339
3289963
3258975
3304711
3307730
3346387
3415539
3312928
3369198
3314180
3289440
3295683
3330759
3337009
3325525
3232586
3302499
3310519
3379119
3311725
3333049
3304848
3296449
3315541
3286120
3289356
3284648
3298742
3329087
3325241
3299330
