3401936
3410727
3459795
3341493
3319528
3279504
3331808
3306597
3273553
3333747
3326044
3416794
3334657
3371548
3301087
3310154
3325243
3328316
3299204
3303014
3255391
3328574
3305813
3343676
3301758
3295572
3311314
3264507
3279927
3387984
3311347
3332650
3303070
3337481
3344872
3377000
3305374
3356645
3288232
3270729
3313978
3329055
3332961
3321909
3297193
3312728
3309275
3273263
3329862
3330237
3292333
3305093
3290847
3310728
3308031
3304765
3282676
3303386
3308731
3371959
3288709
3337629
3288050
3387887
3312183
3409186
3331239
3324197
3333483
3274153
3319330
3366183
3340475
3355540
3290360
3319293
3297246
3277498
3275005
3303813
3322228
3294755
3292501
3352760
3286935
3293048
3306085
3359077
3328159
3361394
3318522
3306778
3340888
3287526
3262126
3319307
3381343
3324549
3309141
3321939
3292727
3304178
3278868
3294612
3325927
3297024
3287537
3295359
3308698
3261845
3306627
3264366
3268175
3305904
3311566
3300893
3281815
3323614
3308153
3285444
3321162
3295732
3278302
3309652
3297011
3282187
3300346
3266758
3314108
3315736
3354334
3422891
3320518
3376351
3322121
3297054
3303603
3338694
3345588
3333449
3239778
3310523
3318549
3387164
3319408
3341328
3312805
3304277
3324418
3294594
3297440
3292591
3306758
3337260
3333456
3307298
