280280
364841
251002
222889
278826
348315
334142
296272
245573
269944
237652
269560
628229
323913
599805
481709
425748
409511
302574
371324
373078
259799
303295
290271
368778
309602
656909
304091
313302
328600
433804
305953
325530
339658
264828
291224
622102
418757
414245
283899
426798
273782
464413
241348
286213
295559
450452
313962
599683
378880
611582
261266
377811
304519
411307
318215
380341
333121
272762
332546
548213
338272
340319
286652
252551
289721
327075
312284
266541
269629
273042
291980
407760
286011
302304
321362
331496
337358
310661
375737
296962
356761
360761
266597
345932
318330
379604
351989
329281
244650
231021
268020
275287
273927
303084
271194
756619
222797
411963
546962
313706
257364
259013
278737
295744
236786
357531
279277
488010
306633
386597
363983
319474
292342
453955
326286
266423
321464
235728
275240
499291
291786
395143
245127
314768
228917
361889
327224
304625
254556
229455
265796
272022
293436
308470
269311
278349
252261
251038
300518
267880
229116
269603
240249
409980
272931
383628
271312
310581
244316
229073
277662
224459
363045
356649
222479
