295876
372301
257640
230092
287130
355158
339992
303016
256341
278947
245794
277067
635209
331094
606679
488984
432218
415220
308629
379685
380389
266412
310541
297126
375477
316459
662539
313876
325215
337290
440387
313005
330699
344705
270983
297451
629155
425453
420991
296401
433131
279897
471150
248202
292839
302736
457597
321111
606182
387135
619372
268490
385495
310711
417164
324602
387003
340917
280472
339181
554342
345117
348912
292900
259058
296859
334322
320251
274205
277308
279625
299023
426350
291685
310925
328998
337609
343681
318194
385093
302129
364181
366990
272644
351288
324652
388562
358799
336552
251331
240697
275131
281258
279745
309823
276609
768718
228928
420916
563661
320412
263640
266657
285364
302074
242703
364347
285170
495611
312463
393725
370800
326193
299863
459979
332426
272054
326564
242435
281322
505529
297944
404879
251307
320205
235763
369932
334872
310630
261121
235768
276871
279245
300274
316183
276382
285085
258080
258198
307124
274775
239353
277020
246285
418550
279563
389064
279339
317707
250074
234801
283689
230439
369433
362912
228790
