44880
48456
72734
48719
64092
74592
76605
66067
75142
73280
73956
65032
80021
86078
80757
60426
69183
70285
87194
75135
75214
71899
47378
46048
66125
47758
71232
75724
84937
70423
71446
34064
84216
75899
51626
54710
79480
86440
70480
60979
51498
66369
79907
71977
81181
50784
73252
59354
42436
75540
66910
38024
74666
68892
62120
81811
55103
60426
73923
78675
77179
78781
89331
77032
89522
75203
87720
68949
45256
90212
60400
71117
92813
58365
49429
74120
77389
73840
55313
74138
71428
86530
68960
75535
44533
73821
74166
78704
84535
56390
58834
86714
49911
45758
59726
70403
68410
56148
82623
82054
64921
59546
74564
47207
75835
70966
79884
62932
85950
62765
102944
67835
72569
64329
71645
68810
68651
57304
70833
74064
43664
69715
58180
44156
67543
61888
61000
67064
97516
46371
74296
83371
79936
76248
43071
71972
71636
82945
57878
61730
70467
55172
83127
76725
67592
70378
59341
76805
71064
65523
61320
68170
61914
79689
77094
75406
