63901
55805
80070
56864
70694
81867
84042
73877
83013
81868
82261
76786
91555
91505
85598
70024
75788
77309
94167
82528
81888
79276
54953
54066
72961
54391
78652
83306
93473
77838
80754
41539
92686
81851
59468
61019
86356
93779
78221
67208
58030
73660
86881
79115
89354
61117
81005
75414
49534
84273
72326
46247
81983
85221
68780
88016
62117
68180
80653
88611
84811
86276
96513
84403
97937
83720
95355
75624
52390
96416
68860
78800
100473
68459
59365
80188
83702
80970
66533
86398
77746
94440
77173
82347
51477
82506
81631
85854
91902
62107
67292
93731
56360
52701
67406
77369
76322
63087
86715
89808
71048
68786
81885
58026
84690
79550
87362
70363
93879
69603
110069
75845
79435
71210
77465
75189
77378
67482
76939
80922
50938
77747
66205
50579
74526
69324
77018
74325
105584
54474
82396
90035
88839
83388
51800
84138
79843
88790
65847
68617
77472
63522
90182
84293
76005
78202
65766
83533
78249
72111
68756
75729
68471
87673
83823
90314
