4849157
4943475
4955341
4711578
4776744
4593780
4781159
4946985
4534762
5309064
5361603
5445316
5315110
5349182
5339894
5232381
5106810
5258853
5367514
5362703
5633681
5183019
5251821
5222589
5041788
5389100
5211754
5292117
5592447
5363129
5661111
5508358
5429689
5230644
5394356
5312053
5129780
5167604
5520718
5282431
5575623
5320180
5401593
5311716
5186495
5336035
5356015
5362934
5290463
5424492
5458487
5381650
5192602
5082432
5257075
5173080
5297093
5169956
5198046
5259044
5122285
5433691
5152148
5337716
5374060
5425495
5215540
5226613
5218473
5196714
5166157
5374950
5109172
5023725
5137868
4923035
5030580
5319831
5076610
5243831
5337706
5293243
4920148
4958284
5045696
4988130
5139181
5444417
5380905
5208510
5024880
5165908
5155684
5204740
5136947
5136373
5098243
5191563
5288082
5378989
5115446
5296466
5341953
5216706
5238428
5137538
5337226
5179235
5331920
5238093
5186352
5289425
5181510
5313163
5130416
5175058
5327662
5276831
5246388
5087809
4945465
5090884
5020977
5208018
4939004
5065451
5269284
