4902478
4997948
5008146
4782032
4837063
4657915
4835035
4996353
4587223
5358302
5413198
5485482
5356047
5410810
5388540
5288948
5152779
5290675
5404749
5407893
5693780
5214115
5282078
5252401
5078394
5423668
5239539
5327963
5630183
5419907
5711014
5556933
5488897
5270914
5432158
5345433
5156733
5209162
5591821
5327753
5614678
5368080
5437667
5350079
5234420
5367223
5396118
5425083
5342506
5474759
5516067
5416002
5234657
5149373
5294034
5233236
5333232
5217485
5234370
5310478
5180932
5483727
5208953
5410932
5421007
5481822
5269107
5277732
5805066
5245862
5218773
5431284
5143272
5063023
5174590
4963337
5084276
5360160
5120345
5291457
5376368
5322888
4961157
4991615
5090282
5037478
5197087
5472757
5418645
5239511
5070231
5193333
5202973
5245088
5190271
5356133
5143438
5347712
5334264
5441714
5151092
5348791
5390444
5266539
5290095
5179348
5373059
5234687
5364102
5283374
5240336
5328930
5230454
5365360
5187558
5215865
5363640
5327773
5292627
5122763
4984240
5130533
5058549
5243313
4982487
5101826
5311931
