1661462
1550534
1306688
1470264
1231089
1382159
1292670
1334269
1315674
1211622
1334960
1314461
1860062
1531932
1474785
3605390
1934221
1707658
1692230
1616456
1591381
1590996
1534507
1737664
1858054
1675887
1999778
1774576
1822854
1887105
1586769
1753382
1546139
1850998
1937918
1643269
2247452
1861347
1796921
1832471
1948356
2127446
1999081
1854849
1997420
1914617
1733454
1878337
1796704
2075235
1845936
1816815
1703371
1993885
1885684
2034898
1785575
1817171
1786044
1733884
1880150
1534694
1597927
1793149
1577668
1852353
1723464
1581793
1653114
1694617
1622940
1700935
1846422
1751017
2018149
1925046
1692402
1663243
1676484
1611594
1835649
1820004
1596288
1675583
1933964
1675261
1869439
1678971
1836667
1932777
1652221
1611066
1864151
1871093
1749585
1950254
1876408
1934982
1709488
1806888
1774169
1860350
1714544
1514044
1754998
1543878
1668157
1801068
1817331
1823788
1850974
1851811
1945444
1792520
1687443
1847055
1761695
1851086
1746518
1657412
1796786
1821479
1775404
1916541
1554086
1861517
1572713
1681138
1681412
1497378
1600425
1766987
1612797
1543203
1731907
1624314
1685053
1698763
1486193
1548793
1676041
1511089
1651926
1659117
1675414
1492633
1565776
1454128
1447369
1511686
1457592
1381197
1539303
1380767
1471381
1396507
