1669053
1576765
1314510
1478653
1239834
1390462
1301224
1342897
1325666
1219568
1343863
1326032
1866530
1540531
1482679
3611525
1944242
1715867
1700744
1624175
1598403
1598153
1542056
1745181
1865988
1682258
2011473
1782055
1833567
1894135
1594798
1762582
1553284
1858304
1945243
1649389
2254345
1868429
1803714
1840710
1955216
2133794
2008610
1860385
2004482
1921629
1741139
1885640
1804633
2084443
1852978
1823976
1710731
2001927
1892260
2041782
1792780
1824016
1795572
1742585
1887846
1542189
1607622
1801178
1585396
1860553
1730472
1588854
1662577
1701476
1631274
1709141
1852543
1758796
2024625
1932243
1699705
1669182
1683555
1618900
1843918
1828110
1602899
1683552
1941548
1682900
1877273
1687952
1843648
1940273
1664847
1617267
1872600
1878088
1757060
1956212
1884693
1941820
1716523
1813750
1781717
1867689
1721888
1522079
1762975
1550942
1676674
1807815
1822746
1832123
1858161
1857325
1951179
1799642
1694614
1853993
1768146
1858432
1754135
1664951
1803105
1827946
1783633
1923444
1560544
1870881
1580580
1689257
1689887
1504832
1607090
1774507
1619111
1549837
1738176
1631411
1691749
1707274
1494095
1557471
1682690
1517813
1659699
1666642
1685338
1499857
1574136
1461160
1455356
1518876
1465638
1388988
1547512
1388706
1478891
1404628
