58300
78440
68890
67797
47805
58039
91345
49307
83155
47581
62507
70985
46192
53879
59823
30476
75002
61191
65555
66919
56232
50321
55608
40316
69984
106463
49690
54492
53002
42103
50388
48769
65422
79067
59404
36174
38296
64093
66388
53471
49420
63619
45797
41351
44451
37562
49980
59637
55250
60056
65483
65484
66382
53459
48589
53802
73593
59102
75944
54049
62363
35341
37120
52147
45424
77759
46264
74294
59066
65942
62060
70867
40043
48241
78134
37816
34425
57408
58947
73269
50549
57549
71278
50732
41822
43946
49440
56927
53817
42419
51003
47647
61334
38552
62647
47597
57904
50603
42124
36648
58656
31041
36704
58911
55756
56589
40542
38751
38653
44508
35446
50592
66415
47099
51173
76530
60146
67144
57562
58877
36205
37746
65220
56840
87422
47158
47199
52530
72947
44751
58658
49458
42700
61989
78466
55412
53679
89205
68859
71935
65083
50870
71585
64830
59721
67349
36489
45105
67188
45783
38351
56336
42038
40561
50381
55195
