202025
231766
229825
224894
196084
219482
237036
203710
232445
205234
220835
219417
184476
187295
200045
179727
753196
191138
189305
506701
184563
192639
215003
166580
208647
233618
183441
186239
187597
182636
182827
173576
195958
240518
209310
208043
200139
196072
225468
174643
188457
207870
187303
158274
162624
190603
178706
189484
200068
171641
213452
198514
181854
178966
180565
366518
223154
209244
216835
183126
194903
171823
174710
180698
162352
218053
197444
223750
200064
219827
201429
193712
166745
195451
218208
184220
183282
188656
190360
235728
212649
196890
214643
161963
200596
181540
170348
188665
165466
157888
189059
173421
197098
178297
182000
183488
166766
155247
183813
156540
190647
205691
155101
185529
180850
192508
196429
156263
168498
156306
156618
184455
207556
182821
168023
253452
210855
197316
187722
195564
162790
488791
215476
195716
228814
183620
180918
178960
214180
186556
199671
177325
176506
205391
235469
197486
216584
239151
239560
198081
198505
181353
225972
232537
199262
788494
152619
162766
213459
179428
161333
173512
179548
183515
183024
183548
