30704
29114
30292
31568
29290
39707
32245
27714
22319
32708
31151
31256
28272
21108
13960
11366
25446
21891
22519
26599
31493
30583
26849
23584
28130
15117
28697
24803
15031
22466
11785
12613
16499
14820
21967
22697
24604
18594
11933
18912
12607
13309
25415
20133
21383
19000
20297
14206
16056
19828
14415
13334
11786
13911
12709
20886
12986
15553
30493
19159
16594
22682
25449
13306
29881
21533
14104
20179
36177
32498
16594
12949
33935
22518
30986
14842
32676
25962
27631
20358
31626
32145
24215
30109
15469
24917
31387
12980
12466
13406
30730
14973
25087
27881
18082
15094
16469
15352
17543
14467
18900
23651
25144
19822
36051
22025
19851
11658
22517
28128
20038
11573
26222
16569
25788
13706
30231
20221
33665
25314
37104
26090
14506
15039
28368
27146
14189
39715
31485
21070
24343
26639
20209
21520
26656
22671
27008
20794
19790
19820
31320
20032
25324
21975
13566
30322
21316
21697
16502
28014
16545
16477
11262
15690
11991
13811
