55605
38583
39374
40652
39327
50406
40798
40225
30435
41823
40727
40252
40013
36776
21758
16534
33262
32250
31426
41830
39348
45335
33689
33261
36530
28587
33764
34086
20248
29725
17190
22673
21629
28558
30417
27794
43180
25160
24586
23303
25283
19436
31180
29629
26675
26630
25226
22572
22140
27135
18906
25642
17153
18190
24134
30820
22080
33534
44956
24514
24473
36594
36775
20470
36691
35324
20607
27085
42057
41034
23572
20348
44403
32166
38167
22371
41032
30595
36723
31410
39922
39479
33200
37593
25174
34064
41139
21021
19660
17958
35720
23534
29246
34076
29051
20674
24162
22207
26412
20820
28888
28271
30217
25808
42290
34125
25161
17005
29557
34660
28712
16448
33074
24124
31887
20750
37670
27528
43532
32387
50490
35417
24118
19631
35020
36886
22216
47515
40458
28393
32598
33446
28980
27068
33655
28881
33788
32608
29230
27598
38387
26470
33460
29235
708238
37869
28251
29176
22544
34082
23118
26059
19647
22138
18155
19589
