4351616
4462497
4401874
4510403
4546834
4501126
4373258
4383049
4438090
4423928
4629683
4687799
4528951
4586499
4406851
4421267
4562960
4508998
4548400
4389589
4608063
4609466
4451345
4478441
4427458
4502954
4420954
4399932
4410102
4456572
4496529
4530594
4414678
4400530
4491291
4488010
4533513
4323330
4626380
4317374
4540476
4428395
4500688
4507258
4426266
4434281
4436191
4452593
4537163
4539471
4507099
4507847
4495420
4606582
4572418
4414689
4513811
4524172
4501070
4437306
4392147
4461582
4536605
4562949
4513793
4488778
4440232
4492480
4377580
4420555
4473325
4539627
4486847
4485983
4744781
4458254
4526148
4645912
4396985
4639638
4445890
4456697
4599846
4446725
4409445
4471848
4571091
4552985
4498791
4351422
4499675
4461753
4484348
4524965
4430608
4469006
4615625
4554018
4416754
4358769
4545256
4400053
4490193
4510676
4415517
4431352
4446410
4351047
4402678
4494365
4494555
4508227
4605678
4626474
4401865
4475220
4420128
4701017
4518723
4555125
4604127
4408388
4478831
4580749
4491149
4423135
4450112
4454165
4511530
4602680
4421431
4545997
4319930
4367505
4318763
4465412
4535232
4443996
4496759
