4422207
4517767
4454146
4563875
4600184
4543168
4428821
4439124
4492615
4466156
4671825
4744901
4581592
4643754
4460339
4474607
4617557
4561529
4605280
4434606
4661942
4662551
4499440
4528586
4482353
4547081
4472891
4456655
4463776
4514215
4571966
4584538
4470196
4453291
4552967
4543588
4578511
4372938
4682094
4372972
4592360
4476973
4556256
4561349
4481864
4490214
4489558
4511314
4591742
4594257
4560962
4560768
4554985
4674368
4628321
4466856
4568317
4575985
4552673
4489092
4442931
4520343
4587154
4622465
4565925
4543520
4496745
4525495
4440109
4473005
4536679
4591683
4538396
4537545
4801075
4520303
4584907
4698849
4448554
4694497
4496101
4510794
4648789
4498242
4460794
4518619
4624278
4608070
4552904
4400832
4556203
4513167
4534479
4583331
4491354
4531613
4669238
4606058
4469930
4409010
4598410
4454276
4541675
4562301
4466290
4485144
4498391
4406321
4458815
4546372
4549726
4561972
4654585
4677165
4453482
4526815
4472665
4756042
4573602
4610981
4655919
4461854
4543249
4637722
4527452
4470585
4505514
4508994
4562307
4657895
4473726
4595936
4370057
4423752
4369670
4518398
4590523
4501213
4555278
