2141895
2136586
2215268
2273141
2292936
2186541
2402809
2394214
2430766
2361119
2146003
2186452
2343275
2473065
2363235
2347356
1977328
2360235
2369355
2478139
2434533
2409776
2282494
1951223
2518652
2450164
2509770
2126698
2138605
2263439
2250488
2479573
2193006
2374410
2368986
2191172
2269120
2418659
2443447
2337179
2011357
2135168
2195346
2285788
2418032
2480450
2113749
2357165
2442692
2468388
2323742
2295630
2473868
2310442
2194819
2381298
2290924
2179951
2322805
2380756
2293571
2261332
2131086
2157231
2344917
2208682
2384621
2474862
2482553
2214857
2322665
2066385
2171320
2009678
2222241
2286975
2258159
2207618
2186394
2101087
2396867
2537067
2500312
2044939
2279546
2284322
2310733
2235705
2132692
2208657
2361891
2287125
2292076
2140139
2169615
2471662
2458335
2382150
2223507
2045926
2028981
2217172
2339496
2239504
2464309
2367785
2464931
2464586
2402765
2415180
2444775
2423794
2380860
2366846
2471631
2430122
2454524
2390517
2391749
2328395
2424682
2529827
2476929
2125016
2363528
2279438
2380594
2158891
2421410
2283956
2251194
2277473
2236827
2360834
2167736
2301847
2128942
2391148
2400977
2314431
2185874
2249229
2320981
2294988
2242902
2410637
2279345
2435044
2352258
2444869
2403817
2434354
2322890
2451855
2363164
2388484
