2155295
2144455
2223238
2280672
2301110
2196778
2410253
2401235
2437935
2368415
2155000
2194089
2352547
2481375
2370508
2354638
1985090
2368005
2377298
2485591
2441564
2417202
2290178
1959231
2525698
2456362
2517638
2133598
2145737
2270340
2257233
2486844
2201458
2382682
2376447
2199370
2276259
2426749
2450806
2344372
2018543
2142267
2203021
2293505
2425288
2488376
2121627
2364174
2451871
2478991
2331507
2303579
2483195
2317581
2202203
2387894
2298309
2187113
2329606
2387484
2299506
2268862
2138139
2164995
2354591
2216566
2391941
2481683
2491769
2221915
2329885
2073717
2178340
2018175
2229808
2294554
2265730
2214582
2193546
2108584
2403242
2543984
2507279
2052691
2286580
2291496
2318752
2243325
2141465
2216080
2370270
2294306
2299144
2147483
2177490
2479597
2465649
2390104
2230278
2053248
2036127
2223557
2347170
2246301
2471428
2375025
2471584
2470905
2409379
2422069
2453364
2431089
2388795
2373918
2478485
2437945
2462683
2397630
2398836
2335795
2432264
2536896
2484032
2137029
2371328
2286201
2387634
2166037
2428604
2292754
2258679
2284758
2243120
2368081
2175153
2308604
2135023
2398534
2406778
2321708
2192587
2256417
2328157
2302511
2250024
2418356
2287951
2442738
2359994
2452762
2411499
2441660
2330397
2459156
2370543
2396222
