119551
105441
114794
126356
132585
115632
124758
117372
116625
114816
119202
116714
133739
136070
117492
107963
105862
104527
131038
115407
114705
110719
123457
107342
154160
137540
238539
151920
153535
120364
115430
121318
174527
144724
107430
108599
157831
162250
115904
100511
108763
116128
151511
134808
141779
120388
119862
153533
142673
156183
128593
134866
136852
116130
116865
113679
108287
141848
117987
104027
113568
119060
122512
112998
118129
119833
116226
121662
130014
133279
119048
120865
110119
141019
117563
118404
127471
118321
128937
136585
122436
108239
101973
131875
115881
144786
110216
123004
131043
105561
109843
146017
107570
139973
105189
152101
107761
116968
106992
143959
112633
120251
119184
102254
104971
120264
106082
106535
106103
113197
103669
184589
177492
110740
108837
120281
115213
121542
160417
112520
113978
101115
120134
115189
117067
100355
122116
127236
124610
103785
116087
107888
103573
115537
114135
132333
110111
101713
112687
131817
101405
107822
147365
117919
121349
110024
132429
118454
144756
113271
112739
111524
120120
116952
106516
126549
