129526
128825
122709
134546
141240
126611
133638
125581
124632
123765
127572
125549
147813
144318
121908
114075
113005
112263
139845
122536
125463
122077
128891
114946
163423
144913
256258
161134
830558
129717
121704
132756
186575
151920
115480
114017
173326
167692
125615
105849
117297
121182
157799
146085
155453
126831
141980
159263
148477
162448
136129
155567
144969
124027
122359
119550
119646
156375
124552
115797
120253
131755
129477
119054
128150
128221
126881
135110
136829
138407
124784
135159
130174
149377
123237
128973
134882
128928
135679
149676
127518
116305
108244
136562
125362
152769
121152
128746
136484
120857
115643
151664
112320
146874
117018
158198
117030
121287
113423
153466
119640
125198
124116
108186
113334
127719
112918
111663
122611
119981
113446
189792
186363
116479
115964
125076
130606
127404
170399
124188
123236
107795
127758
121516
125942
105120
128850
170130
131186
118625
123112
114867
108835
125197
121193
139332
118781
107974
119756
139250
108978
113603
558603
126019
135159
126681
138097
126423
150497
123267
121740
124134
129059
125929
113002
132350
