468637
396643
420313
433466
433161
383760
439115
386816
370885
453879
406419
399092
424688
409244
409001
447977
425370
416071
436248
371483
417503
394326
420802
387222
460619
370891
437441
389876
414421
369043
366023
382773
408614
436540
437542
400544
394404
427445
432154
366852
423193
385467
391710
450696
392244
401856
418443
405498
385490
400669
393898
382110
387376
370453
395985
423903
407898
433129
413575
387555
459109
394484
423265
385940
373640
373254
401634
436510
432165
372399
407357
387062
365941
385630
380336
426411
424524
400612
406523
440160
371710
372109
401902
388303
354536
376338
443440
400611
366010
431922
366112
370207
379271
421379
368689
386995
386185
374323
426533
396096
393472
425244
424540
450017
361867
416410
399998
348870
375422
412140
424224
382751
395324
396966
423721
375955
379352
381333
377390
369394
439360
391728
374941
381667
371955
373873
373766
413088
386196
389284
372549
395177
405772
397212
414651
413206
395980
408436
371736
360076
361536
413258
401838
411936
439985
403327
365241
396731
420901
380623
368681
411623
376235
386063
397373
379092
