580293
513940
526047
545547
530976
507238
560484
509640
478070
571432
520446
511438
513534
507634
499401
545214
524919
520235
536221
482102
555176
506838
529885
507579
550977
494691
544369
518451
527638
476846
478501
501256
521140
556610
562383
514416
517527
540489
531928
474414
530653
497693
514051
553143
510775
519556
530024
512092
489091
534525
519910
492347
493404
484680
506812
547511
507160
548076
538727
501868
550701
498686
527734
499841
485226
494876
516189
547988
541658
498082
524824
512623
462196
509736
502135
532492
545151
515044
567134
547870
486448
482026
505629
501721
459948
502249
531826
506875
466906
548118
486420
472313
505688
517832
474189
510353
499196
489668
532277
496925
482634
539780
548967
561944
475057
529181
517123
460284
470853
531041
543411
491700
508493
494938
545915
492667
504158
506947
481630
488259
542278
517942
486124
479361
455200
495150
476059
546614
476499
500170
505859
503309
515739
516234
518303
523374
512030
523005
472558
477514
474172
520858
506087
505490
567174
516877
483011
547537
543808
488355
485964
510447
502729
488300
529838
485184
