786831
765449
803907
842269
851367
825579
848726
767489
806774
911414
803629
790005
1018834
957607
938685
823832
927436
919692
891793
871022
847108
884756
896690
888256
898171
898160
882821
892468
884739
877512
894109
792162
800384
945855
882119
874402
962018
853332
869017
872873
855671
932929
823216
848170
878537
819858
868319
860227
1054816
818014
827990
814456
821884
883389
818407
899148
841339
838620
904690
868286
933105
848144
868421
1057545
837223
870504
862037
921464
893916
877387
850243
818334
873271
892336
874981
845830
841195
796570
935659
888427
890244
800611
869351
891998
905812
862535
873935
873832
845629
850150
852876
928573
870693
813883
863532
920913
875274
831657
845344
901473
876381
876162
924138
857168
840121
917043
867468
907313
1033625
857554
867832
836378
865998
794037
918087
925172
894883
837853
905857
841205
945694
915079
905246
852082
862607
850311
853180
809897
853172
852930
841659
868310
836522
884090
906613
782649
889515
908703
922204
846143
835153
872227
840738
812033
972145
884932
842262
866833
842477
845355
872309
811605
805269
825711
859537
829237
