796143
793833
812498
852617
862622
834586
858474
777735
815450
921042
812294
800936
1032338
968189
945659
830563
935060
925772
903033
884246
853427
899820
903119
894941
914618
909710
889827
897246
891251
883834
900035
802046
808526
957022
889212
880344
969081
861226
889265
883685
871413
940957
856194
855774
886993
830190
878110
874723
1061169
826369
834190
824372
835128
893724
825639
906706
854796
847380
916403
878034
942449
854254
878499
1064690
850897
879466
882616
937243
908883
886142
857675
845131
879826
901311
885970
857248
848652
802640
947109
900319
903003
809198
875424
906963
927034
875678
881420
880657
854886
861210
872240
937459
881114
820240
870427
926397
883226
843032
862633
918621
882659
884844
933916
875321
850478
923626
874158
913069
1043010
878632
875362
844415
875649
801566
924796
934567
912029
850284
913557
849219
953091
925241
911230
861603
871485
857363
860237
817950
860844
862045
849479
874922
846360
893410
914511
796728
921835
919799
929474
866154
843764
883122
850437
819179
984894
892648
854411
889607
850265
853413
888493
820531
818456
832277
866982
840141
