21021
35609
49381
38472
38994
34366
51140
36688
35077
37150
36924
34305
43514
32569
26925
42456
38345
33160
33896
35631
28599
51830
19265
30014
24891
21603
26817
45800
22732
21234
20310
22507
27032
27043
34655
34933
23048
33105
23150
23216
31299
30721
20166
24528
25969
19628
30103
20618
29693
42109
23098
33409
23542
24344
37996
29834
45114
45170
36618
35544
34808
19704
18979
34159
32728
38358
24158
34645
34182
27958
36954
31133
36783
33590
34299
38355
40589
44822
36238
34837
43798
26876
37128
31026
25948
23314
34576
25201
30203
26229
21449
33155
26008
30015
20724
20294
25577
38453
29191
36724
31081
45459
25397
19459
27051
26437
28037
46195
23223
24304
30725
40654
33101
21303
22525
31598
32782
42078
27800
34194
20985
48715
33396
32284
33517
50483
54426
34358
38238
19853
46315
26762
34635
37463
19089
36038
35722
35477
25793
39648
23300
45666
38364
27622
29912
30225
21697
19464
21010
20246
21547
19912
22585
19962
25097
20218
