42823
43403
58824
47139
47855
42471
58469
45475
46831
46124
47430
42226
52005
40687
32760
51221
50472
38739
41429
41958
34754
57304
25583
43191
30655
28347
32777
52947
28737
26698
27403
29065
36926
32007
40472
48491
29742
40336
28192
30555
39282
37264
30692
31080
36892
25580
34716
26956
39104
53041
29390
39458
32668
29719
50550
38799
52921
53188
44053
42872
41292
34948
26764
43803
40548
45895
33777
43459
41723
35587
43027
37994
47584
47809
41111
51345
47470
52649
41703
50104
53312
34806
45084
36918
36168
31169
40754
30703
37363
32312
28770
39263
32729
35811
27215
26653
34754
44743
37099
48847
37740
50897
37085
30543
32943
31321
35966
56291
29241
35072
35928
49408
38552
38174
28358
37507
39430
49758
39178
46343
29043
59667
48603
41802
39913
57931
62505
41823
44618
29171
54558
37533
42027
46150
26909
44032
47906
43390
32817
47316
33889
56231
44974
36301
38690
39403
27466
25486
26372
25631
26909
27886
28845
26055
32624
25491
