3799354
4036248
3928867
3747846
3743931
3537257
3499027
3936427
3709238
3510175
3506518
4068156
3801870
4636306
3788730
3834994
3854916
3763728
3616272
3726953
3646204
3658222
3871314
4090382
3970898
3881085
3946032
3764726
3725634
3859842
3780092
3799397
3752241
3796313
3928309
3932606
3929590
3887436
3789229
3665973
3757472
3870372
3695504
3749873
3812381
3747330
4027224
4014071
3878702
3762819
3817986
3689506
3735097
3676380
3855654
3661859
3654196
3771662
3904839
3732496
3933059
3734883
3890951
3670743
3631685
3689215
3703556
3646418
3696002
3709457
3683803
3726374
3654201
3777799
3648747
3673208
3681158
3733970
3664459
3671447
3697006
3791924
3737890
3713634
3809974
3899143
4014694
3907997
3749106
3769547
3671417
3768281
3819474
4102556
3760122
3971405
3665917
3788678
3845148
3830268
3698127
3672610
3681964
3798608
3769897
3960908
3863453
3884278
3745155
3745594
3840535
3898655
3840235
3651304
3653237
3809569
3761253
3835255
3829329
3726633
3698563
3658560
3703879
3888077
3623902
3649227
3712563
3717368
3652920
3685583
3784500
3681385
3790387
3678048
3764762
3649258
3675728
3709123
3659551
3651979
3790389
3861841
3944479
3769131
3771780
3873212
3914883
3674161
3662410
3661120
3767180
3747162
3798816
