3807294
4063031
3935994
3756490
3754179
3546654
3507282
3944037
3717319
3518285
3517681
4078054
3817890
4650127
3800628
3841925
3862885
3771914
3625578
3735457
3658689
3664411
3888974
4096741
3983545
3886089
3956755
3771647
3732514
3864566
3787047
3803903
3760655
3801791
3940746
3937878
3939011
3895464
3800008
3672639
3763669
3877322
3701634
3754330
3819707
3754534
4031532
4031092
3884608
3769809
3823191
3696925
3741109
3685806
3870103
3672662
3665447
3777540
3913761
3740758
3939893
3741030
3899453
3676674
3641979
3694420
3709470
3653821
3706372
3717353
3695457
3733302
3660484
3786569
3656989
3681500
3688078
3740042
3672187
3680067
3705985
3805571
3751427
3719374
3814609
3909974
4021570
3913921
3756054
3774308
3678751
3775694
3828635
4116686
3768852
3990380
3674882
3796241
3854005
3838921
3705502
3678677
3686580
3803920
3778244
3968755
3870975
3894318
3751779
3750590
3849449
3903436
3857477
3658009
3661971
3817442
3767658
3842958
3834199
3734729
3706045
3666888
3714004
3894983
3634604
3656413
3720174
3725446
3659345
3691882
3791920
3705265
3797509
3683602
3771046
3657704
3683830
3718920
3669483
3659382
3798472
3874533
3950890
3775945
3778774
3881678
3926712
3683429
3667213
3668062
3781376
3752577
3806593
