494278
407943
415205
447675
384269
437330
358609
391372
421142
391730
428036
383558
474493
377296
458796
430462
391408
407366
447169
399829
421789
378542
371265
403881
403310
378849
581421
425544
473008
519681
406198
431635
660038
393140
398444
391310
465717
377980
394531
416283
415405
364238
422914
436828
424839
416264
437154
393586
478119
411861
408985
399838
400991
394130
390237
373603
384118
430836
417959
409586
429799
396842
391847
441458
410593
404445
391969
393691
379811
401039
389347
391873
380434
408891
379624
374852
423407
372139
487015
386760
382639
387862
387626
430968
456137
380249
454164
419885
410988
396462
411496
385633
404424
390148
387185
410823
506174
376973
391041
357843
388512
377750
358537
387801
370160
408618
370245
426062
401060
416795
414622
412598
384703
488511
384071
444652
388417
411817
397738
445558
452071
393769
365187
382956
389727
408803
402004
373272
394586
387380
356042
377897
410628
379894
371295
384236
404429
385379
399726
395262
395695
430761
444487
439961
414455
388883
397181
381286
443541
438352
452483
413983
384446
397752
391716
393323
