602579
530074
547803
574991
499734
544263
475045
502603
547772
507554
548695
507943
565968
534292
592391
555694
499339
499306
550923
500519
568966
479790
497985
507121
510954
465911
734253
525304
575198
620507
502233
519810
752783
485918
521234
482838
563393
570611
493074
509214
531259
469912
533858
521111
543339
507874
542354
503265
616981
500103
533146
511340
482238
493917
527851
467433
485385
831495
523865
507125
562362
505986
488631
750621
518280
522628
487045
508902
470862
521232
486677
502692
469265
519878
490500
505090
541845
458324
599675
474317
505758
501117
500452
521239
556561
467847
575993
511005
496635
511527
499240
488255
508961
471866
512131
508305
642457
480183
479704
463609
482034
458595
474105
483282
461916
514431
457580
511492
498881
492859
502266
540403
491693
576444
511310
575400
503426
506875
494232
559537
537696
633288
476704
495485
481692
530520
535756
494767
505252
485318
457632
504610
515312
498335
480204
488513
531355
483081
532892
514978
494959
550222
546784
545677
517215
496023
505904
472357
541326
530469
625370
493124
475447
536988
484394
490988
