111478
121075
109932
116803
75933
86060
84395
73356
68450
64004
73097
70261
73517
77055
93688
82309
67643
66174
79670
80992
96033
81419
98191
69951
78062
106429
115435
101637
82434
90379
99859
95576
96939
79538
97194
80655
99873
84967
87055
106290
114378
96167
97181
92272
102826
102374
92474
88512
93967
92208
86932
97395
99226
85727
96524
93711
82099
113950
81455
97794
98580
89353
87256
96164
94467
83765
97904
88641
97696
101939
84413
88282
86459
110754
110670
83594
111350
103169
93494
92516
90310
110432
94258
107066
85063
91389
88622
99803
109427
97331
92456
92256
96093
94352
79711
92946
72905
98569
71537
96693
80157
112651
96321
92324
93868
96664
109986
89078
97485
82085
92640
105736
96195
90565
106365
92532
79246
80642
100002
101612
90552
110170
95154
111828
82075
111831
100805
89982
88871
93398
91835
100020
96813
110881
89151
112665
79330
100987
102941
90502
77569
92804
92253
85763
94907
94092
92771
115175
115859
83929
92623
100344
94587
96143
86405
102985
