146549
169362
141662
155467
110532
119721
117151
106229
108555
99742
106113
105743
106054
109917
121717
116536
97263
98794
115236
114364
128584
115434
131370
102432
108961
140601
151232
134826
115633
121405
122944
128571
132826
113831
130416
112323
131847
118591
118413
141230
149373
130860
129375
124216
137605
129898
124188
121246
130592
125981
117285
131081
134377
120589
130199
128703
115130
147945
114837
134073
130717
120780
120624
131878
128636
118069
134286
121938
133169
133335
118836
122979
122737
141799
143563
116334
145587
137999
128088
124231
124318
145383
127594
138550
121080
122369
126530
132211
145059
139527
125423
133426
131144
117947
112816
116458
108915
132925
107528
129616
105841
146091
130030
125933
128530
130652
146997
120537
142862
116025
125764
139252
128079
128572
141092
117807
114343
113802
132448
145010
123406
144014
129529
145149
115878
145422
136109
124612
125422
128423
125558
138775
132073
145850
121985
148698
111719
135191
137156
122731
112883
125840
126872
120426
139059
127580
129391
148382
149076
119110
126343
139009
128451
129018
119796
138832
