3835046
3805963
3828087
3707994
4001699
4181210
3839119
4070990
3846326
3682995
3743725
5825703
7631728
9101941
10963736
11738687
13205753
14403048
15516447
16663909
18352063
19735431
21525645
23302925
24976629
25805778
26730957
27827544
29517191
30004755
30002783
30001636
30002560
30003623
29999220
30003474
30005545
30001630
30003555
30002838
30001346
30005264
30004944
30002038
30001743
29999438
30002529
30000402
30001547
30255337
30004348
30003412
30001750
30002086
30003067
30009591
30001668
30007215
30013472
30008911
30006230
30004404
30003911
30000549
30006231
30004561
30005416
30005927
30003364
30006047
30002747
30003227
30006065
30003475
30001058
30006346
30003092
30008325
30003411
30004672
30006311
30002929
30009273
30002720
30002921
30006181
30002716
30001417
29999475
30000511
30005264
30001628
30002418
30002922
30004527
30004427
30003779
30004413
30002711
30005606
30002651
30002416
30005163
30001656
30004272
30003754
30004610
30005322
30005155
30005829
30007414
30005623
30005870
30003886
30000400
30003568
30000402
30001685
30004223
30004236
30008706
30003216
30003009
30009994
30003303
30010088
30005213
30006524
30002523
30001692
30000816
30005038
30008449
30003130
30002289
30002638
30020257
30002467
30518391
30000783
30003343
30002310
30007082
30004053
30003354
30001192
