3397326
3497886
3506993
3387971
3245102
3448900
3435114
3339544
3429669
3191064
3456807
3460758
3425762
3395540
3580367
3635442
3284964
3523225
3651985
3374587
3599007
3420958
3437756
3827449
3491048
3408397
3330608
3539179
3543925
3291837
3389924
3515141
3434563
3315543
3324384
3507547
3890362
3542547
3680416
3748695
3694305
3732967
3896264
3570062
3694721
3611526
3677040
3922062
3609864
3607716
3839546
3644524
3693465
3572824
3677913
3864278
3674685
3525136
3742415
3952228
3945908
3749479
3730824
3582609
3785208
3569310
3787301
3690110
3654349
3641424
3614599
3692172
3747795
3569622
3772351
3533891
3551773
3660347
3703816
3621055
3604934
3431093
3854846
4080396
3844603
3722308
3698701
3549447
3827749
3612228
3769646
3644965
3715060
3638703
3664741
3588411
3691673
3663406
3725302
3600513
3804927
3634866
3728783
3873821
3838939
3682078
3633366
3584688
3589519
3618809
3678318
3528031
3813953
3655539
3654603
3753965
3963086
3639899
3758161
3531647
3775673
3573244
3701888
3574441
3645029
3445297
3722675
3682890
3584561
3522592
3762842
4161463
3776514
3741703
3786476
3515553
3892995
3594551
3695067
3787820
3582549
3599843
3800765
3664986
3599929
3450113
3373790
3282059
3484724
3169618
3376465
3378875
3253463
3242881
3382364
3239751
