3423636
3506103
3515436
3396513
3254023
3456978
3443614
3347975
3438189
3199582
3466760
3472784
3434160
3404462
3589083
3643958
3293510
3531819
3659552
3383645
3608813
3431354
3445654
3835088
3502713
3415622
3340666
3547089
3551808
3299896
3399053
3523153
3442440
3323058
3332757
3515639
3899025
3550468
3688660
3755978
3703110
3741831
3903242
3577692
3703720
3619659
3686151
3930862
3617490
3616122
3847478
3652902
3701612
3581189
3685778
3872101
3682814
3533673
3750757
3960363
3954654
3758564
3739849
3590913
3793317
3577489
3795695
3698140
3662483
3649720
3623229
3700536
3756015
3578005
3780130
3541955
3560975
3668381
3713752
3629821
3612910
3439593
3862923
4088939
3852784
3730851
3707506
3556904
3835963
3619780
3777223
3652534
3723777
3646476
3673812
3597563
3699271
3671612
3733744
3702836
3812605
3641838
3736927
3881639
3847233
3690131
3641443
3592522
3598106
3627670
3686504
3536115
3822388
3663679
3663221
3761839
3971623
3648086
3766806
3540099
3783639
3581716
3710019
3582701
3653381
3453334
3731348
3691802
3593016
3530774
3771455
4170592
3784258
3750606
3794435
3525794
3902750
3602862
3703602
3795494
3589943
3608253
3808788
3673331
3607438
3458735
3382088
3290490
3493865
3177796
3384575
3386929
3267878
3253253
3390981
3247539
