4375013
4590861
4917740
4457505
4516358
4471615
4356558
4468160
4406382
4582701
4400143
4659330
4539912
4464638
4826662
4379925
4426767
4440764
4349780
4626432
4649760
4472640
4423877
4442064
4458960
4433316
4557709
4462306
4669339
4478413
4393904
4512948
4471887
4493334
4457539
4721688
4537887
4456694
4498829
4457216
4455873
4477785
4515727
4442762
4574528
4516094
4537844
4585641
4335908
4497621
4444448
4515725
4565360
4538644
4468288
4467848
4445087
4495534
4472522
4495272
4360670
4480942
4461415
4430616
4605926
4360659
4469126
4513927
4553474
4452962
4470583
4591843
4551197
4561552
4535902
4647965
4511972
4416787
4466942
4424803
4491314
4491191
4492076
4547009
4405279
4504617
4494444
4591434
4423222
4472567
4511420
4562794
4534214
4419465
4554491
4340966
4547819
4398068
4515673
4435426
4678550
4461056
4441129
4473319
4461349
4461084
4512714
4506103
4491718
4477444
4476790
4416992
4531654
4650436
4490444
4789519
4585693
4599863
4468045
4577011
4531325
4531293
4584157
4598673
4459425
4609194
4373783
4469057
4394266
4392326
4415009
4437765
4343260
4516564
4477142
4366517
