4426112
4642333
4972620
4508817
4585096
4523008
4422566
4512336
4461566
4636965
4453006
4725562
4592750
4515868
4868279
4432167
4474530
4492496
4407317
4681998
4702149
4524434
4476765
4504371
4514834
4486000
4610022
4517762
4722581
4530403
4445594
4564322
4524684
4551985
4511419
4774117
4594409
4510238
4551346
4508184
4510481
4532493
4570073
4493683
4632626
4567870
4591424
4632785
4393840
4550524
4494356
4567803
4618594
4599460
4522113
4523809
4488399
4549120
4525388
4549605
4417132
4528852
4515761
4484878
4671581
4417704
4522416
4565107
4606221
4507684
4522555
4644966
4600194
4615386
4592057
4702084
4565597
4472428
4523657
4476430
4549196
4547424
4545469
4596913
4454617
4555048
4545622
4655875
4486457
4513737
4556543
4610769
4588637
4474344
4603373
4398242
4601482
4448170
4570261
4490290
4732617
4514632
4492570
4527247
4521878
4513474
4564801
4556818
4541179
4533091
4531270
4465590
4586464
4706533
4537874
4835628
4635113
4652920
4506419
4628076
4581861
4585124
4642207
4659205
4500178
4662795
4419981
4518616
4447312
4445125
4470511
4490885
4395754
4566315
4530889
4418916
