3508216
3556098
3766543
3501381
3908807
4043114
3530421
3713978
3796679
3523041
3610270
5036859
4895327
5573061
5661811
5593838
5275846
4703365
4199010
4346645
4228483
4742589
4250506
4969238
4254607
5070589
4488354
4856893
4715254
4494842
4285226
4525721
4462808
4637753
4506910
5559613
5545920
5784941
5993439
6581664
6919480
6795605
6563967
6474747
6147320
6285185
5993107
6582431
7509447
7669047
7992275
8136134
8299313
8472221
8568715
8702740
8598245
8963949
9576317
9218493
9235152
9127207
8874930
8924687
8978942
8701248
8282412
7977825
7594018
7721488
8207447
8106276
8548824
8676659
8464028
8486956
8270122
8060556
7848975
7672563
7316289
7156194
7131079
7252417
7482299
7957773
8293177
8505182
8124837
8015772
7667698
7744861
7495903
7659439
7823028
7983560
7986102
7846206
8491831
8804699
8463412
8080078
7415886
7272928
6657696
6532764
6317977
6469090
6501054
7054411
6931194
6963635
7188733
6980567
7062765
6950011
6749516
6620558
6390828
6602339
6618743
6582665
6290773
6039570
5800580
5528697
5016941
4698196
4662362
4496703
4859579
4793442
4707645
5057628
4728176
4727225
4856010
4227886
4398107
4583140
4365744
4560043
4864111
4641698
4192345
4405680
4340745
4484294
4044322
4216745
4331255
3927495
4107512
3933659
4113680
4456219
