3533632
3566188
3774571
3509983
3917566
4050992
3539348
3722811
3807084
3531771
3624542
5045381
4903638
5581056
5687284
5600823
5282263
4711190
4206042
4354193
4235526
4749054
4257938
4977128
4262428
5077086
4496882
4864851
4722727
4505198
4292737
4533278
4469271
4645285
4515325
5566878
5553491
5792028
5999276
6590077
6928105
6803881
6571997
6481683
6155111
6293967
6000097
6590237
7516759
7676116
8000034
8143455
8308357
8478480
8575781
8710267
8606994
8978589
9584830
9227159
9244407
9135445
8884464
8932319
8987818
8709241
8289735
7985930
7601179
7730673
8215767
8114558
8556166
8685018
8470638
8494388
8276389
8067876
7856379
7678279
7323448
7163513
7139366
7259849
7489599
7965488
8300606
8512436
8133789
8023945
7675243
7753868
7504355
7668531
7831823
7991013
7993869
7852144
8498256
8811194
8470517
8088086
7423082
7280498
6665252
6540989
6326695
6476616
6507540
7061617
6938186
6971241
7196118
6987668
7069835
6956221
6758719
6627587
6397813
6610484
6626125
6589509
6297843
6046471
5810202
5536229
5024496
4704922
4670009
4503634
4867581
4801356
4714432
5065320
4733533
4733550
4862848
4234906
4406181
4591528
4373904
4567220
4871754
4649524
4199760
4413334
4351197
4490669
4052419
4224964
4338590
3934527
4115236
3941266
4121443
4463944
