854683
821662
752706
914776
794992
869620
823826
883810
799619
800835
812187
795167
881666
907100
954685
847081
894293
898935
876080
828467
859253
892756
860670
841692
949500
909903
872792
883276
972023
864446
890015
836678
915104
886553
820122
852191
899657
917120
942625
885150
878898
891896
905172
920007
837597
883140
804057
836283
893726
857893
896054
901346
851545
893188
840070
898743
912443
832017
829374
876304
923011
868680
839412
878894
925213
882429
847974
828176
846078
825518
846809
803513
942030
863874
843429
852363
912073
922822
838579
825389
847245
885261
866328
851243
916152
892175
816514
893331
865481
844649
852079
806081
825786
846234
865043
850604
873872
873366
961514
839809
876239
938873
873242
887740
864701
820411
864368
871883
944742
861797
957592
824570
859016
874541
860678
872709
856474
923459
812645
873049
848968
848084
880238
912346
847475
934754
813621
890164
838502
840303
850678
843270
911780
895930
814343
901801
865464
888104
821136
858464
837205
862601
817330
846386
928488
845848
839735
911073
869371
938704
876920
824714
834820
816400
833819
869107
