863126
848511
761309
931584
804510
879047
831850
892999
809505
812210
823304
804359
890178
916080
968557
854005
901357
906860
884398
838905
867543
902736
872150
848709
957162
916701
881295
889584
979587
874763
896703
846964
923107
895272
828966
860274
921989
926345
952985
890952
886702
898834
915429
926249
849119
889414
823351
844780
899004
866672
904000
909905
861921
902206
847459
905223
919628
841521
841037
889537
931698
888804
853264
887434
935142
888687
855810
836279
855248
837394
854455
811528
950019
872152
850048
860262
918364
930803
845559
845225
856894
892787
873679
857384
926406
901097
827847
907055
881343
851772
859589
826487
837383
856334
870337
857903
888200
883727
968267
848034
887125
953055
885874
893688
875045
826335
870162
886942
952546
867545
968322
829721
864741
881383
869650
892562
865511
932122
819595
880456
862448
856102
887361
919453
854666
942407
824044
901383
848382
852347
859974
851865
922560
904031
821554
909373
874516
898718
830241
865719
846345
870110
829564
872589
935572
853320
847474
927024
878385
944892
884327
833161
845572
821678
841363
874664
