34127
36800
44630
36662
35020
35938
22396
36901
37691
35976
46670
42600
40391
45503
21230
41789
24997
20111
38169
38969
33599
32709
30388
33673
35615
34505
23420
38662
36165
34757
23190
26591
34470
35791
30376
30406
22911
36041
39096
48171
35150
38907
37461
23357
38433
28576
21114
20219
27286
19269
28299
32140
30118
29960
36349
32195
26104
22498
19009
34332
22103
38633
20570
33872
34399
33016
43674
20991
26814
49194
27091
24779
38532
37853
23910
24777
31708
37394
50535
49773
34768
30692
46226
34344
37934
22958
24371
18871
24141
53070
47840
42853
23885
26524
19465
20846
25455
21922
27118
23552
27040
33387
22725
32557
23570
26481
22563
33716
28318
37097
39921
30602
22963
21872
18806
20669
27709
34265
34432
33128
55600
26499
28863
35813
32124
27099
44124
21304
35369
21716
38771
35273
33909
36179
22244
19211
39416
38780
31340
35979
29896
35837
25540
25948
35183
41195
25485
23981
32274
35762
24343
23488
38946
35282
27751
28315
