57922
45507
53585
45152
43729
45478
28825
45132
47305
48489
56033
51115
48175
52087
27026
53995
31565
28442
46041
45086
41676
42243
38799
39610
43675
41053
33384
54767
43336
42028
29259
31498
40447
46214
36737
41263
28290
42618
44430
52696
49144
44868
45143
30747
46050
34243
28184
26413
40160
29867
35504
44824
39751
37717
42355
46062
36061
47457
26550
41788
30196
48788
27339
54015
42440
43835
50505
33662
39063
57385
41616
41071
58861
45054
33553
32783
43485
45229
57183
56468
42280
38143
53816
42931
45164
34351
30420
27589
37692
65729
53556
48031
35325
32233
25141
33024
34033
26851
36477
29238
32638
39719
29139
45971
28286
31944
30370
44985
36069
43567
49746
40918
28783
28576
26169
29563
35540
41301
44078
41705
63859
32841
34600
41934
44973
33787
50266
32465
44120
28881
45412
43272
40503
43128
32614
28931
49226
44031
38937
42540
37858
42821
31665
33391
42863
48272
34816
29965
42464
42374
29586
31077
48505
40786
34031
35733
