266204
359486
255493
255829
240483
258825
306398
291419
216931
215520
214558
292896
378104
414704
625960
473481
260110
321955
334451
301643
557516
293677
392119
281181
286463
283651
581157
312618
316339
376375
374100
332444
329526
294070
346036
280661
369620
387178
260669
358063
342387
445413
327235
299347
286513
314150
437483
284547
331139
419350
490541
449168
305239
234107
370741
453438
404228
384346
330842
297021
539054
376273
275129
280516
335141
271607
322510
252103
309725
335967
244142
610478
498231
318534
615394
286512
348220
256444
311492
326586
330266
322697
561998
328024
421660
340784
434781
363478
355535
305476
327842
252675
400665
336067
301833
239356
386444
335097
424993
282700
314952
269520
302822
271201
298811
285210
275109
306072
433128
275023
314948
277889
341308
339404
442712
327782
269349
242170
313496
296532
410432
281147
491016
399868
251460
238142
316494
316124
311163
300831
244215
420866
426674
230626
495745
249365
269040
353743
295057
327812
256973
272801
356071
311984
442168
273665
332766
260679
344850
311217
406660
389962
288751
300174
243605
287226
