280156
366671
265235
263779
247511
265959
312565
299200
224230
222777
222229
300406
388335
422784
634978
480037
266815
328352
342881
308518
564449
300557
398038
288544
292698
290938
597055
318301
325159
383346
381365
339381
336701
303101
356250
287813
375765
394037
267079
364720
348776
455167
334926
305150
292764
319639
444192
292012
337046
426646
496950
462035
312661
241582
380719
462030
410438
391280
336942
304755
548438
383768
281511
287824
342968
279372
328903
258254
316829
343745
249933
617792
505829
327221
621551
292944
356613
263764
318245
333146
336823
331752
569976
335263
427258
346417
442301
370338
361864
310764
336372
259217
407890
342819
307519
246224
390538
341982
434384
289591
322631
275498
308678
278280
305605
291897
281584
311584
438477
280461
320490
283513
348247
353627
449399
333916
277189
249500
319742
303233
418736
287445
497002
406688
256698
245740
322792
323356
317785
307699
251800
426656
433949
237602
501386
255625
275662
360216
300758
335121
263969
279629
364971
319821
449126
281462
340333
266294
357028
317343
413326
397588
295475
306364
249885
293140
