403224
421041
431995
413838
431593
412326
443812
415756
414278
410168
408843
402082
452324
405262
469050
449312
444675
425825
426748
470195
410656
450191
431539
416231
429724
413357
417114
436193
475750
422661
503359
403250
474519
416172
446046
422644
468716
438968
411123
415832
433761
450931
412398
461225
420557
469975
420284
435402
442409
412878
437496
501078
439619
428523
432584
421330
422713
411999
414059
433321
402846
419362
412949
439291
429490
407733
436267
415488
404690
425183
410199
428029
450731
433745
432250
417188
441663
455011
443671
428277
414910
415422
423401
430245
422950
418099
462028
515265
426671
474880
439952
433029
428655
419869
464141
421373
430802
436458
413417
413059
423454
426134
407672
429904
415400
434475
452096
407209
489663
417664
537535
423357
435467
449374
424339
514242
437183
419376
425163
418615
456884
424843
407657
408532
405792
420502
405050
426013
441644
418016
417264
416269
419644
443797
409797
407691
441283
447720
429937
423850
436019
414695
418710
416254
497147
433561
426826
452273
410416
488800
437491
459588
458522
493312
408329
419919
