410312
446563
440973
421818
441022
421111
452662
423072
422432
418551
417383
413401
460746
411458
479349
454739
452438
435371
432396
480470
438440
457345
437390
426131
439821
420484
424581
444703
480701
428841
508181
409456
484865
430106
454866
429419
474834
444067
419632
425504
438907
458383
417957
467042
425765
479641
424683
445336
448990
419376
442961
508014
449456
436049
437532
430895
435831
422090
420478
441441
408864
426516
420400
446270
438594
418518
478800
436886
416731
430799
418553
434746
463761
444956
438451
429311
448004
465030
450165
439285
422227
425724
430482
436716
427957
424171
473887
521466
436138
479584
457535
448119
433945
429170
469232
429578
448231
443455
418610
419159
428557
442621
413576
441020
421028
445032
458188
413296
502073
422895
542911
428779
442275
465173
432170
524106
449957
427558
433861
425735
462279
433290
414721
416085
413980
427257
411692
433157
449253
426167
424091
428711
428457
450389
418698
414364
449026
456516
436871
431657
445887
423006
428092
423892
503587
441787
432186
461842
418833
493958
450582
467159
466612
498398
413557
428647
