3392783
3402577
3462084
3329643
3427354
3413812
3291489
3286498
3303838
3345447
3282240
3423059
3338795
3416432
3377457
3332948
3412466
3352365
3320737
3354454
3349385
3275072
3348409
3359929
3397784
3282642
3324150
3308548
3332310
3329342
3338053
3335943
3304163
3380596
3287629
3327796
3313926
3381474
3359971
3309590
3369077
3291322
3400376
3340396
3334427
3296310
3305740
3295720
3295929
3339102
3367580
3326479
3325653
3283734
3323494
3306322
3267003
3274588
3317710
3348223
3300898
3359962
3306158
3293231
3329675
3298747
3271593
3309905
3372647
3342433
3325782
3338075
3317282
3334103
3327711
3315808
3317626
3304539
3292334
3323460
3319740
3315034
3319401
3369865
3305318
3353473
3330130
3312067
3294421
3312845
3288529
3293046
3286253
3290818
3318979
3300139
3314067
3330397
3366073
3353256
3355010
3312148
3347735
3317767
3345090
3342738
3322824
3343393
3302517
3310140
3341792
3321585
3311157
3317885
3323456
3307839
3292436
3324996
3338004
3306048
3300953
3292223
3307130
3315102
3314203
3315342
3314461
3302492
3350556
3301159
3288186
3440812
3355177
3410327
3306374
3344661
3294076
3305753
3275377
3329073
3305338
3274894
3301024
3378349
3315465
3322592
3283530
3436811
3342309
3351718
3290777
3285092
3338240
3309542
3349799
3357033
