3406492
3410641
3469962
3337120
3435089
3421515
3298530
3294512
3311674
3353565
3290390
3434373
3346843
3422901
3385010
3340738
3420587
3360766
3329413
3362835
3357419
3282944
3356332
3367545
3405233
3290245
3331592
3316705
3340270
3336815
3345904
3343929
3312254
3388839
3295893
3336191
3322060
3389773
3367979
3318270
3378321
3299209
3408422
3348284
3342067
3304651
3313171
3303665
3306859
3347391
3375777
3335020
3332966
3291605
3330886
3314208
3274958
3283611
3325997
3355737
3308741
3367663
3313194
3300827
3336999
3306303
3279452
3317435
3379305
3350049
3333380
3345474
3326194
3345274
3335373
3323517
3325622
3312929
3300485
3332548
3328419
3323016
3327265
3376799
3313504
3364361
3337902
3319350
3302408
3320955
3296118
3301025
3295332
3300192
3327286
3307784
3321914
3339726
3373011
3360578
3362752
3319699
3355598
3325731
3352456
3349962
3330546
3351416
3310463
3318133
3349679
3329332
3318440
3327385
3331257
3315948
3299666
3333242
3346807
3314153
3309020
3300307
3314961
3323100
3322080
3323498
3322093
3310722
3358270
3308802
3296895
3448497
3363178
3417928
3314457
3352592
3302107
3313677
3283409
3336878
3313056
3282890
3308747
3385852
3322890
3329244
3290575
3444058
3349948
3359201
3299612
3293949
3346711
3317852
3357919
3365053
