130895
120001
102450
136128
135054
117374
147189
134775
116032
132568
117818
117178
129609
119101
143340
140891
158054
121441
128543
105542
109491
129252
122798
159924
105438
125202
105513
113421
112598
115730
112007
131203
115078
108375
109301
147699
135074
121237
165468
114635
129850
122439
108442
116071
108242
133049
112633
111694
190613
109561
112792
109073
135744
130629
151932
129265
116937
116869
118130
124691
132198
124639
116800
113956
108416
142834
120818
108237
102792
133611
107680
109098
119335
119007
135668
115385
119706
122920
135259
116482
103791
102776
128715
126038
113801
116795
114517
123787
117332
107508
106359
106215
106583
101388
115124
111048
121160
108976
155454
121194
113335
121924
116290
106071
121634
131788
109479
141668
119657
105486
112644
111224
102746
121160
118297
122968
109078
116232
102554
122881
113193
126973
132419
115957
116741
111905
112664
117965
110387
128650
115318
104914
118003
112875
115964
113308
134415
117062
117237
111295
124618
124290
125776
116362
120625
116452
105636
106218
118548
105666
153091
112144
115234
110690
162416
103476
