138402
129767
111838
144181
143373
143025
157270
141827
128448
140312
126796
129355
137750
132590
150624
156857
164881
127920
133590
111622
115506
138814
129209
165836
110591
134651
121853
118079
117895
124286
118140
139241
122775
116230
128011
152501
147663
130840
172829
127823
135625
128158
116038
131793
117188
140112
122174
118664
209064
118177
118831
115214
144811
135717
158945
135216
123584
127344
125877
135617
152759
133087
124385
128336
115646
152645
127139
116679
120649
140557
121299
117060
125968
133089
143912
133979
132415
129918
143936
125597
111229
112572
135994
133817
119283
124925
122865
132379
122926
114407
111975
115599
117188
106814
123877
115582
127894
115552
164894
135221
119486
129692
120569
112556
126963
137343
115104
147379
126778
119121
117904
121992
108161
130857
122863
130311
118384
124493
107208
130743
122210
133464
137869
122516
123768
122072
118558
124951
119679
136029
129122
116850
125956
120398
123681
122052
140024
122879
131203
122845
133214
132970
135656
125789
126706
121706
112261
111109
128175
110374
157344
121374
120487
118402
168379
108006
