1700625
1733550
1721649
1679911
1660702
1706853
1686713
1722951
1717666
1722731
1710239
1705345
1677391
1711103
1708263
1799168
1653720
1684314
1662594
1680706
1631800
1668169
1665530
1717014
1646203
1576148
1740927
1661652
1642479
1644347
1618532
1630763
1616570
1714000
1726118
1645349
1695414
1707054
1656136
1661852
1648402
1656071
1668941
1664452
1643856
1568580
1655478
1569931
1615721
1698133
1630827
1623681
1681785
1702422
1705522
1769005
1648550
1647191
1626616
1667413
1647648
1704340
1670013
1678164
1599283
1645266
1693647
1641309
1654567
1658191
1681450
1696596
1637175
1714408
1679047
1603925
1684889
1712465
1705670
1615252
1599130
1647357
1618885
1648596
1610505
1736968
1688277
1649278
1673901
1678154
1679670
1700995
1681757
1673897
1651921
1680149
1672810
1672192
1678558
1663433
1685328
1695914
1732776
1654726
1678490
1642079
1705605
1670839
1639279
1605154
1659473
1674168
1686048
1737516
1764108
1661633
1777442
1667914
1680138
1696147
1736421
1715309
1709750
1708348
1706827
1661685
1651552
1641777
1581810
1697440
1702326
1671220
1692120
1729459
1642371
1673016
1694968
1681002
1729335
1693145
1674519
1720229
1720330
1704948
1653917
1696911
1702428
1748293
1713291
1625364
1692987
1645681
1684934
1716384
1678673
1649612
