1726450
1747364
1734143
1691212
1669726
1716996
1696187
1734293
1727936
1732550
1721044
1715806
1688671
1720797
1717408
1810319
1664806
1697511
1672178
1691408
1641788
1679911
1675134
1726732
1656106
1585654
1751901
1670908
1656563
1654957
1628920
1641558
1625793
1724864
1736158
1654290
1707108
1718464
1666167
1672153
1659933
1666746
1679704
1674410
1659924
1578675
1665405
1580350
1625201
1707639
1643002
1633552
1691411
1712063
1715304
1785049
1657968
1656938
1637108
1676611
1656349
1715229
1680668
1688708
1611110
1655316
1704801
1650841
1664251
1668992
1692895
1707831
1646973
1724276
1690208
1614298
1696558
1722021
1716966
1625131
1609863
1658796
1628905
1659531
1620908
1746959
1701894
1658085
1684040
1688149
1689508
1711335
1690490
1685085
1661883
1690379
1686559
1683292
1688223
1673789
1695443
1707118
1746047
1666224
1688805
1653182
1715220
1683003
1649771
1615307
1669729
1685689
1696939
1748330
1774024
1672880
1787773
1677364
1689457
1705366
1748044
1725126
1719663
1718109
1717555
1672885
1661378
1652059
1592916
1709070
1712530
1681669
1701962
1738961
1660406
1682904
1704685
1692180
1739176
1703767
1683512
1730700
1730732
1715060
1663730
1707753
1711655
1758262
1724400
1635184
1704818
1655272
1694739
1726685
1689062
1661367
