61690
66538
77518
57741
63568
75930
51329
83092
50976
77833
61725
67497
53263
74924
65308
61551
72075
69478
87296
43069
55333
55343
124349
46304
55322
46414
48465
53602
43482
64704
46573
57660
64836
41246
62357
45673
57485
47647
48866
39508
53135
59093
43360
33453
49649
46440
50646
38281
72756
45783
52060
45849
67039
59245
64594
43422
76343
46020
55116
35517
39222
48751
50467
56934
45861
51336
84658
50018
48920
65750
54843
73369
62529
63438
56222
62375
35868
59249
59883
84455
82082
65464
83686
54368
40675
53542
57386
40062
66667
74532
82182
43395
43386
47223
75850
56161
52800
70640
34131
48273
56175
69420
47991
47563
53112
34288
46024
36518
53970
44573
56247
60535
54665
57590
43097
31260
40572
77830
60978
51245
42641
55325
59612
45899
49993
63399
39839
65160
54632
57907
85028
69352
46377
79933
71783
49710
50004
51145
74709
57505
66046
63001
56952
80466
29663
59580
87635
33591
44373
36234
58224
55481
33682
34836
69730
51981
