231056
219906
218992
196482
218633
217151
200494
235781
201962
229507
219889
221839
184940
195560
248463
196662
217544
216128
221255
177436
199293
207351
271445
195539
183013
173867
196252
178149
163267
199422
187044
173411
204563
174595
189208
193593
176128
177500
180982
180822
190950
176067
180229
177268
174676
164453
176261
171740
242324
177953
193591
171141
185328
205375
203423
163998
210958
189319
210938
164130
161843
189633
195148
185704
181974
197856
198843
177746
199022
215122
227325
205694
201168
202183
201842
217747
184088
193090
227059
224183
237703
204616
211632
194611
173992
192047
195475
166361
212762
199941
221191
163496
161329
167112
197809
199727
160840
201039
196463
183886
196715
201013
259555
178491
203130
168768
180148
176591
163436
191976
172130
227012
194541
177464
185812
165393
171786
214026
220787
184312
170146
212958
192489
174677
181997
210526
177792
204643
195580
210902
247810
204277
198310
240687
208129
183769
193801
168970
215739
184437
217614
195046
209124
231295
164434
179660
241508
158640
174128
158494
209300
173202
171308
164748
193295
184545
