455022
437298
416942
420884
430838
445610
430444
406059
419147
425295
414372
402588
475003
425678
404544
455967
432278
431947
429904
425518
437894
413592
402950
442855
469143
511629
435744
438384
453779
418356
435773
427088
410296
426956
420154
418912
429724
476439
437057
411032
422915
424577
469504
416456
428308
438067
474664
407492
463082
443272
437733
442073
453625
417881
432958
431601
437106
434847
407098
422131
440391
434618
434616
409522
399548
423817
448722
436091
445709
415426
419222
453225
453496
467415
434325
416750
457460
416626
459383
411414
412480
418754
432281
419714
431928
418084
470365
438856
405519
449368
412479
438691
474237
440235
410497
415452
497631
422402
431752
414758
430261
441832
439807
446718
435036
432471
410875
408426
429795
410139
489333
429396
416838
433043
478389
431440
427160
475348
423087
430937
475981
510916
450007
409991
421236
408533
429739
417325
422609
437197
434441
412054
410046
416054
410557
459719
445899
426762
436261
410281
417777
447929
426462
447816
517049
428157
436096
445090
438301
478935
459187
444158
447065
426376
430822
422221
