467778
464334
426159
429595
438915
455299
437168
414280
426801
434882
423544
410668
489468
430934
409848
462180
440311
438949
439985
431598
444857
421113
411069
448964
476100
524771
444969
460277
460276
424622
445392
439569
416514
433512
424918
424771
438051
484031
442909
419988
441366
441740
476421
421540
434908
444840
481834
416377
470785
450956
451161
449862
462917
425147
439095
438051
445504
441831
413695
428825
450902
445483
441721
420464
418450
434248
453741
465918
453746
423171
425860
461990
459604
475440
444350
424788
463852
424544
467381
420394
420930
428817
442368
427700
439931
426783
490781
957345
411323
459629
425816
446922
481066
449990
420723
424165
502246
430972
436893
423469
437915
452021
445188
454597
445086
438519
416072
418085
434858
415334
498688
435690
422829
439392
487733
437029
432966
483610
429088
438346
481790
520349
459033
419444
429064
417684
437323
424437
434154
444449
441214
416806
1048255
428636
417361
470051
454874
433808
443576
417754
423739
464411
435264
459671
528475
433953
448529
450980
458364
484842
467899
454302
453244
432890
443200
433128
