29905
38073
37236
38504
34443
36922
39038
34826
38753
35721
35781
38042
35755
36188
50174
47102
37856
42226
33603
38036
38244
35168
35779
36637
41725
35296
34821
38724
40131
34682
37967
26807
40237
35753
37982
37245
36927
38840
37374
35469
37023
37435
36890
34228
35485
33399
44605
34364
34391
40680
35255
25387
22055
38950
36221
36050
39416
37452
38030
37649
35240
25291
35214
39308
37433
34760
35345
32248
48900
38954
37362
34457
35424
36154
20762
39496
35620
34638
39629
36065
29567
39754
43988
35372
23845
37465
39203
35839
35631
37965
35047
36353
37979
36852
42276
37325
38542
43487
35131
36742
37153
38578
35099
37454
35181
46841
35563
41418
38196
34768
36354
36242
34854
35758
38364
37137
20349
35750
36756
35786
35240
35961
36084
35372
36603
38246
29887
37845
37772
39385
22533
38813
43587
30125
35783
40750
35737
35217
34183
29525
35147
36497
35436
39754
40075
35363
35278
36762
36540
35820
36721
40424
37429
37980
24756
35695
