39203
46237
62685
46940
43268
45348
50165
42907
48100
44527
47301
46293
42956
44763
57946
55270
46076
51026
41655
46350
46316
44018
44211
44935
51794
44545
42990
47149
48309
43198
45776
34989
48786
43989
46288
46820
44923
46647
47230
43922
45189
47720
44653
41916
44184
49612
52803
42475
42660
48598
43545
33706
29921
47503
45594
44599
47438
45379
46155
45806
42523
32335
42720
47663
45797
43134
42107
41047
57099
47209
47006
43055
43906
44629
28574
47763
44184
42821
47283
44024
37123
47934
52162
43834
31421
45586
48566
44563
45679
48495
41823
45157
46629
45417
50996
45848
46816
51462
43619
44957
44988
46974
44825
46522
43645
54774
44199
49655
46400
43020
44009
44325
41978
44290
46322
45283
27849
44000
45039
44018
43423
44425
44078
43273
44915
46606
38053
46166
45710
47385
30698
46915
50258
38016
43882
49339
43927
43817
40479
37255
43157
44532
43670
48336
47272
44033
43191
45062
46545
44194
44417
48822
46118
45959
32916
44392
