62138
57304
76109
77782
64496
49198
74262
58799
62107
65399
63363
64374
61782
49455
49667
60229
91846
62265
79243
81943
44614
75808
59946
49377
60725
60321
55380
39518
36310
31149
361908
72105
59432
46468
43225
85461
70851
55428
62764
80903
63587
61512
78547
45197
49156
49645
45698
56834
97080
49061
75022
33554
87645
51106
52216
55082
50230
58084
54227
44834
42020
32829
69767
54443
52183
78369
78645
72153
75078
47163
52587
49255
34373
36209
48646
80659
50845
69699
43261
60164
82255
63038
75880
68442
44739
75282
36622
62640
57356
66382
49841
60133
64025
47631
93272
82668
51351
75620
40441
44729
45621
35491
42741
60777
51803
76571
40311
59165
59860
37303
54478
57896
49106
59722
46070
60968
51063
71502
69811
64040
77723
72955
74764
62872
54844
70026
75727
48815
74750
44073
67491
53624
49168
65986
56072
61651
44139
48758
63501
67866
77171
45069
63524
63081
75912
88371
83824
50065
53559
66835
57821
63676
42012
60555
52754
38884
