218500
217594
231372
228882
208220
197094
217923
222200
242784
217289
213625
224652
203571
195999
195647
260149
241522
214577
232632
239019
169242
205728
198947
172958
197998
200320
206341
173421
167105
147732
482289
197009
175025
164379
191950
265307
261361
183001
181295
243677
258728
211959
238989
179785
203360
192629
183552
190289
337232
241992
217211
217715
204069
195903
221837
229743
195257
199817
193196
192975
147593
165400
226822
185075
203484
230552
240831
203801
208760
201266
196516
195578
171203
178250
171427
224980
214132
205534
192474
193731
263345
204558
203051
191005
163293
204952
208011
211773
167446
189910
195906
169587
231910
165304
221754
268832
239859
204290
174981
149854
175259
144685
170315
207381
193234
194369
157865
187717
179400
164628
166663
188212
209520
200257
167165
208170
192514
198964
226283
192489
196471
229810
204493
199791
197396
218705
226709
199142
205786
185511
220360
207757
176742
204693
186320
239914
179534
201254
207035
214061
219342
201766
199099
203373
198470
251364
186721
155832
222783
210690
170732
206906
184258
253427
174179
153718
