27231
30926
35808
29361
32928
29539
28401
30787
27683
29288
29952
28936
33525
18032
13609
19282
22892
29213
24587
25389
26162
24259
29246
29663
29931
31469
15117
17700
25115
18826
27104
14075
15345
28958
24526
27252
19174
31593
25596
27464
30164
16402
34615
25202
29024
30810
16358
20737
16482
24809
25822
28428
18343
24387
29445
24073
29160
29958
35113
25117
18443
18090
27438
32616
17120
32841
16478
20264
35856
28724
36141
24249
30276
25574
30964
29311
18163
27130
37000
26987
28392
23846
17082
30123
32814
46130
22525
22747
14039
15837
15877
27074
16330
18974
16329
14579
24215
13902
14810
23253
19058
25815
25939
17267
16857
22823
21540
37201
16917
20180
29104
18617
25278
16936
31475
30039
29855
14433
19896
27408
33619
35430
27861
14786
18536
29765
20135
21392
36527
28111
28321
26141
36798
16576
33218
24470
21724
34424
31794
39076
25919
28182
32055
36700
35080
27358
16066
19933
15030
14234
18451
14403
14123
14679
21189
17607
