36023
39808
44439
56191
41391
37818
37689
39709
37567
40513
43547
36827
43512
27885
21319
29923
32056
43558
33095
32804
34713
33317
36726
37257
42912
40138
20395
23165
35372
25125
32784
19244
29197
34181
33538
35120
29090
36747
34687
34272
35601
21976
44727
33597
35784
37203
22382
26658
21931
30352
32996
36418
25840
30470
40118
30372
36740
47688
43692
30895
27281
26359
36075
43568
24250
39178
21895
25159
51356
37009
47827
31015
36614
36291
38123
40235
29377
35187
45286
32884
36264
32568
38473
36598
39781
58155
29328
28153
29778
20528
24675
36787
23710
24810
22425
22998
29117
21971
24329
30170
25766
31313
32685
22374
22703
29378
26903
42108
22910
28603
33679
25439
32011
22788
36275
36679
40287
22840
27219
36391
40578
42602
35795
19799
28518
40911
27057
157777
46453
34142
34455
32157
44933
25088
42656
30695
32284
40821
39692
47540
32116
34906
42404
45819
43878
35247
21927
35739
20813
21769
25631
21342
24424
24561
27164
24096
