1000431
978330
1037368
989643
991938
1027354
994003
1019482
1095492
1023275
998918
1039147
1071151
1046809
1041872
992733
1054968
1024053
1514656
1076806
993540
1045197
1028530
967626
1030861
986311
1098521
1020455
1013905
1023814
1145913
1038139
1043278
1022873
981920
1029312
1053014
984551
1026292
988377
1018317
990046
1066551
1075248
988047
1038804
998429
987608
1023178
1014419
1035839
1015862
1023991
1082455
1007064
994795
1052567
1003085
1013802
1002127
1075300
1013866
1053774
987358
1079511
996745
1192883
1058198
1033440
1067423
1046231
995639
1034601
1018848
1017293
1065199
1021735
997982
1042487
1013258
1045063
989717
1077548
1018105
1122719
1074252
1018265
981636
1046653
1002578
1153272
1047939
1070373
1012075
1065892
1025716
1093244
1018223
1026508
1030940
993637
1054365
991726
1032645
1047121
1002780
983324
1051257
1098361
991670
1098957
991570
1065781
1028507
1023636
1011152
988114
995988
1087367
998673
1049633
1028283
1018496
1082827
1047434
1010078
1081254
1060855
1020036
1001611
1026343
1041416
1152822
1004199
1093150
1013149
1011739
1036328
1076745
1065885
1035792
1001987
1095118
1019997
1111312
1049931
1016124
1010836
993789
1024585
1018250
1024554
1015396
999290
1059815
1024427
