1038371
1004215
1058498
1009737
1026180
1045728
1018233
1041542
1116673
1045855
1015515
1060550
1092271
1068785
1062688
1012948
1074100
1045328
1535164
1101294
1015871
1065147
1050024
990285
1047931
1005821
1120646
1042412
1035509
1043905
1164193
1057283
1068683
1044041
1002627
1050673
1074532
1005539
1047717
1009088
1040186
1007679
1087277
1096237
1009001
1059145
1018347
1009344
1045331
1035719
1057737
1038802
1044621
1105344
1026515
1016191
1075194
1024731
1034662
1031996
1097226
1034832
1075069
1008357
1100225
1018371
1215327
1079279
1056304
1090653
1069094
1016664
1050764
1039053
1031581
1080178
1044606
1014240
1063736
1035316
1066961
1009922
1099646
1040254
1144012
1096804
1040445
1001889
1070116
1022875
1171267
1071218
1090929
1032791
1085955
1041563
1115117
1040217
1047116
1051598
1014968
1074920
1012707
1052978
1067808
1023787
1001034
1072555
1120011
1012813
1119999
1012168
1085279
1050704
1046217
1035812
1011310
1017250
1107578
1020166
1072596
1048329
1041626
1103672
1068470
1031118
1101041
1081644
1042110
1022590
1048904
1063855
1173486
1024305
1114966
1034043
1032536
1058752
1095786
1085667
1057673
1018295
1115038
1041677
1126061
1071260
1037474
1038234
1014127
1046886
1040744
1041302
1035663
1021383
1080397
1048249
