50061
59958
63306
76379
62266
65884
52126
76350
50190
63619
57112
71993
65487
58164
40997
67445
55787
87365
33944
59373
56798
61317
66538
65581
83609
57709
55895
35760
65160
85343
63330
87703
82223
71558
82335
67851
51177
62359
76946
80228
57375
47084
58344
51504
45011
58255
43819
52616
38840
71756
71878
42873
51047
64679
82616
83621
56323
70831
74336
59401
60237
49048
64317
46674
58811
74421
53758
57539
89784
67588
67958
49305
68409
51107
78400
71469
61256
70823
78426
46010
82404
45500
45977
58124
48665
58059
67513
49747
65324
58897
63412
76889
67626
71805
58967
51528
68952
65036
51322
75042
69103
60278
82857
69129
53156
63645
76994
45036
69122
70159
68338
59174
67871
66651
69544
83334
50691
44751
53968
72191
59902
55957
55858
51661
73905
55680
77039
67314
41260
68218
69627
91312
41201
67376
35042
72940
68678
75081
51031
66770
70932
68175
43308
66586
52199
64627
50650
58030
42068
93922
84134
61820
79753
90899
58563
52462
