195674
195303
213070
222471
206452
222246
199615
220802
208660
221579
211357
230969
229940
184248
165383
218354
201160
233776
164303
231502
176027
203045
207748
218628
211941
236089
201278
159882
229107
237052
216787
237684
227851
217299
235262
233942
196221
229362
229623
217503
190574
195484
417221
181821
211118
215068
185102
201590
170136
211614
218048
145277
189497
210382
232004
218500
203192
221174
221429
194468
200288
193856
201279
196584
211807
231454
188376
194635
223426
227161
216364
196346
210721
209857
224691
225957
209263
244247
223095
187400
223391
192494
194058
215764
177353
211750
203454
226634
223052
212713
207361
227976
217021
256586
203254
202242
217281
235732
165425
222620
228903
200644
227167
209066
197065
203189
215778
179161
177609
224587
183622
188442
218632
216673
219853
241028
203447
178948
219982
242455
192066
208757
204168
200140
209179
203666
220955
222011
177335
212864
217197
244773
180579
209339
186111
229071
211447
226232
222436
230324
221589
203569
188680
207055
211739
208533
194070
195182
191431
232668
253135
218729
224486
257847
192831
191424
