311655
327297
296688
307017
290350
306756
307022
283806
298624
305538
318020
314224
308341
279514
326018
283307
266156
324995
333448
320162
316295
311344
258214
282373
306635
373636
340179
288213
286638
303769
294310
283868
280441
314012
293948
312786
316004
270649
274432
274027
313375
313567
283439
273680
309473
280883
346445
299546
358573
334750
292432
268730
313489
274023
290695
277101
288787
288342
303751
294769
303930
316160
324068
310802
320356
306657
279149
284899
294989
314649
286605
311789
294652
290361
269638
279034
288188
285812
328472
269508
302260
329102
269562
301400
290390
296351
320798
314511
276332
287980
253081
278349
302168
305316
301854
311524
332054
327974
291183
262170
286397
297891
295022
288620
312536
303603
327197
276605
291723
319048
301030
337928
290202
294935
255882
285255
278575
306747
333744
293376
284402
290319
348012
295422
274640
293441
336712
314879
274009
292631
268889
271624
329187
347341
301582
301207
351015
314551
336018
302382
297915
301033
285478
312465
279395
353687
291451
268813
314583
291854
303667
265666
339406
254919
307274
295865
