338117
337163
307253
316526
304297
315353
316055
292506
308023
316120
327885
326301
316285
286904
333436
298580
283101
337460
342483
337168
334289
320043
269148
292031
312130
379750
347442
299017
293154
317866
301201
290879
287370
327317
302654
319125
323475
277856
283035
282503
320964
323911
290575
284068
319702
287212
416902
307108
371530
344554
302533
278038
318683
281378
297198
289480
294730
297525
316316
302320
320050
338444
334641
326300
329637
318561
301723
294662
305868
322733
293990
323308
303225
299817
278853
289583
294888
302197
335317
288693
309018
339078
275961
310371
298258
306609
333765
323685
285982
297242
265028
284574
310997
315715
308724
318837
346367
334730
301796
268099
299426
313473
312385
294494
320739
315011
334412
281430
304152
325759
324332
346886
297797
303461
261335
291992
285476
316396
342033
305389
300372
300933
361014
307652
285810
301001
345077
328230
284064
301741
280861
279361
339320
359815
307648
312785
369257
325895
344633
311462
305489
309748
296133
322398
287828
362304
303515
275399
329305
301025
311733
273722
347455
266085
317118
316836
