341874
237631
325100
244232
247734
257318
235480
275104
251361
224550
272142
238386
357194
500666
844676
516826
559599
497791
608830
336778
596134
506288
563950
465077
809167
565879
701679
391832
638149
1042617
619341
887565
700639
548746
606053
481512
839247
563382
684667
1133419
692300
747564
480040
662687
621562
441548
461554
527284
760341
654895
548848
418839
472849
625536
472714
478659
430133
428800
688541
507060
781087
337871
635389
439216
483110
418708
477623
378184
327613
456833
295780
351688
409149
438252
670876
502806
531960
539785
385925
648119
533103
572187
380162
401323
717308
421979
661030
418218
566069
447745
509587
446542
451947
516018
550173
719687
1010205
804026
616260
668320
665322
596384
519504
466090
631947
499345
589697
529887
460409
702909
640583
563773
482574
572107
363909
506800
367675
622128
382588
417972
570397
544623
421038
411971
642214
329895
498039
391064
417467
415948
458719
440688
498458
319043
571811
399708
468866
461032
330224
420422
516993
490857
382976
441307
1093341
593386
738598
523584
602783
437169
555391
489884
510164
571171
397810
498663
