354291
246067
331837
252150
254455
264308
242704
281510
259121
231131
280366
249918
366237
507917
857679
530488
567585
504037
618178
345354
602781
511807
568933
471634
813721
573573
706543
395892
644758
1047754
628879
894710
707651
553898
615917
498167
844261
568671
704331
1146941
697571
755621
487014
670060
627687
455058
474077
534261
768541
669429
553426
423128
483889
635393
479064
488152
440457
433309
698994
515425
788020
342996
640988
447205
488648
424821
484756
386153
338471
463504
302212
359196
419205
446004
676455
509328
542424
548833
394831
655818
538416
584266
388799
409129
730900
433706
668429
429605
574207
451836
518189
451179
459985
522910
565469
725898
1019751
814912
628734
674411
670762
601772
526555
475435
637802
507326
593965
542625
466073
710348
647723
568011
487967
579279
371820
514060
421953
631958
389457
428810
576019
552851
427204
418043
649273
334094
507396
403508
424666
422234
468688
447959
510710
325253
577186
406629
478204
471659
338186
427784
524184
501053
390576
447353
1099233
612478
743134
531067
613560
446809
560965
499257
515254
579002
403034
505488
