23987
31727
30285
30455
30971
30463
30974
28972
16529
33313
28981
26762
26728
27953
42213
29248
31136
29493
32690
30299
28982
17526
29988
32536
28618
29644
28404
32409
25746
29955
21035
31774
29242
29325
29149
33980
29168
31018
33953
32262
28834
27225
32560
28447
30625
29655
31535
16546
28575
33402
28843
30759
31441
30790
36213
28220
20102
18517
30092
26758
31810
30561
29742
31738
31034
28217
30828
30331
30480
16262
28270
18261
30445
28867
33502
32221
30443
27604
31483
27859
30766
32263
35177
29497
29946
18446
29141
29826
29056
31222
28883
29734
28021
45936
27510
28106
32531
28654
30161
28252
31067
26375
19215
32903
28578
28461
28205
33589
29748
29939
29674
31400
28771
29866
31454
35123
28576
28277
27129
22277
29579
25463
32312
30610
29534
30867
31078
29172
29493
31206
21586
28714
22597
33437
33025
30643
28365
37098
30557
17394
32108
21839
28579
29455
31150
30493
31704
30043
30437
28647
29880
28491
32218
28911
28755
29671
