41340
40414
38227
38526
39335
38954
39892
37475
25147
42209
37086
39333
34893
36326
49912
38089
41231
37932
41128
38520
37493
25531
38544
40482
37137
36986
35913
40632
34747
39545
29669
40018
37590
38113
39426
42401
37508
39435
42460
40763
36905
35257
40863
36708
39794
37835
39637
25767
38653
43011
36905
38921
39639
38783
44112
36581
27763
26717
37916
34825
39768
37861
37934
39607
40740
35661
39310
40017
38847
24816
36403
25819
38398
37143
41640
40729
38201
35528
39011
35957
38996
41554
43478
37672
35869
26113
36813
38270
37261
39218
37307
37539
36104
54307
35190
36066
42041
36625
37880
36655
39046
34156
27800
40632
36611
35978
36363
41653
37876
38183
37740
39655
37820
38475
41028
44414
36838
36234
35628
30103
37376
33831
40366
38531
37667
39282
38901
37541
36844
39468
30592
37132
29098
41816
41343
40161
37044
45295
38866
24715
40265
30419
36645
36900
38019
39037
39895
37958
39191
36964
37604
36700
40684
37113
37458
38101
