804439
789226
816410
768665
798058
791566
791356
791859
768516
757566
759872
758232
941918
854612
898164
901056
900794
862784
835489
878260
888292
865542
803533
843342
889231
809692
896608
869303
831512
835987
852574
805478
900447
808477
880362
783217
856288
807353
787928
804800
812871
806444
871344
832436
850849
814475
865905
862734
874912
840398
809210
841189
874315
848396
858655
893365
851851
790689
833890
843098
909323
781350
832194
823052
803349
836370
864938
815870
894519
844849
837017
810531
898277
841243
849713
782466
857253
802663
857750
897109
825408
816464
802906
819918
882668
894589
848097
920333
805104
813762
851994
789444
819141
810567
821175
857261
855086
789745
830748
790038
831817
938955
804100
794528
805509
830286
811235
786850
800336
796089
821265
787253
814501
791379
825548
832808
840125
773904
834257
870028
865656
825579
850288
834469
795693
801914
869772
771245
845018
792088
851561
803996
930463
767988
861020
787838
818686
800408
840546
810027
855972
851561
796830
861165
919583
801162
828382
822792
797394
834166
857440
784808
834848
806607
789696
862084
