812454
813315
826047
778161
809507
801396
800956
800129
777460
766981
771291
767183
948543
863922
909313
907015
908464
871986
845719
887608
897080
874545
811231
850726
897981
817074
903383
877952
837714
848975
860564
814438
908270
815711
887517
793468
863726
814564
796687
811852
822534
816812
879039
839161
863015
825151
877435
870593
883857
847424
816934
850026
883123
857224
866064
901356
861337
799298
843187
848978
915857
795466
840125
833606
811442
846373
874085
824151
902133
854784
845901
817803
906409
849083
857880
790642
865628
811566
865919
906206
833550
823495
810696
827546
898545
901953
855973
928142
810838
822556
859370
797314
827469
818645
830707
868323
863829
797590
838540
802934
838012
948647
811339
801717
813037
837251
818305
794569
809267
804346
838198
794999
820595
799041
833659
841322
847345
781184
840580
878728
878487
833977
858169
841032
803523
808902
884447
781036
856535
800540
858244
811540
937223
776834
871454
794794
826059
808174
848299
818506
862992
859070
809141
868981
927601
809531
836400
831242
805031
843071
865490
794075
842676
813848
798837
871504
