767514
740959
763456
777916
745962
756828
913226
805897
824562
814749
754427
759355
901572
941758
834859
831672
854760
827338
775445
777324
808635
815870
822578
800756
830849
830272
1043081
832620
769929
828256
830859
791306
837377
785062
808163
801508
869538
805666
821939
767760
833469
866401
869826
796801
808157
805717
784210
842077
810507
886941
840748
819460
830782
971618
823223
772176
812500
764454
793757
855607
822746
775557
762991
831819
771382
813104
807314
850868
784721
735631
776432
774356
810763
755108
772240
771729
753307
770418
758944
780580
746454
806913
754449
834260
902979
861325
803285
810860
778703
837055
774721
753231
786970
777243
773953
826339
891763
806542
798935
787852
775250
860041
830942
833028
757952
816049
798287
816886
822584
791317
795639
778713
817626
806328
841145
751427
777744
764687
791985
777527
844700
884113
763663
782296
761126
790963
755619
765948
757162
799255
776329
756590
782043
808478
822634
767658
800797
799206
769431
767135
776566
763905
781404
800331
761321
787101
788342
789975
798929
767441
793302
752167
809399
771636
793761
769803
