774714
751255
787022
786293
754527
764709
920824
814445
833407
823147
761781
769388
910210
952014
848697
837441
861516
834973
781655
784062
815382
836089
829888
808926
837617
838901
1053056
837306
777481
833560
840445
799043
844879
792678
813347
807383
890268
811892
829665
779790
840678
872403
875650
807789
816826
812935
794314
848162
820554
893248
850104
825547
836220
986723
828572
780508
819557
771586
804110
862440
829131
785579
769348
843535
777547
818963
813984
857524
791812
742708
783827
786311
817690
765180
777487
779569
771813
783550
765665
789086
753592
813560
760819
842107
911614
866777
808712
816315
784624
843745
781659
761249
791828
784588
780846
835922
897120
814118
803954
1079607
781735
865411
838064
842817
766484
821730
804028
823858
834081
796956
812777
789437
825757
814565
846093
762548
785006
771906
802324
787158
856772
902306
768460
794151
771401
801266
761287
773541
765216
809408
784134
762705
787877
816185
830773
775973
808263
805346
777793
774099
784613
774818
788314
809106
776231
797266
795762
802552
812336
772623
806080
765950
817437
777534
802850
776198
