810731
794415
857111
743857
789763
749441
828754
716305
765546
841642
749008
796440
2469322
1364523
1818146
1594072
1508586
1819117
2506072
1442793
1662081
1119799
1567589
1473112
2323895
1362823
2159685
1838109
2399727
1529362
1744772
1573354
1214429
1890113
2309440
1132360
2439953
1819557
2051663
1630476
1954780
2066906
1577052
1282363
1630652
1550105
1644644
1511187
2713187
1695405
1889581
1369810
2608567
1322837
1989521
868531
1318801
1018793
1134021
1539985
1584750
1536685
1621314
1193380
1183497
1301208
1234112
1179741
1399620
1094085
1131389
1237298
1320051
1426761
1293345
1554412
1703561
1552454
1536599
1585442
1716135
2046467
1830199
1545144
1574435
1781909
1860553
1543391
2127226
1325471
1408202
1393641
2301588
1575559
1415752
1423393
2395816
1232952
1510376
1947804
1603037
2367817
1324195
2103661
1394299
2180816
1238578
1884658
2914970
2190255
2121584
1330431
1686223
1353402
1843866
1070584
1351796
1126769
1250047
1242429
1454851
1051863
1248485
1254053
1202401
1136306
1161584
1040896
1124403
1310097
1017536
1192396
1299721
935104
1757645
954355
1508400
2142440
1077535
1484280
1108135
1160410
1123525
1383548
1876633
1495222
1920672
2190519
1247447
1676503
2307864
1830198
1687552
1285752
1466359
1319525
