823943
802365
864061
752534
799411
757478
835860
726081
773592
853636
757636
804454
2481105
1371420
1824947
1600273
1517073
1823926
2525372
1452559
1671206
1123771
1573931
1479387
2328785
1368525
2165159
1849392
2412972
1539786
1756000
1579263
1219587
1897403
2317714
1137563
2445233
1824545
2058712
1636499
1960471
2090280
1585576
1294009
1636287
1556630
1649715
1520142
2725940
1702189
1896943
1380900
2614033
1328292
1999614
888145
1324506
1025942
1140557
1549970
1590159
1546004
1629206
1199753
1190648
1309182
1244762
1190210
1405197
1100713
1140573
1243626
1326210
1434896
1300944
1560544
1713243
1558436
1550191
1599189
1734025
2057484
1837065
1553174
1584004
1788733
1865160
1551028
2134091
1335444
1413987
1400922
2310199
1581740
1420826
1428864
2404375
1241165
1518888
1956587
1610522
2372806
1331402
2109139
1402599
2191914
1246795
1889921
2925030
2200501
2127247
1338368
1691456
1358789
1861122
1075829
1360483
1133184
1257411
1259446
1460301
1059347
1255405
1260926
1212622
1143263
1170786
1047205
1131917
1317187
1034606
1204682
1308259
941487
1796307
963917
1515369
2148377
1084086
1489666
1127027
1172494
1128683
1878467
1884922
1502545
1926963
2196213
1252719
1682532
2312702
1839281
1694267
1292759
1471934
1333242
