1857782
2922608
2368672
1690240
3054895
3404012
3450322
2436066
1757321
2913032
3612163
3398038
2107284
3597315
3159308
1992450
3560305
3307339
3529681
3251934
1794419
3726936
3936050
1736746
3518140
4047406
1809058
3406631
3353984
3766220
3546610
3239308
3486661
3110386
3070213
3372358
3842132
3575441
3863673
3770631
3230131
2126440
3337507
3694521
2578721
2622259
1871245
3212131
3578598
3622279
3759076
3527320
2626285
3553507
2803355
3076514
3389959
3211355
2168183
3159714
3146809
2944975
3095805
3710263
3203245
3553012
3240890
3413621
3432585
3499527
3577776
3453847
3559289
1975056
3405467
3251568
3525546
3090127
1800553
3414955
3061185
2580384
3376683
2953372
3214943
2577558
3496914
1905812
3898742
3540134
3493556
3199843
3389318
1932689
3502844
2519485
3405048
3597792
3556628
3551062
3290514
3147599
1775476
2517755
3652448
3064333
1868299
3245345
1992890
3381934
3186760
3440200
3538122
3120603
3197566
3095452
2939789
1926035
2006722
3111137
3847855
3388042
3307849
2905880
3406905
2491354
3519400
3012361
3372382
3096053
3128788
4034107
3005123
3177747
1804653
3378420
2991578
3413952
1971176
3454359
2954384
3025609
2536461
3987988
3443883
3423485
3228906
2543407
3008349
1911029
1826524
3874870
3416878
3514525
3903577
3427946
