1866286
2932334
2378007
1714528
3062950
3412564
3460040
2445169
1766472
2922214
3620809
3410283
2113963
3604323
3164788
2006521
3568329
3317684
3539446
3267479
1803408
3733343
3945708
1746361
3526772
4053639
1817428
3411904
3360183
3777647
3559881
3259619
3495114
3122423
3077425
3389608
3847985
3581215
3877290
3781585
3236638
2133097
3342741
3699438
2587915
2650540
1882047
3216734
3584794
3636851
3770727
3533454
2632567
3560788
2809307
3085662
3396741
3221396
2176022
3169096
3155501
2953473
3104739
3718321
3210839
3561514
3253243
3422478
3444098
3510464
3584049
3467017
3574876
1980576
3412736
3259098
3544499
3105734
1812488
3422906
3067972
2591836
3384728
2961776
3229285
2584955
3503029
1911314
3906688
3551999
3498818
3208261
3404872
1938684
3508938
2527668
3411982
3602911
3567068
3566678
3472371
3152860
1783365
2522294
3662176
3071744
1873948
3259012
1997920
3391712
3193352
3448289
3544824
3134495
3205334
3102238
2948009
1932370
2013466
3122117
3861554
3396209
3317165
2922547
3414343
2499785
3531679
3020323
3380304
3104817
3136904
4045136
3021153
3183514
1815445
3386275
2999305
3422404
1978907
3462669
2964468
3034058
2542911
4001575
3460104
3430543
3239902
2551174
3015753
1916593
1831725
3881688
3422698
3520933
3911299
3441505
