2373111
2316744
2203565
2335550
2322318
2293828
2273784
2248921
2181418
2291469
2405971
2207787
2132724
2306817
2213307
2244251
2112242
2045845
2286934
2080077
2473070
2394660
2278525
2266315
2243821
2174284
2247281
2248577
2236737
2258201
2288939
2157512
2257661
2253483
2350884
2200822
2310316
2231307
2256097
2315053
2304360
2242177
2327665
2212284
2420740
2352395
2158547
2353779
2072006
2279582
2405673
2292583
2308114
2059525
2352761
2289615
2307960
2348628
2335565
2253767
2257873
2308586
2264192
2282410
2261053
2182182
2227867
2249532
2073167
2285180
2267077
2094841
2269960
2272809
2208739
2324970
2341503
2274200
2289411
2310966
2211700
2355066
2355152
2223806
2223236
2164281
2273190
2209961
2277070
2297499
2272319
2352455
2341171
2247634
2371927
2088565
2357130
1995026
2318303
2375644
2358020
2227101
2335248
2282464
2332731
2260698
2246266
2275376
2230510
2313466
2330035
2222292
2201847
2331457
2278463
2257139
2347319
2297447
2188157
2267893
2179430
2282986
2271553
2285896
2241715
2312002
2081102
2319091
2082588
2331951
2284998
2218305
2233118
2277305
2317318
2358143
2346231
2317755
2369550
2255872
2261273
2304383
2269343
2278251
2332783
2332099
2288283
2287043
2231188
2262758
2260300
2323806
2374437
2302319
2313185
2291920
