2384818
2324152
2210477
2344227
2329659
2302272
2281239
2257051
2189539
2299632
2413799
2220068
2140078
2315387
2220040
2253185
2119423
2053081
2295140
2087444
2481255
2401590
2285392
2273522
2253414
2182924
2254287
2255942
2245133
2265194
2296690
2165133
2265007
2260006
2358231
2207924
2317753
2238793
2264206
2322385
2311275
2249398
2334626
2219980
2428379
2359571
2165747
2361787
2079587
2286518
2413323
2301304
2315346
2067035
2359584
2298721
2315355
2355750
2342796
2260844
2264634
2315946
2271593
2289651
2268140
2188845
2234609
2256935
2080868
2292498
2274466
2104139
2277709
2279873
2216448
2331903
2348957
2281921
2296604
2317636
2218728
2362495
2363092
2230659
2230065
2171672
2280197
2216930
2284289
2304632
2279357
2361159
2348803
2255360
2379377
2096471
2365057
2001862
2324835
2382274
2365178
2233745
2342434
2290462
2339732
2267585
2253640
2282319
2237963
2321619
2338789
2229332
2208504
2338742
2285440
2266020
2355053
2304472
2195211
2274449
2186817
2290216
2278748
2293583
2249319
2319258
2088254
2325843
2089464
2339549
2291715
2225808
2240462
2284254
2324514
2365095
2353645
2324842
2377015
2262484
2268298
2311561
2276614
2285251
2339715
2340734
2295281
2294973
2238598
2269923
2267609
2331458
2381160
2309045
2322105
2300141
