1752263
1693398
1570969
1670141
1733524
1667244
1704997
1706463
1708600
1628664
1625262
1725112
1813714
1771062
1641922
1558393
1658509
1664119
1655764
1654689
1629444
1613077
1668191
1614019
1708592
1595466
1583358
1663781
1729167
1741348
1662474
1633261
1673906
1640189
1630723
1655711
1930305
1726091
2084113
1691816
1850883
1677353
1643101
1647083
1713996
1694316
1658029
1713310
1748402
1744941
1770158
1585441
1610557
1840647
1672669
1695501
1634876
1575148
1675881
1602143
1617947
1610799
1624321
1639510
1654699
1604313
1602178
1606887
1605644
1658646
1669729
1655253
1617235
1679057
1635919
1635421
1665578
1759539
1692107
1653843
1693859
1604315
1549797
1609832
1641468
1768265
1638784
1668276
1775029
1615310
1570705
1659021
1614647
1644244
1567577
1631906
1638072
1972555
1737116
1700577
1663879
1735618
1608292
1666376
1617245
1663661
1683001
1659797
1720234
1787705
1760000
1755112
1636550
1644289
1634933
1657094
1538372
1629884
1617891
1593724
1722882
1646330
1737995
1599953
1621794
1617231
1629082
1584817
1601592
1573390
1665955
1634219
1648427
1689646
1778414
1693802
1639045
1705066
1727997
1795365
1546964
1604949
1489532
1698201
1649376
1623530
1564861
1664768
1658737
1655708
1624707
1597578
1646114
1623071
1629482
1622791
