1762394
1703987
1586412
1702394
1743931
1692595
1713900
1718745
1719477
1639018
1634778
1749534
1821785
1781297
1670909
1566818
1667137
1672514
1665795
1670010
1645329
1620775
1678674
1624783
1728905
1608063
1592856
1683864
1744310
2123235
1671760
1641181
1683093
1652175
1636398
1678382
1939013
1735165
2095492
1698196
1861952
1691927
1652507
1663489
1722691
1710492
1667184
1720330
1756677
1751828
1782676
1600566
1619539
1850640
1680877
1709085
1643091
1583166
1687712
1611397
1629722
1626525
1635679
1648515
1671762
1615725
1612819
1616367
1619990
1666934
1688571
1663708
1626004
1688820
1650509
1641785
1673289
1767787
1700702
1669417
1705782
1623123
1557253
1618241
1648308
1778385
1651314
2014776
1788129
1622106
1576782
1667088
1622311
1651261
1573931
1638063
1644455
1987588
1744597
1707046
1675310
1747551
1614618
1675395
2119009
1688984
1697586
1667009
1731766
1794585
1767040
1762265
1642724
1657158
1644412
1666740
1548457
1641236
1628079
1602301
1730678
1659887
1746250
1608981
1629817
1628914
1645466
1593274
1610434
1584034
1674770
1642739
1657662
1701669
1785283
1702272
1654793
1715303
1737406
1812151
1555621
1624552
1507335
1712124
1662728
1643888
1575513
1676617
1676246
1668617
1631548
1604421
1653132
1632317
1637235
2297384
