1080344
1004540
1030807
1071518
1067473
1018954
1220738
989087
1125728
1011525
1090058
1019405
1201942
1160382
1113805
1191668
1256858
1216588
1202316
1074809
1141349
1180661
1119806
1048583
1193395
1098938
1245417
1163990
1157879
1190545
1177385
1105661
1174343
1140661
1135939
1174245
1287229
1161408
1264074
1137298
1203378
1254671
1197502
1196897
1149397
1164359
1217934
1116603
1170984
1185697
1120083
1223479
1204614
1109425
1255738
1104942
1090902
1192121
1114620
1151798
1248304
1152771
1142130
1160526
1158904
1187176
1135457
1155702
1308894
1082220
1093969
1203178
1157272
1261150
1147406
1168334
1199403
1175622
1094190
1178522
1265953
1107070
1185353
1151726
1202930
1297466
1230361
1211159
1214229
1309639
1134007
1176084
1148803
1117014
1185246
1178267
1168587
1170244
1095505
1141563
1279604
1167221
1249984
1052318
1053061
1249517
1096491
1060299
1128373
1089455
1148881
1144750
1168643
1070524
1202328
1087414
1169685
1064603
1114104
1157978
1212411
1120954
1093739
1114212
1058118
1193876
1210555
1096689
1110636
1114853
1152005
1124350
1200609
1167159
1266927
1082713
1122809
1195353
1091455
1163815
1100942
1108246
1136095
1140154
1199980
1061196
1113529
1068070
1135676
1208462
1080619
1138619
1147897
1082338
1221599
1159173
