1122203
1029235
1050661
1091576
1088915
1044782
1247074
1013842
1147734
1033125
1112785
1039654
1224380
1174117
1130103
1204797
1272545
1234712
1224091
1097045
1155993
1201934
1134165
1070154
1209703
1117248
1257352
1185447
1183758
1210218
1198358
1124466
1205352
1161568
1156973
1189744
1311237
1182685
1288493
1159536
1217110
1267955
1212112
1215894
1169607
1183018
1234207
1136832
1202890
1204083
1137157
1239355
1225687
1128778
1274867
1123540
1111256
1220540
1134627
1165171
1266975
1169008
1159938
1177828
1172831
1207463
1156760
1174564
1329057
1107345
1112918
1226011
1185769
1276109
1163237
1189623
1216060
1199184
1114036
1192135
1288481
1126396
1208839
1170423
1227972
1318315
1249805
1227106
1235773
1322946
1154752
1196354
1171201
1142918
1203882
1198577
1181942
1188928
1114071
1157287
1295718
1189081
1270448
1072327
1069007
1265741
1118440
1082405
1139548
1108971
1169375
1163680
1188795
1086245
1220476
1109534
1190366
1078103
1131420
1173389
1232274
1140251
1105176
1135786
1072527
1221324
1232427
1115871
1129102
1131767
1173083
1146070
1221342
1183091
1283152
1102128
1144731
1216347
1113884
1183792
1121102
1129061
1159737
1160850
1221588
1079465
1137545
1087570
1157240
1229360
1101346
1158561
1169756
1100564
1243061
1180281
