477292
400148
411911
401987
393446
371709
421542
378894
369023
376671
361457
363263
398919
410665
371010
356658
352768
374287
399506
386080
377489
385607
371324
396820
411534
390216
390934
375024
383770
349382
402415
380119
392734
351522
405673
358390
403320
346827
362741
379567
393578
367065
392588
371300
398803
419536
379963
358563
386630
370062
384858
398822
377564
378239
378826
382451
358701
363821
379690
349393
405880
363747
390844
375262
401484
374206
415223
358590
379699
370242
382946
354017
400863
373117
383006
382855
402141
398051
371338
358810
438102
365137
354498
356206
397649
380110
369634
372245
396590
408354
382255
359855
361142
401783
364313
417572
363803
393257
374974
370325
389750
397956
356836
400260
352082
399525
375798
384779
362136
389212
369360
380270
362710
407507
376153
374552
380769
387923
359891
354686
363954
414215
361969
381161
374912
423299
383706
368439
415360
360367
415751
385189
403176
339199
373964
380835
406851
359760
402845
358514
409868
356257
379055
368579
435877
371621
375143
362197
391134
351900
417871
356978
364321
379616
384055
364234
