606581
516799
527387
536494
513911
497047
530965
497823
486465
494608
478559
488436
512819
530490
482497
468158
475485
493849
514210
513103
516832
504925
488756
506788
525389
504006
513084
491994
495211
466373
539519
492499
515563
465681
516451
467672
519422
456639
470660
504084
528954
463743
502502
482657
505888
525107
483598
474840
497236
479986
492626
509020
485876
494518
489410
502839
461392
472695
490069
457565
501361
468791
501354
488673
508774
493266
524136
473713
490384
488258
494562
466281
512183
493407
491591
492580
517170
505048
482908
466047
546609
488190
455636
460726
516466
489907
476232
489373
506670
519898
487848
482702
475850
508416
471981
536921
467606
536199
491495
480836
494049
515939
482191
508985
461878
514603
492126
492051
474861
495568
476535
487161
475188
523864
483126
501334
498997
489924
465371
456411
470878
528060
462907
488007
481816
555466
495374
488465
525468
468564
528417
527027
533360
465489
468135
497274
524532
465348
513383
466191
508527
462982
485984
466293
555254
482841
488430
454966
509743
461258
533772
474171
482778
507469
483070
474390
