127495
102958
115211
103149
74916
105084
80637
71393
66584
67349
91817
68314
65089
77478
58128
69363
91879
64688
61035
86457
105689
86567
98241
91299
100000
115830
97939
82650
88680
77415
112085
97308
92809
106850
95124
100096
81525
103388
104586
115263
99650
85583
77925
106028
98432
98225
110840
90480
89393
109624
91531
110885
110225
94035
80429
96988
79617
92824
99055
97726
86341
97598
80930
100028
80481
133833
82529
92266
79035
96454
83902
91833
113551
96957
97997
80315
89638
119027
95224
99188
79615
115050
81614
114925
81379
89817
110281
96775
95035
101312
92595
93978
97390
97308
79494
97274
80092
107406
83001
111486
107658
94265
92343
86491
98251
97432
86010
87410
85180
95644
93705
87664
94314
91196
101739
99242
95931
82987
118638
80460
96138
78844
98123
87565
107945
102826
93889
115403
81436
109534
86195
95961
92036
86031
95490
110891
90076
125488
93533
100147
95093
94366
85528
92684
102026
82053
79190
113575
93674
92935
88680
94353
90979
102051
91814
106728
