177647
135353
156737
135271
106709
139145
113813
103091
100975
102078
130529
103306
98244
99836
100362
102918
125893
98207
96013
117803
139880
121296
133918
125011
134668
148833
123117
119226
122070
114028
146929
133455
127883
143419
129361
125395
111596
132786
137862
145097
132708
123224
112258
142033
132917
130654
146309
123674
125688
143649
127203
145600
143798
126590
114144
129918
117024
126349
132295
131332
109481
132365
115516
134234
113641
168968
130478
126021
113992
129368
112000
121232
150868
131867
130000
114842
122175
152661
129137
131384
119800
149576
117242
150796
113762
121390
141228
133277
127438
137516
123772
129323
131260
131269
112078
129411
114735
142395
117213
145931
139966
131301
126355
125156
132916
137211
120056
119986
122664
132259
126835
123107
128079
124052
138319
132585
130408
114702
152944
118734
128507
112381
130255
119458
140534
133594
131602
148652
118291
136366
120438
129666
126929
119307
128824
144098
123549
160117
126120
137428
127109
128659
118896
127394
125065
115139
111732
147034
129656
125940
125423
128363
129372
136472
126394
143731
