424695
434707
433392
406813
412923
475224
449292
415387
450265
420612
466738
414002
435850
439594
524598
424402
479790
406408
419803
493784
429249
453674
470798
450161
454173
463627
482973
470105
429538
420657
451432
420651
454649
457234
572316
414685
519899
434520
501052
503332
426356
458348
422989
410949
412301
429302
452917
439208
453370
432827
407245
445645
416406
426751
486951
441137
427627
476548
451325
440985
408657
425192
443944
487240
426347
410967
417028
413845
452337
486693
415582
411751
434947
428674
459554
468847
405779
433042
421303
428211
439123
477730
418008
430550
426291
482181
488434
426415
422144
417174
424193
434090
439028
415866
418739
423029
491201
423070
425179
403693
441799
430989
416510
438560
438118
417612
405208
419003
439091
448299
536340
444062
501878
439310
447707
432832
433273
410890
414621
465097
423608
415002
451385
434666
416798
447772
420595
408057
430989
436973
454495
467559
437830
409458
435597
439574
472071
434850
421630
433412
412407
432558
424789
439648
483381
458469
516640
436765
444289
414426
422078
436421
435974
434258
413591
430767
