459141
443137
441205
414436
420969
484028
457924
424422
459042
428922
478611
421372
442928
455889
533047
429778
488822
414506
429932
500762
439591
460824
479264
455968
473811
480560
489734
475228
435171
426476
457959
427576
461769
463282
582603
419328
537806
440451
509784
509088
437140
463028
430454
416010
418585
440720
459975
452405
458108
440216
416709
451046
426298
436821
496712
448647
438214
485405
459058
453125
414947
434358
453522
495874
431398
415902
423412
419938
460704
493761
421929
420792
440353
439969
467776
475086
411921
442913
432353
440033
448310
483685
428121
438109
434222
489585
497016
437234
429486
423787
429230
443776
445756
428880
425993
428320
497984
428895
432510
410390
447555
447285
425437
444166
445193
436731
410555
436766
445023
455500
550253
451022
508535
445122
458013
439228
439843
418081
420624
471704
428112
428348
459602
441636
423443
461208
434418
419549
440922
444050
460407
476626
443723
418411
441775
447332
478009
442765
428644
440319
419183
441115
432366
450405
492090
467443
523906
442053
453680
421295
429271
444304
441560
448721
420210
441769
