3968639
3766754
3622108
3812071
3888271
4358827
3472924
3882002
3504497
3794244
3531987
5676721
6972814
8403932
9792120
10500327
10795329
11646982
12226064
12431329
13086294
14262368
15145721
16459478
18029445
18299268
19032588
19993780
21205342
22075550
23188076
25303002
26933502
28331986
30004172
30006270
30002544
30002993
30000019
30003788
30001444
30008705
30013328
30003211
30005633
30003985
30003867
30002764
30003783
30004512
30008058
30005670
30002265
30000241
30003871
30001753
30002653
30002301
30006583
30004546
30004848
30001133
30000707
30000834
30002295
30004716
30004814
30003108
30003719
30001864
30007318
30001205
30001588
30004615
30004998
30003664
30000431
30005996
30006790
30007541
30001880
30003009
30003340
30000779
30006082
30002835
30004082
30006394
30004319
30005449
30005519
30002621
30003363
30002116
30002073
30002304
30007693
30005180
30005350
30006324
30005290
30005759
30004466
30001600
30004733
30003552
30004903
30005861
30001470
30001673
30003185
30003763
30002909
30004981
30005106
30003847
30004937
30001799
30004279
30001641
30002242
30006895
30003968
29999998
30003700
30001485
30000734
30001538
30002010
30002494
30003299
30005630
30004178
30002295
30001093
30002003
30004368
30002388
30002722
30006116
30002285
30001936
30004129
30007769
30005319
30003763
30004304
30002998
30006589
