756949
708900
732852
720649
680882
728180
737092
718169
728297
770541
739181
702835
736058
752156
733640
705873
713911
656012
708011
711710
674813
703130
690820
684973
795788
742919
746080
823975
758479
698174
801936
776866
689894
762354
803716
782104
684847
703281
755916
775401
722285
754964
870642
773270
761869
769148
808359
795327
808398
816427
774312
784931
809123
718955
752654
758485
728768
741429
728915
753727
812672
822737
765076
808214
711648
742121
800750
763054
810559
786210
767366
766490
747247
710341
751293
828490
744723
740475
780225
730178
745959
725992
758403
828573
759852
701205
779284
719603
782630
730379
772157
662748
770360
759554
808473
717229
766359
753376
795335
752592
740718
664974
726252
662328
743187
734844
681987
712932
743348
658714
781924
677748
725831
664970
780512
782618
754895
789863
764539
669759
727287
752225
779302
682398
774584
730324
760540
713352
742245
775495
733737
712191
887930
707809
707978
740432
759898
677875
774558
714756
705335
689882
788562
761397
771931
732056
792098
779143
764330
782689
744429
760743
799088
712260
737734
768290
