761427
722765
740156
727474
687727
735280
744232
725210
735788
778335
746149
710365
754265
760436
740804
713722
720435
663284
714814
719340
683021
710466
698962
696543
805480
749769
753226
832200
765970
706066
811358
784209
698179
769982
812121
790221
693192
711131
763357
782916
729868
762149
878011
781221
768340
775936
815490
802755
815820
824409
781746
792597
816333
725808
758924
765572
735952
748352
739605
760558
819889
828739
772047
815517
718543
749138
807575
770588
817616
793155
774282
774874
754283
717057
758146
836823
752271
747795
787852
737312
752931
732909
765186
836815
766741
708276
787046
726942
789828
738694
779589
671098
776973
766401
815394
723465
775469
761037
802437
759635
749022
672091
734090
669189
749980
742783
690341
721075
750655
666003
788918
686158
733808
671511
787739
790011
761834
796487
771260
677121
734733
758998
786243
690015
781888
737813
767682
720286
749881
782880
740873
719932
895132
714601
714313
747913
766798
686129
782061
721996
711644
696955
796607
768911
779587
739232
798984
786266
772687
790087
751462
769586
806561
720132
744649
775614
