21983
28205
31329
30975
32172
29241
28367
24634
21168
28852
30617
30781
30143
15088
25023
17356
19235
13706
27055
30932
24394
13692
16128
13390
27712
34435
25334
28813
19132
23297
26016
27617
17396
21722
21638
24284
15898
12672
14804
12260
15594
20953
16831
13410
13602
24246
19217
16051
12323
15728
14738
17383
12616
31210
19175
12235
25451
23917
24111
17959
13987
27667
27504
21082
22670
29135
17220
26880
17045
24692
27935
21837
31623
15511
27659
18128
32969
31079
23312
16994
19602
14084
22107
22335
20604
26116
21677
13766
13935
18137
21136
25195
22616
14186
15455
20528
19973
23872
23763
22580
16500
26827
34153
22842
20999
11898
20923
13521
16754
17661
14845
24906
17221
14756
16203
25461
14292
26462
28465
17497
32733
13351
32322
14496
22713
19708
23233
27693
24906
29869
27164
29456
27917
30406
35173
11834
26260
26201
16511
25858
30297
23849
20544
42900
33380
13863
12560
16002
21478
25880
23823
20471
20969
20899
22432
13028
