47627
36742
39418
39493
40653
42083
42452
33611
30516
41295
39977
38933
38342
22185
32550
23863
29851
23598
33342
36539
33993
19669
22083
19238
37822
44627
31315
36209
28556
37186
36114
33736
22346
28674
32284
37137
25175
18590
24211
18115
24430
26224
21300
21618
18575
32679
27387
819904
20208
23360
23555
28834
17562
36746
26501
19591
35795
31016
31176
25111
19846
34865
34701
27841
31141
36441
28069
33321
27578
33130
41931
32790
45198
21092
41789
28454
41962
38575
34062
27969
26234
23092
29304
32996
26314
33116
26803
20907
24436
32297
34745
33472
31686
20505
21502
28394
34615
30638
35559
31595
21925
33614
41185
28641
29450
16975
40242
23209
22105
23663
23750
33319
24234
22853
21255
32686
20513
33533
35516
627709
46833
18435
39488
21710
30172
29469
32680
35558
35918
40096
34581
38090
546997
38507
43602
18151
45911
31639
25871
35849
37720
32275
30375
50339
48423
24090
19351
23750
26739
43293
29893
29953
27405
30396
28303
17545
