1106012
1142907
1102776
1125797
1099100
1197088
1212567
1114671
1114378
1143466
1028058
1161495
1440425
1119799
1315869
1235294
1334025
1248871
1230867
1197501
1194985
1230908
1298555
1110438
1234962
1248447
1268018
1283799
1205717
1268623
1193123
1294666
1303498
1285451
1259414
1250135
1435115
1181567
1231328
1288806
1267475
1216172
1229427
1244709
1291985
1272972
1273141
1214868
1398621
1366055
1232028
1313113
1256181
1348131
1291983
1144509
1259881
1178966
1339252
1284197
1236548
1291401
1174210
1154733
1355464
1180749
1251106
1262829
1177974
1284839
1196233
1207103
1209774
1222085
1247025
1147544
1129442
1241301
1203269
1237633
1283695
1119816
1229904
1212323
1218809
1259936
1215411
1244455
1208423
1170137
1166117
1213947
1168349
1194052
1186210
1183360
1382983
1242648
1149350
1253599
1275233
1174577
1205635
1267904
1213874
1245005
1265597
1227394
1213746
1254335
1283634
1342261
1220969
1211674
1312778
1266258
1268529
1229553
1233449
1129771
1185000
1292862
1276895
1163455
1268561
1344870
1218347
1254652
1168447
1186832
1219199
1296710
1248862
1178225
1179871
1144206
1196411
1250436
1189792
1162734
1174352
1196705
1198987
1136048
1209484
1274517
1247088
1119661
1258788
1234766
1221911
1110042
1240615
1096671
1147591
1193962
