1141722
1164949
1126041
1139840
1127211
1218134
1232465
1142598
1136517
1166236
1049721
1184348
1452423
1133691
1334076
1251992
1348136
1271420
1249093
1218404
1217392
1252713
1324494
1128200
1248860
1269699
1279211
1306912
1217040
1281804
1210467
1308634
1320328
1295895
1276263
1275813
1450810
1198625
1251684
1306771
1280389
1228816
1245014
1255890
1305676
1292931
1294964
1228068
1412324
1385054
1245908
1324147
1271072
1358028
1304362
1163737
1277069
1197408
1359714
1311038
1253670
1313974
1189508
1177138
1378377
1201130
1284708
1282525
1198909
1308977
1221012
1223902
1220871
1241367
1262034
1161481
1151043
1260613
1216800
1265995
1303141
1146689
1252564
1232854
1243827
1277099
1232428
1271891
1238188
1202502
1180193
1231529
1181930
1207295
1206688
1197229
1411165
1257259
1163434
1273392
1288558
1187492
1234855
1280974
1232119
1257305
1282456
1251176
1234926
1272817
1320868
1369971
1235239
1226105
1324473
1300464
1290766
1259145
1252697
1148975
1197021
1303933
1295230
1179970
1283230
1360779
1243422
1269054
1193721
1199523
1238233
1308960
1265181
1194436
1198067
1167257
1211154
1268359
1207194
1181974
1188549
1215129
1213226
1157630
1258071
1286239
1259741
1133625
1285028
1257543
1239617
1134609
1261469
1133269
1165545
1220544
