490683
437903
414201
440536
427293
405772
418871
430028
404333
420916
409242
382036
484891
418328
411728
422561
373135
398868
401325
413863
439475
422351
397606
415200
446682
395887
426450
421000
388968
408993
406510
395954
348617
416787
412578
386204
435104
390390
455216
384344
376122
382278
426886
418772
438843
404617
407616
403310
408216
374843
394395
400146
385508
403925
381645
394468
393845
428063
400032
449185
448703
381323
433114
394905
392073
382257
422913
384376
366958
379325
421631
428831
420299
439117
360915
412326
425800
409497
416106
387042
368942
364551
409906
395050
359954
385168
371200
390905
443662
400004
396295
402273
408598
374891
375620
396740
407344
422641
422301
401371
432808
372189
380535
373789
379579
369572
451127
414684
374230
362347
411345
389627
451882
384822
381745
422762
399935
386169
421592
420482
403504
358827
442060
387108
435393
394093
429049
364868
351515
382403
409517
389896
452274
392436
381173
373246
445054
371753
391268
392146
395217
375571
418811
405102
423170
380770
407723
370764
419965
386924
357517
390408
405647
389350
406424
391414
