601299
567537
544314
562593
541017
522182
530468
537383
526144
535819
508945
496072
584580
524195
511715
528448
521575
509897
500316
536990
543982
536857
507205
541770
537727
515661
533811
544494
470782
525484
522669
489744
448407
525167
515363
504124
519356
508988
568159
501505
489074
496148
545393
511011
542391
513513
525804
531088
521776
498425
474750
501822
480838
507811
473016
500323
499903
535960
508868
557561
532666
500287
552164
528583
500145
487703
553638
495473
459892
488698
535464
517505
516183
565054
469954
498486
534174
522308
528633
487307
472459
497613
522308
923159
463044
511214
501500
504209
543151
517461
528323
522720
521364
492769
498178
501086
516484
524777
518742
521285
521356
474048
478670
488060
487019
476392
566495
488230
468464
475376
525705
513971
548169
501622
490408
517891
508155
508484
562327
536333
539652
485394
556973
516988
524349
548038
552288
462498
461514
487055
528645
491808
554894
518202
500299
512529
556027
482897
495074
496692
518272
486213
534063
515628
560613
493568
509132
474047
527297
497867
468579
506026
527891
498605
524007
498600
