3430638
3532151
3492392
3427709
3418468
3417943
3452485
3375680
3475399
3429745
3377346
3551933
3643055
3714815
3659327
3554093
3590438
3551153
3587099
3591703
3558439
3566633
3577184
3573229
3616923
3575787
3568783
3545461
3575465
3616283
3566821
3637536
3664427
3596763
3530475
3746845
3650937
3663430
3644876
3637490
3638320
3674645
3648081
3680841
3603394
3630806
3557272
3696841
3536345
3596270
3573704
3562916
3573427
3619817
3604170
3636103
3571322
3648907
3568486
3597716
3600557
3520852
3607116
3624851
3628736
3585139
3572537
3505837
3548126
3651597
3573014
3642670
3544016
3520962
3629164
3648847
3582530
3536295
3558076
3543331
3474607
3514540
3573043
3550897
3607495
3619083
3672982
3554267
3593208
3561704
3562872
3610472
3590007
3609495
3621459
3604984
3581736
3592232
3575194
3559299
3692650
3590691
3628918
3629335
3648846
3618537
3673789
3649323
3650735
3671145
3637737
3688184
3577352
3670862
3550697
3507316
3560305
3545674
3632478
3542592
3549957
3551436
3539535
3506869
3547447
3599241
3546757
3553972
3592759
3495642
3506745
3573295
3585434
3517885
3528314
3492338
3548104
3494889
3546066
3516162
3569097
3479371
3656470
3703443
3618274
3673635
3680879
3647380
3593355
3582116
3601056
3605730
3639175
3721211
3582085
3690869
