3439593
3542092
3499736
3435859
3425981
3426173
3478951
3383711
3483633
3438150
3386431
3562456
3651944
3723312
3670105
3559955
3601989
3557664
3593664
3604429
3568680
3577243
3584597
3580490
3624289
3582283
3582060
3553821
3583022
3621075
3572258
3643715
3674581
3605944
3549370
3756656
3658447
3670703
3660315
3644642
3644184
3682034
3653567
3686871
3609795
3638122
3562459
3706313
3545244
3604243
3582096
3573201
3579035
3633515
3611929
3642025
3580779
3656782
3578684
3606756
3608542
3528428
3613519
3633609
3634649
3593381
3580159
3511038
3554400
3657681
3580839
3649557
3551805
3529830
3638128
3657223
3589295
3542969
3566389
3552471
3482026
3521463
3580118
3557866
3612870
3628991
3682223
3570062
3599336
3570479
3572752
3615950
3598565
3618443
3627461
3613826
3588300
3597058
3581760
3564999
3697672
3600085
3634305
3635256
3655790
3632949
3680917
3659174
3657363
3676323
3647371
3696898
3583737
3680355
3557748
3513427
3569361
3552290
3639355
3553448
3565560
3560231
3546369
3514612
3562825
3606814
3554869
3561348
3602407
3500982
3514032
3580399
3593165
3523834
3539638
3500033
3555434
3502863
3552103
3522995
3580406
3485934
3668589
3709598
3627516
3680478
3686678
3652339
3598103
3589304
3605266
3614269
3647733
3729434
3589616
3697119
