33687
55842
46426
49804
48248
34279
61427
45314
56163
54405
29213
58454
45240
46822
38261
40634
44468
50989
32143
43044
54084
50234
28556
31992
47625
35952
52085
35158
48004
36073
44852
39128
40012
33621
53579
42337
33974
50265
35387
49530
31505
38718
30289
42465
54894
34493
41335
36131
36381
40084
37356
61816
27714
52630
46468
45775
36203
43251
43392
43487
46700
53763
39398
27833
43327
59051
44042
42109
47542
43904
47390
48734
58899
48263
54351
44530
38336
36105
48112
43091
53710
55834
48434
33961
36757
54786
50382
44995
82959
64154
46083
29791
38803
38886
36232
42480
77555
35087
58536
39481
31402
47171
43654
34694
46499
49332
44112
33593
46859
41684
62858
31462
67825
48071
36127
65311
46723
53042
43528
44244
36184
31415
44277
52976
35595
37745
46269
45902
36701
54320
42880
44695
44843
43852
56770
28706
36381
43417
51915
47905
30921
48822
60721
47058
62203
34076
39175
51932
32672
52349
37269
58174
34806
50050
31572
43546
