44044
64525
56011
64280
57378
42737
74879
55001
66815
69991
38384
67037
54564
58010
44562
46798
53219
188142
43393
61191
59210
60918
45024
45658
54859
49664
63078
43476
58556
43964
57224
48757
46678
41890
59290
50592
40342
58802
49057
56953
37512
46836
41160
49025
549169
45443
46867
41667
46129
50216
54258
69531
34490
59159
54478
61295
47851
57413
53896
53288
58437
62113
47840
35107
53615
65757
54631
49410
55917
50234
59339
63795
72563
61761
63869
54547
45609
45458
57347
49041
61959
65595
55581
44315
47445
61008
58072
50942
92409
72074
52121
34932
61825
48852
42106
48826
84875
40140
63534
46948
41774
54166
49979
46525
68385
55662
60748
39220
61430
47228
69986
45705
76374
53556
41078
74113
52934
67940
52074
57802
41881
38054
51371
60534
42333
45975
52979
53568
47311
64334
51123
52028
51867
53121
64212
40225
44733
50212
60237
57449
41920
55780
70961
57149
74041
44523
48687
63755
39280
62579
47505
64767
46582
57108
50360
49853
