417661
260759
374918
249192
279559
259492
248841
281448
219591
296172
259643
240922
284443
489979
517939
656768
428417
613128
534968
448397
514618
481491
610688
502756
592902
601622
914802
671736
477603
450887
463156
574505
538286
775518
543598
694561
687310
718344
648775
836658
680630
574427
510095
515236
526891
680479
458744
675073
669060
445754
765122
424880
595508
471999
690001
459438
572068
661413
491385
547540
677456
456090
423231
492002
413595
536167
525759
336813
595498
350750
395718
379267
757895
403417
518267
402958
494578
473982
567316
327405
822255
602712
594421
584752
727305
737118
545528
704004
699041
783142
453005
546378
520532
755741
458476
572592
497187
574967
801403
454429
550102
668497
459133
477516
510606
517808
860110
844826
805625
648232
686359
585476
787000
534224
632967
362578
422614
642068
641553
323077
652049
406214
414374
547992
426323
380436
277777
435398
441797
464322
410094
482024
315446
492625
630968
309069
431792
505464
387701
512170
415668
399546
370950
648364
630978
498978
443179
387982
347627
354016
652808
704204
589108
718336
655335
778540
