423391
285324
382810
256451
286545
268128
253513
288414
226788
303608
267719
250946
289141
496276
529813
673559
433099
624183
540555
455214
526921
488853
617500
508141
598242
611749
924167
772799
482520
456442
468736
579737
546638
782064
549010
698941
695426
731852
654252
1018555
688776
581978
515810
529023
533631
692027
469269
681834
676242
455613
770918
433768
601115
478082
696543
469165
875882
669020
498653
554029
684953
466129
429968
501035
422487
543033
531606
342522
617760
358075
402664
387477
765955
410852
524967
414690
502554
479654
574400
338309
827656
608777
600051
590224
733955
743543
553754
715446
704186
792652
457402
551285
526293
763740
475200
585600
501834
580163
812459
460698
555780
676409
465220
483251
523187
524962
866624
851413
828712
653633
693149
591271
792853
542523
638034
372452
428922
648971
669452
337420
659202
413153
427015
554224
434118
388923
284976
442766
449352
470660
417080
487974
323405
498433
640155
317661
437648
513913
392691
519258
421810
405336
378123
658193
639558
512454
450680
396063
354508
365005
659399
710260
599156
722539
675272
785082
