340401
234956
337954
199410
293810
289007
199955
321354
287290
302185
326685
322216
406087
218956
308671
330185
375068
311799
346783
192169
327547
314240
324239
314854
319709
354205
348474
306721
187591
351954
328850
184728
178042
200002
311449
312205
337704
330702
204887
212295
212140
314896
390073
216679
386109
320627
361276
383934
224602
369017
196086
414258
311170
318066
175039
322855
390432
198696
294062
299522
166888
304916
405500
362252
348855
259844
262386
359633
188782
311278
362845
346711
306168
395084
334979
189693
339598
319121
375215
297944
309026
180564
286463
352325
329600
194685
307167
340570
349295
407559
342887
308419
183238
192924
318722
323914
371328
264634
209777
346293
361108
341126
364275
344036
338484
316660
287482
295688
357806
368701
211244
355007
222609
362842
394674
306906
372653
343203
379532
341498
314647
316873
357563
201310
344466
377229
376148
300389
360838
347008
174922
233690
358564
328668
267779
366912
308315
296989
338101
371900
202085
345160
368118
173698
209612
332987
358490
197878
358773
184085
284332
190211
343128
323649
244638
340007
