346598
261434
345953
207078
301951
297335
209604
329634
295444
311323
335481
334278
416615
227279
314238
337045
382305
320711
351913
200613
335405
321892
333914
328071
327913
359680
361535
312970
200931
357965
340286
192219
188255
207199
321893
316633
342511
337279
208856
217063
219284
328451
395837
228873
394997
336460
367580
392651
229873
375154
202752
424693
318741
322957
185530
329136
396882
205548
300578
313108
171550
313991
413394
373865
361886
274429
269012
370881
195189
319539
370686
354059
316302
400749
341714
199491
347613
325135
381926
305188
319295
187734
293754
358029
348491
202838
315403
350388
363330
417621
348695
313774
192481
202072
324475
329090
376035
274322
225025
351347
371182
345655
369742
369809
343108
322328
294151
306942
366050
373913
216579
359649
226933
368495
404552
311324
384540
349644
387803
347241
329626
324807
364760
223949
352876
385249
382930
306533
368079
371318
186561
240539
365984
337012
275092
372836
315122
305323
347160
379255
211095
352851
375976
182031
224471
339195
370954
204989
365776
190397
290471
195037
348857
329448
251257
350906
