339828
315346
334385
282498
328633
215809
306357
299741
344237
238822
324340
308128
188488
186282
288609
335797
172889
359386
311094
179673
317203
309211
336737
339352
353560
169487
232908
345099
351882
392884
310585
367107
282513
317467
340670
320137
243140
334204
330316
346164
302560
227649
348564
341199
177716
390037
311913
212487
189463
268287
192624
314217
354502
341541
259658
303147
371773
301032
344440
382490
381859
315804
193970
372323
334652
311470
346711
392524
277557
375914
270223
303053
191207
312579
291246
375222
348090
362826
343335
344784
180785
267144
355735
301926
305988
197877
200001
358848
167107
254789
366144
307237
175588
178123
288149
381687
189241
355990
322892
322378
310702
306944
316188
277983
227124
284206
299051
320851
339729
220205
393292
391076
300740
285050
344150
342083
297032
329635
334391
335054
340403
188752
266799
200041
197961
276430
375747
298131
189137
333713
360031
300359
301826
286287
322795
309243
358519
255192
184410
350454
336480
341255
183606
320373
334900
374463
384996
277459
324559
382085
362305
269349
245977
340472
344219
166410
