347025
330959
341816
290133
335847
222906
315047
307377
355410
246108
332363
319791
195645
191694
294287
354581
180425
369764
319074
187739
324367
316937
344664
347003
360979
176887
237750
352457
360086
402299
317512
372983
289559
325290
349286
328842
250752
353602
336831
353164
310494
234103
358090
350243
188259
398647
320175
220922
196561
281158
196452
321080
364158
348742
266547
309853
378907
307662
351610
390068
389550
324119
202156
380513
342654
320433
353614
401424
284679
382687
277822
310219
196377
321478
298916
384435
355345
369984
354135
353139
187584
275441
362478
309336
311840
205555
207332
366084
177186
260751
373230
314491
182682
184482
295603
386530
196023
376847
329375
330158
317367
317445
323338
286034
233340
291033
306573
334502
344440
227716
402684
397095
307964
291463
351262
349374
306372
337446
341927
343190
351403
196391
272665
205420
205982
282725
382487
305242
196875
340975
368085
316460
308629
295113
329215
315891
366001
262244
191674
360701
344029
351825
191957
327906
339792
381748
390919
285363
332124
390437
370709
276743
254420
347696
350370
172524
