2929912
3308626
1720222
2840217
3241094
1915044
3175216
2876885
2901768
2795561
2939043
2970937
3280673
3746736
3893395
3469837
2480007
3116441
2541964
3212355
3039819
3869751
3417752
3770691
2995241
3149882
3605307
3867220
3114669
3055981
3289385
3254850
3593198
3016088
3142999
1780848
2071199
3424923
3200480
3174691
3291606
2900478
2916581
1922965
1981184
3797306
3063236
1827627
2911503
2952037
3165110
3243539
2349878
3070579
2931468
3549787
3296992
1931444
3583857
3811695
3324907
3428022
3060815
3339320
3310916
1802658
3501536
2941688
3327595
3563496
1822916
3607051
3463636
3334994
2881973
3690820
3770466
3113100
3657037
1726286
3482916
2968823
1713857
1932876
3311803
1953974
3363595
3383926
3208061
2967190
3116467
2980997
3408910
3444381
2477317
3039635
3618969
3245394
1916166
1746724
3204137
3156052
2571321
1918264
1807517
1947505
3647602
3786684
2995209
3393258
3684275
3055100
3393302
2517636
3481082
2995126
3252347
1723516
2974132
2888835
3568533
3344602
3642141
1972519
3012068
3365193
3295225
3084360
3271449
2931618
2980961
3047268
3356585
1759827
3386356
3355257
2904791
3777957
2040129
3476733
2914921
3379969
2846003
3386362
2052879
3155449
4097848
1964885
3675767
2531225
3250749
3818906
1926234
3200597
1980843
3424887
