2937816
3336232
1728064
2849871
3249222
1924312
3186707
2885495
2910575
2803567
2948555
2979411
3298790
3756287
3918722
3476894
2487813
3128862
2555416
3227082
3047123
3878904
3425664
3780653
3003537
3155489
3613191
3873687
3124713
3061328
3296707
3265527
3617468
3022702
3155153
1785045
2088324
3429888
3220336
3179556
3296578
2906020
2926009
1930766
1986896
3808376
3071835
1837017
2940964
2957424
3173993
3253123
2356606
3076423
2942538
3558186
3303331
1937409
3594001
3820984
3346183
3435968
3067063
3348539
3317849
1817237
3509656
2953943
3336642
3570871
1829641
3613706
3470146
3343127
2889039
3699012
3789282
3123610
3666760
1732255
3491524
2975524
1725402
1943276
3320123
1959159
3370002
3389902
3213621
2981452
3125078
2993203
3419641
3449724
2484201
3051022
3625996
3251943
1923170
1752933
3210939
3166493
2577777
1931622
1816928
1961729
3654276
3799491
3001109
3404351
3691313
3062254
3403626
2523453
3489783
3003659
3265303
1735018
2983598
2895502
3579738
3351705
3648140
1990712
3018712
3373414
3306693
3093350
3277444
2938330
2986021
3054333
3362306
1764527
3393658
3361681
2912235
3783716
2046490
3484579
2922001
3387067
2851350
3395628
2058142
3162765
4108412
1972026
3681780
2546540
3255786
3825972
1934429
3210694
1994405
3428890
