1016533
1043392
1044059
1018053
1069050
1104766
1079607
1046015
1027836
1088521
1068582
1071014
1273400
1101081
1226466
1275156
1277874
1141845
1143026
1226635
1047730
1113721
1145151
1097182
1217069
1115204
1167815
1198286
1123867
1148703
1273183
1067503
1179908
1137897
1154654
1181612
1177297
1124379
1211892
1191462
1220517
1209406
1265363
1195878
1164929
1120352
1137509
1090315
1171552
1139459
1194160
1235617
1203425
1136118
1196804
1201778
1221520
1200958
1192601
1141784
1262821
1128909
1144716
1114135
1125556
1292728
1202308
1275330
1083604
1050982
1173625
1082365
1288474
1120161
1167338
1215630
1102658
1101134
1172563
1132286
1136644
1120842
1112954
1116029
1244086
1146845
1168564
1174576
1171003
1248781
1089918
1179891
1191622
1216783
1152649
1129460
1190039
1237794
1120127
1056143
1226785
1112605
1123611
1112488
1233685
1099732
1130202
1181943
1116679
1097121
1100625
1108886
1245513
1262755
1148364
1119636
1189341
1096005
1090432
1103350
1212244
1066782
1211200
1102465
1074992
1146814
1150007
1100725
1133024
1095562
1058384
1167077
1120477
1112267
1237378
1067182
1130848
1148270
1080832
1108727
1180797
1147347
1127766
1223191
1116268
1080357
1111335
1078027
1165531
1064690
1084107
1145599
1088967
1050698
1145301
1030222
