1053784
1075209
1065386
1040160
1092119
1121022
1100204
1059988
1049473
1109798
1091137
1093008
1293440
1123891
1246752
1296292
1295923
1158361
1168825
1243848
1066595
1133481
1166204
1118440
1237241
1128238
1185209
1210779
1144442
1172484
1293485
1091477
1204338
1157244
1175712
1200991
1196419
1138689
1233254
1205039
1242301
1229601
1285875
1216237
1183487
1141221
1161485
1109372
1187253
1163868
1215298
1257580
1222520
1154484
1212184
1217296
1240030
1217892
1212553
1155039
1279393
1145320
1164266
1134601
1145272
1314191
1221957
1289370
1105099
1069868
1193904
1102587
1308952
1140236
1188996
1231442
1116452
1121674
1262872
1152417
1158782
1138882
1132102
1138631
1262211
1166767
1186442
1195245
1191402
1265345
1110485
1193797
1213760
1237107
1172818
1150194
1202433
1263857
1138586
1071302
1238166
1131435
1138317
1126430
1255329
1118082
1149289
1203483
1135423
1119724
1122752
1128418
1269016
1282933
1166450
1133709
1209534
1109808
1102803
1122249
1228206
1084711
1235105
1123022
1094832
1168138
1169041
1122231
1153740
1117542
1078558
1182234
1132177
1131704
1257710
1089824
1149499
1165871
1102522
1130672
1195226
1167391
1147861
1243735
1134656
1101516
1129879
1095553
1185332
1082495
1106649
1169074
1110882
1065793
1165498
1051717
