3557417
3744305
3662251
3691298
3964380
4075545
3525772
3727290
3896773
3551883
3645029
5016879
4256265
6010884
6235954
6372864
6343240
6106026
5547708
4896469
4887727
4797118
4420114
4989121
4465126
5316574
4968907
5302758
4940377
4690101
4283673
4634171
4251183
4852472
4848993
5782630
6047845
6639389
7002287
7245771
7716070
7956152
8011860
8008857
8044426
8248749
8841508
9253890
10622452
10932616
11201679
11641068
11957196
11998469
12305953
12448139
12795985
13288483
13150937
13482270
13366764
13354595
13323038
13641346
13539303
13515982
13307118
13114282
13298721
13789175
13754764
14255801
14938549
15486726
15627117
15707946
15376800
15615496
15644032
15696108
15579609
16183774
16280576
17180901
17608219
17761946
17548748
17619801
17583674
17925094
17950578
17913660
18661852
18684284
19397680
19289857
19518640
19627342
19335230
18922900
19099079
18879351
18462641
18274345
18435536
18685625
19295184
19682382
20256693
20343337
20715290
20597699
20821035
20626986
20855056
20769818
21422536
21370589
21605572
21767536
21384419
21346111
20976730
20598198
20448739
20214491
19774958
19717462
19572448
19114805
19672068
19300033
19424173
19335281
18909722
18361102
18147187
17686723
17293576
17326631
17561677
16840062
15821166
15241520
14908429
14922510
14144973
13443748
12412707
11599052
10630330
9797990
8919506
8122970
7630805
