3584277
3752766
3670690
3700004
3975445
4083070
3535558
3735788
3905847
3561092
3657001
5025525
4263619
6036327
6243186
6380394
6350811
6114115
5557954
5312822
4899159
4805563
4427591
4996710
4471752
5323458
4976416
5310882
4952204
4700105
4295832
4642417
4260845
4861466
4856152
5790334
6056825
6646852
7010363
7253009
7722759
7964575
8019224
8016685
8052857
8257743
8851150
9261039
10630384
10938776
11208559
11648473
11965383
12005011
12316415
12455714
12802694
13295183
13158476
13492785
13373758
13363955
13331272
13649626
13547146
13522558
13318018
13122280
13306224
13796649
13765217
14263493
14946676
15494012
15635377
15715796
15388953
15623100
15650834
15703290
15590128
16191705
16288470
17189337
17618632
17768156
17556422
17628487
17591780
17933128
17959239
17923211
18670989
18691878
19405719
19301554
19525062
19635133
19581349
18931434
19106770
18887385
18469728
18282613
18445723
18692606
19302440
19690108
20264187
20354926
20721992
20607107
20827188
20633460
20861846
20778522
21429857
21378520
21614340
21776080
21391464
21352215
20984080
20605184
20456699
20221390
19782618
19724366
19581237
19122194
19680702
19307416
19432025
19342754
18918087
18369182
18156546
17694092
17301714
17334681
17569134
16847733
15833307
15247752
14917378
14929870
14155729
13450929
12424626
11607138
10637608
9805681
8927985
8130683
7638932
