aes-nodejs-100000-101000

Metric              10             200            300            400            
cpu-cycles          3204813072     3034567975     3255785983     3215164632     
instructions        3094674016     3019286376     3101369817     3137031340     
context-switches    20471          19252          17563          19311          
cpi                 1.03559        1.00506        1.04979        1.02491        
ipc                 0.96563        0.99496        0.95257        0.97570        
user-util           8.98000        29.29000       49.70000       50.36000       
system-util         9.07000        11.56000       15.85000       16.92000       
idle-util           81.08000       58.57000       33.88000       32.14000       
issued_req          156            156            156            156            
completed_req       156            156            156            156            
dur-mean            93460.84615    96799.98718    94066.94872    96118.96795    
dur-stddev          11569.30030    12798.32589    18117.51709    17783.84223    
dur-min             66238          57870          53048          55145          
dur-max             127707         128619         138691         154612         
dur-p25             85495.00000    89271.75000    83702.50000    84046.50000    
dur-p50             94293.50000    97568.00000    92968.50000    92840.00000    
dur-p75             100158.00000   105318.25000   106631.25000   106121.50000   
dur-p95             112715.50000   116211.00000   125244.50000   129071.75000   
lat-mean            127625.01282   128017.56410   122074.53205   124274.83974   
lat-stddev          12662.41445    14685.42125    19744.10718    20146.03217    
lat-min             92482          73522          72575          87588          
lat-max             178851         169562         163964         184921         
lat-p25             121149.75000   120061.75000   107389.00000   110198.25000   
lat-p50             127866.00000   128656.00000   121207.00000   122309.50000   
lat-p75             133871.00000   137722.75000   136349.75000   135810.75000   
lat-p95             149569.00000   150261.00000   154553.50000   161126.00000   




aes-nodejs-700000-707000

Metric              10             200            300            400            
cpu-cycles          19218157734    19894755322    20427257800    19825670689    
instructions        18809462552    18992938769    19381108647    19011856154    
context-switches    61614          53054          47410          48692          
cpi                 1.02173        1.04748        1.05398        1.04281        
ipc                 0.97873        0.95467        0.94879        0.95895        
user-util           9.35000        29.80000       49.84000       50.56000       
system-util         9.21000        11.81000       15.78000       17.08000       
idle-util           80.54000       57.79000       33.78000       31.78000       
issued_req          156            156            156            156            
completed_req       156            156            156            156            
dur-mean            381779.16026   400103.56410   401489.39744   408995.80769   
dur-stddev          21126.12753    25734.39677    26464.33237    24746.67674    
dur-min             339199         347639         354280         357600         
dur-max             477292         479583         488825         479821         
dur-p25             364293.25000   383706.00000   382034.75000   391447.50000   
dur-p50             379591.50000   394771.50000   398311.00000   405570.50000   
dur-p75             397725.75000   416472.25000   417380.50000   425553.00000   
dur-p95             416206.25000   443900.75000   445685.75000   446698.75000   
lat-mean            495218.29487   511955.83333   506185.57692   512161.59615   
lat-stddev          24260.77803    29091.70834    32086.26785    27785.32173    
lat-min             454966         441990         441856         452277         
lat-max             606581         620227         607829         597434         
lat-p25             476136.50000   493571.50000   483344.50000   489605.25000   
lat-p50             492088.50000   508807.00000   503636.50000   512234.50000   
lat-p75             512342.00000   529428.00000   526156.00000   531785.50000   
lat-p95             534378.75000   564810.50000   567399.75000   561227.25000   




aes-go-1000000-1010000

Metric              10             200            300            400            
cpu-cycles          28551547626    28252881957    28156982520    28267215961    
instructions        26971955474    26876693108    26826827564    26793465689    
context-switches    77878          64661          55262          54007          
cpi                 1.05856        1.05120        1.04958        1.05500        
ipc                 0.94468        0.95129        0.95276        0.94786        
user-util           9.65000        30.10000       49.05000       50.06000       
system-util         9.11000        11.81000       16.10000       16.53000       
idle-util           80.38000       57.50000       34.25000       32.82000       
issued_req          156            156            156            156            
completed_req       156            156            156            156            
dur-mean            67377.14103    61314.55128    56712.21154    57985.34615    
dur-stddev          10768.95057    13778.73535    14359.08680    14540.70134    
dur-min             46109          34404          29663          30753          
dur-max             94980          104163         124349         111714         
dur-p25             59628.75000    50391.00000    46404.75000    47809.25000    
dur-p50             66633.50000    60221.00000    55323.50000    56660.00000    
dur-p75             75019.75000    70901.75000    64917.00000    66448.50000    
dur-p95             85181.75000    83726.50000    82409.50000    83327.50000    
lat-mean            217813.74359   207522.53205   195330.85897   196318.01282   
lat-stddev          14508.46701    19779.56252    22267.94362    24232.37580    
lat-min             183015         162940         158494         145849         
lat-max             259225         258835         271445         301158         
lat-p25             207728.25000   193869.00000   177491.00000   179451.25000   
lat-p50             217790.50000   206700.50000   194828.50000   195251.00000   
lat-p75             228016.75000   221253.00000   209606.50000   209939.75000   
lat-p95             239006.75000   245246.75000   236261.50000   234150.00000   




aes-python-500-505

Metric              10             200            300            400            
cpu-cycles          21341332625    18560746338    18415141596    18477864688    
instructions        7288371002     7352151168     6890398735     6777492146     
context-switches    484523         492056         451671         441858         
cpi                 2.92813        2.52453        2.67258        2.72636        
ipc                 0.34151        0.39611        0.37417        0.36679        
user-util           9.34000        29.65000       48.90000       50.05000       
system-util         9.51000        11.37000       16.88000       17.20000       
idle-util           80.29000       58.40000       33.64000       32.15000       
issued_req          156            156            156            156            
completed_req       156            156            156            156            
dur-mean            29959.46795    28462.39103    24404.96154    24404.41667    
dur-stddev          4172.36409     6042.84740     6743.19924     7332.35191     
dur-min             15383          13386          13128          13209          
dur-max             47551          49824          40473          54058          
dur-p25             28459.75000    27146.25000    18265.25000    17692.75000    
dur-p50             30182.00000    29420.50000    24103.00000    24503.00000    
dur-p75             31654.00000    31472.25000    29504.25000    29486.75000    
dur-p95             35753.75000    36503.50000    35281.00000    36165.00000    
lat-mean            38281.51282    37355.40385    35197.93590    33843.50641    
lat-stddev          4701.93695     15003.78971    20664.83361    10254.70488    
lat-min             22559          19586          18776          18731          
lat-max             62640          205290         270378         112889         
lat-p25             36726.25000    34522.75000    27104.00000    26588.00000    
lat-p50             38247.50000    37218.00000    32784.50000    33756.00000    
lat-p75             39995.50000    39921.00000    38700.00000    38988.00000    
lat-p95             44506.50000    45923.50000    50346.75000    46033.50000    




aes-python-45000-45450

Metric              10             200            300            400            
cpu-cycles          288015138025   286555472171   288687305151   289840360323   
instructions        188283850124   189367792466   188743003083   188572464438   
context-switches    486065         482330         462818         457547         
cpi                 1.52969        1.51322        1.52953        1.53702        
ipc                 0.65373        0.66084        0.65380        0.65061        
user-util           9.98000        30.44000       49.69000       50.55000       
system-util         9.31000        11.02000       16.79000       17.01000       
idle-util           79.80000       57.96000       32.96000       31.86000       
issued_req          156            156            156            156            
completed_req       156            156            156            156            
dur-mean            1019380.51923  1145927.96154  1204725.23718  1213167.98077  
dur-stddev          34319.57201    63119.61162    65482.92985    72426.94572    
dur-min             961766         1016533        1032978        1047343        
dur-max             1124779        1292728        1355691        1666778        
dur-p25             996896.75000   1100992.00000  1161464.25000  1171852.75000  
dur-p50             1014439.50000  1137703.00000  1209085.50000  1205833.50000  
dur-p75             1040555.00000  1191866.75000  1245258.25000  1237869.75000  
dur-p95             1083572.75000  1263456.50000  1313426.25000  1334296.00000  
lat-mean            1040823.34615  1165877.69231  1223233.21154  1237741.17949  
lat-stddev          34580.73172    63135.23386    65595.99125    80278.69441    
lat-min             982968         1040160        1052453        1070697        
lat-max             1142460        1314191        1380352        1688284        
lat-p25             1018306.25000  1121511.00000  1183720.50000  1193786.25000  
lat-p50             1035222.50000  1157802.50000  1226357.00000  1224895.50000  
lat-p75             1062966.75000  1212276.25000  1266078.50000  1262421.25000  
lat-p95             1103083.75000  1283668.50000  1332115.00000  1373800.75000  




aes-python-200000-202000

Metric              10             200            300            400            
cpu-cycles          1090998034619  1042351405355  1005263509451  997942684053   
instructions        728262822484   703277423493   667990312415   664776580914   
context-switches    493315         459566         506381         508330         
cpi                 1.49808        1.48213        1.50491        1.50117        
ipc                 0.66752        0.67470        0.66449        0.66615        
user-util           13.11000       33.14000       52.24000       52.82000       
system-util         9.16000        10.67000       16.42000       16.41000       
idle-util           76.68000       55.63000       30.81000       30.19000       
issued_req          139            134            127            127            
completed_req       138            133            126            126            
dur-mean            4542621.47101  5039757.13534  5278976.62698  5317459.89683  
dur-stddev          83075.35825    162737.88810   202373.69673   245965.27263   
dur-min             4356309        4549394        4546772        4610718        
dur-max             4938449        5455281        5999846        6544178        
dur-p25             4493343.50000  4932153.00000  5206178.50000  5188457.25000  
dur-p50             4532731.00000  5038940.00000  5300359.00000  5339866.50000  
dur-p75             4584529.50000  5140253.00000  5377132.00000  5441781.25000  
dur-p95             4677210.55000  5314328.40000  5551693.25000  5665785.75000  
lat-mean            4595339.05797  5090240.06767  5325355.42857  5365035.01587  
lat-stddev          82597.50120    162463.20466   201891.06654   247019.68871   
lat-min             4411583        4606369        4598700        4664719        
lat-max             4987608        5498300        6044907        6634316        
lat-p25             4546527.25000  4985668.00000  5247026.25000  5240392.75000  
lat-p50             4589114.00000  5089078.00000  5345251.50000  5380862.50000  
lat-p75             4641948.00000  5188337.00000  5413416.25000  5494125.75000  
lat-p95             4729446.10000  5364720.00000  5598000.50000  5712131.50000  




fibonacci-go-70000-70700

Metric              10             200            300            400            
cpu-cycles          308721636      257251441      278327220      288650113      
instructions        189125320      129562567      124037880      149360391      
context-switches    4885           4788           3923           3773           
cpi                 1.63237        1.98554        2.24389        1.93257        
ipc                 0.61261        0.50364        0.44565        0.51744        
user-util           8.94000        29.28000       49.15000       50.38000       
system-util         9.42000        11.98000       16.16000       17.38000       
idle-util           80.76000       58.14000       34.08000       31.67000       
issued_req          156            156            156            156            
completed_req       156            156            156            156            
dur-mean            49714.69231    46296.15385    42815.14103    42326.57051    
dur-stddev          7557.89041     8597.69023     9445.77496     9449.28969     
dur-min             29264          27002          27968          27816          
dur-max             63865          96432          66901          81801          
dur-p25             45076.00000    41673.50000    34453.50000    34844.75000    
dur-p50             47272.50000    45581.50000    43355.00000    42914.50000    
dur-p75             57492.75000    50867.75000    49429.25000    46827.50000    
dur-p95             61800.25000    59724.75000    57883.25000    57946.75000    
lat-mean            58682.75000    54625.60897    53341.17949    52311.84615    
lat-stddev          7918.67036     8841.93599     22398.16835    22850.65968    
lat-min             37312          36713          34102          32904          
lat-max             84163          105794         273271         307579         
lat-p25             53564.75000    49536.25000    42008.00000    42748.50000    
lat-p50             56265.00000    54153.00000    51885.00000    50989.50000    
lat-p75             65970.50000    59360.75000    59632.50000    56563.75000    
lat-p95             70649.25000    67347.75000    69714.50000    68024.75000    




fibonacci-go-200000-202000

Metric              10             200            300            400            
cpu-cycles          342799997      344710741      356469609      364241533      
instructions        186534220      191483867      187699806      195037167      
context-switches    5439           5622           5600           4633           
cpi                 1.83773        1.80021        1.89915        1.86755        
ipc                 0.54415        0.55549        0.52655        0.53546        
user-util           9.25000        29.56000       49.20000       50.21000       
system-util         9.28000        11.78000       15.38000       16.97000       
idle-util           80.57000       58.07000       34.83000       32.25000       
issued_req          156            156            156            156            
completed_req       156            156            156            156            
dur-mean            306235.74359   305466.10897   296147.23077   303462.57051   
dur-stddev          17680.04661    18333.34792    20532.72979    26292.68681    
dur-min             249675         248895         255364         249753         
dur-max             343586         356874         391654         389598         
dur-p25             295910.50000   294180.75000   279546.75000   284011.00000   
dur-p50             307718.00000   305847.50000   296061.00000   299373.00000   
dur-p75             318762.75000   317650.25000   308298.00000   319626.75000   
dur-p95             331178.25000   333329.25000   331118.00000   351245.50000   
lat-mean            315770.80769   314538.16026   306055.57051   313711.22436   
lat-stddev          17752.41643    18588.21335    21327.47654    27496.00959    
lat-min             258381         256610         263238         257972         
lat-max             352726         369774         398240         408097         
lat-p25             305174.75000   302936.75000   288452.50000   292598.75000   
lat-p50             317106.00000   314355.00000   304643.00000   309057.50000   
lat-p75             328284.50000   326056.25000   320209.25000   329451.00000   
lat-p95             340770.00000   342452.75000   338881.00000   366789.75000   




fibonacci-go-450000-454500

Metric              10             200            300            400            
cpu-cycles          445696780      450081599      476453409      450889289      
instructions        270008678      276736091      278957522      268516508      
context-switches    6501           7022           6309           6218           
cpi                 1.65068        1.62639        1.70798        1.67919        
ipc                 0.60581        0.61486        0.58549        0.59553        
user-util           10.67000       30.82000       50.45000       51.22000       
system-util         9.33000        11.79000       16.02000       16.88000       
idle-util           79.09000       56.82000       32.95000       31.32000       
issued_req          156            156            156            156            
completed_req       156            156            156            156            
dur-mean            1674579.70513  1676614.24359  1652162.29487  1668436.11538  
dur-stddev          34930.85538    49214.83800    57383.40824    62080.33065    
dur-min             1584469        1555909        1504881        1516166        
dur-max             1768282        1793709        1884081        1831075        
dur-p25             1651645.25000  1643367.75000  1617653.50000  1623475.75000  
dur-p50             1675832.50000  1677102.00000  1645827.00000  1661556.50000  
dur-p75             1697507.00000  1710609.50000  1686544.75000  1713363.25000  
dur-p95             1729533.50000  1759895.50000  1742114.25000  1777979.50000  
lat-mean            1685185.43590  1686843.82692  1663042.89103  1680195.60897  
lat-stddev          34863.99416    49631.02102    58123.91972    62713.41011    
lat-min             1594923        1566306        1515988        1525457        
lat-max             1778240        1805107        1913138        1839865        
lat-p25             1662266.00000  1656251.00000  1630242.75000  1633585.50000  
lat-p50             1686308.00000  1686763.50000  1655433.00000  1673104.00000  
lat-p75             1707723.00000  1721303.50000  1696324.25000  1726605.50000  
lat-p95             1742702.75000  1768555.25000  1756509.25000  1786727.00000  




fibonacci-python-20000-20200

Metric              10             200            300            400            
cpu-cycles          22743158519    20205350781    20392763175    19877837720    
instructions        12903329563    12948840312    12466868711    12425146864    
context-switches    482536         489729         449857         444261         
cpi                 1.76258        1.56040        1.63576        1.59981        
ipc                 0.56735        0.64086        0.61134        0.62508        
user-util           9.02000        29.48000       49.21000       49.91000       
system-util         9.38000        10.74000       17.02000       17.13000       
idle-util           80.72000       59.18000       33.20000       32.37000       
issued_req          156            156            156            156            
completed_req       156            156            156            156            
dur-mean            36506.21795    34252.88462    30504.43590    31459.39744    
dur-stddev          4290.16319     10438.47129    8726.02830     7066.89660     
dur-min             18287          18148          18481          18758          
dur-max             53600          133011         59284          50193          
dur-p25             34751.75000    29892.25000    23084.75000    25947.50000    
dur-p50             36567.00000    34720.00000    30014.00000    32304.50000    
dur-p75             38020.75000    37383.75000    35832.50000    36491.25000    
dur-p95             43913.50000    44372.25000    48152.75000    44495.50000    
lat-mean            44862.19872    42307.29487    39239.52564    42617.78205    
lat-stddev          4349.77056     10844.39865    9931.43866     27290.08407    
lat-min             26191          24517          24096          23637          
lat-max             61654          140458         80421          346477         
lat-p25             43075.50000    37851.75000    30497.25000    33520.00000    
lat-p50             44893.00000    42522.50000    39233.00000    39912.00000    
lat-p75             46235.25000    45939.50000    44394.50000    45118.50000    
lat-p95             51699.00000    53091.50000    57353.75000    55339.25000    




fibonacci-python-200000-202000

Metric              10             200            300            400            
cpu-cycles          220165214988   218290213722   219253750552   219706754146   
instructions        601484593268   601623819709   601888202908   601781904423   
context-switches    465726         468968         437501         442059         
cpi                 0.36604        0.36284        0.36428        0.36509        
ipc                 2.73197        2.75607        2.74517        2.73902        
user-util           9.67000        30.07000       49.92000       50.49000       
system-util         9.34000        10.47000       17.10000       16.93000       
idle-util           80.09000       58.86000       32.41000       31.98000       
issued_req          156            156            156            156            
completed_req       156            156            156            156            
dur-mean            765729.34615   832497.66667   867751.13462   869428.64744   
dur-stddev          27935.96703    39202.71110    39559.75661    49151.53697    
dur-min             719933         757566         752706         765449         
dur-max             855523         941918         972023         1057545        
dur-p25             744820.50000   803238.25000   839790.50000   841080.75000   
dur-p50             758047.00000   831130.00000   864872.00000   868059.00000   
dur-p75             783206.75000   857305.75000   893223.75000   893964.25000   
dur-p95             821194.00000   900533.75000   939662.25000   945734.25000   
lat-mean            775094.71795   841191.89744   877273.69231   879903.90385   
lat-stddev          28297.43793    39054.15408    39283.85651    48853.69332    
lat-min             728639         766981         761309         777735         
lat-max             867257         948647         979587         1064690        
lat-p25             754286.25000   811312.00000   848659.50000   850398.75000   
lat-p50             767948.50000   838105.00000   874097.50000   878072.00000   
lat-p75             792274.75000   865700.75000   901588.75000   906770.25000   
lat-p95             830916.25000   908318.50000   950650.75000   954073.75000   




gptj-python

Metric              10             200            300            400            
cpu-cycles          1778274737     1711300624     2169507402     2131491634     
instructions        485960424      483222867      461394603      468311986      
context-switches    30373          27696          26212          26977          
cpi                 3.65930        3.54143        4.70206        4.55144        
ipc                 0.27328        0.28237        0.21267        0.21971        
user-util           9.18000        29.33000       49.49000       49.92000       
system-util         9.33000        10.41000       17.09000       17.22000       
idle-util           80.58000       59.65000       32.87000       32.28000       
issued_req          156            156            156            156            
completed_req       156            156            156            156            
dur-mean            2373.96154     2320.59615     2528.26282     2668.03846     
dur-stddev          297.56333      545.91616      1843.02724     2015.38215     
dur-min             1565           1280           1088           1038           
dur-max             4553           5243           14921          16745          
dur-p25             2253.50000     2082.50000     1627.75000     1644.25000     
dur-p50             2379.00000     2283.50000     2085.50000     2108.50000     
dur-p75             2516.00000     2417.50000     2619.75000     2671.00000     
dur-p95             2645.00000     3154.00000     5557.25000     6447.50000     
lat-mean            10498.36538    9813.47436     11789.01282    11919.04487    
lat-stddev          1759.76899     2043.54474     11608.33061    6682.99290     
lat-min             8350           6690           5394           5607           
lat-max             26598          22016          138452         61875          
lat-p25             9915.25000     8792.75000     8078.75000     8774.50000     
lat-p50             10210.00000    9438.50000     9774.00000     10293.50000    
lat-p75             10506.50000    10285.00000    12051.25000    12815.00000    
lat-p95             12266.75000    12709.25000    19865.75000    20736.75000    




image-rotate-go-3

Metric              10             200            300            400            
cpu-cycles          240392014      245874330      260609883      289128913      
instructions        109592820      117143391      112002363      134874844      
context-switches    3714           4121           4769           4743           
cpi                 2.19350        2.09892        2.32682        2.14368        
ipc                 0.45589        0.47644        0.42977        0.46649        
user-util           13.17000       33.37000       52.66000       52.93000       
system-util         8.33000        10.95000       15.02000       16.37000       
idle-util           77.44000       55.10000       31.72000       30.13000       
issued_req          156            156            151            155            
completed_req       156            156            150            154            
dur-mean            3421018.72436  3621283.00641  3741639.80667  3771555.29870  
dur-stddev          64437.24154    95427.71712    116677.14822   125193.63624   
dur-min             3297801        3501378        3436364        3482124        
dur-max             3824946        4199365        4179459        4314051        
dur-p25             3382900.00000  3561432.00000  3664481.00000  3693835.75000  
dur-p50             3408712.50000  3600824.50000  3718396.50000  3748023.00000  
dur-p75             3441109.25000  3651320.25000  3800438.00000  3826033.00000  
dur-p95             3531296.00000  3805313.50000  3944978.60000  3995297.55000  
lat-mean            3429280.78846  3628953.92308  3750380.52000  3780870.12987  
lat-stddev          64929.40610    95657.52364    116322.88654   125823.52921   
lat-min             3306363        3508048        3444902        3490110        
lat-max             3835506        4207268        4186232        4321668        
lat-p25             3391179.00000  3569304.00000  3678570.75000  3700055.00000  
lat-p50             3416709.50000  3608387.00000  3731769.50000  3756538.50000  
lat-p75             3448946.50000  3658447.50000  3807863.00000  3835309.00000  
lat-p95             3539418.75000  3813834.75000  3952103.15000  4005293.25000  




image-rotate-go-6

Metric              10             200            300            400            
cpu-cycles          241050821      231920121      279560739      259131032      
instructions        113604834      112060755      117296128      107262661      
context-switches    3928           4296           4666           3585           
cpi                 2.12184        2.06959        2.38338        2.41585        
ipc                 0.47129        0.48319        0.41957        0.41393        
user-util           9.93000        30.32000       49.79000       50.75000       
system-util         8.56000        11.30000       15.41000       16.82000       
idle-util           80.59000       57.77000       34.20000       31.82000       
issued_req          156            156            156            156            
completed_req       156            156            156            156            
dur-mean            733074.08333   766778.82051   799849.35256   803330.52564   
dur-stddev          23934.98636    28016.52086    54114.83017    44098.70846    
dur-min             692761         715978         734491         735631         
dur-max             820787         901161         1116666        1043081        
dur-p25             715260.50000   747646.75000   763585.00000   772064.25000   
dur-p50             727030.00000   763270.50000   786395.00000   797544.00000   
dur-p75             744872.25000   779599.00000   818177.50000   823557.75000   
dur-p95             779748.00000   810718.50000   899367.25000   884820.00000   
lat-mean            741244.95513   774809.76282   808482.89103   813589.92308   
lat-stddev          24059.75561    28058.76615    54197.07993    49180.35775    
lat-min             700824         724008         740754         742708         
lat-max             830723         907783         1123188        1079607        
lat-p25             723421.00000   755611.75000   774038.00000   780761.50000   
lat-p50             735154.50000   770527.00000   793639.50000   806731.50000   
lat-p75             753709.75000   787007.00000   828087.75000   834304.00000   
lat-p95             787998.00000   822814.25000   911601.00000   898416.50000   




image-rotate-go-14

Metric              10             200            300            400            
cpu-cycles          234393883      222746055      243222932      236395913      
instructions        108707762      110196552      105436402      108188561      
context-switches    3666           4099           3294           4228           
cpi                 2.15618        2.02135        2.30682        2.18504        
ipc                 0.46378        0.49472        0.43350        0.45766        
user-util           8.94000        29.49000       49.33000       50.17000       
system-util         8.43000        11.09000       15.71000       16.87000       
idle-util           81.72000       58.83000       34.37000       32.37000       
issued_req          156            156            156            156            
completed_req       156            156            156            156            
dur-mean            30462.57692    28201.01282    23968.62179    22900.87821    
dur-stddev          2940.53029     4731.06736     7060.19557     6448.29407     
dur-min             15385          14350          11136          11629          
dur-max             38681          46265          46857          38606          
dur-p25             30088.00000    25080.75000    18987.75000    17474.00000    
dur-p50             31026.00000    29503.50000    24449.50000    23171.50000    
dur-p75             32062.75000    31430.75000    29337.50000    28360.25000    
dur-p95             33494.75000    33726.75000    35173.75000    32091.00000    
lat-mean            38703.17949    36304.58974    32169.92308    34378.87821    
lat-stddev          3416.35800     5262.99923     8001.63988     29831.24203    
lat-min             20495          20282          16555          17100          
lat-max             57968          56356          53291          392611         
lat-p25             38141.75000    32792.75000    26584.25000    26249.75000    
lat-p50             39211.00000    37090.50000    31802.50000    31819.00000    
lat-p75             40477.00000    39229.25000    38461.25000    37121.75000    
lat-p95             41819.50000    43502.00000    44340.50000    46396.75000    




image-rotate-python-7

Metric              10             200            300            400            
cpu-cycles          44510309038    42096003696    41774322589    41908058149    
instructions        46217399867    46561405098    45869393532    45905144816    
context-switches    482230         488936         438357         444013         
cpi                 0.96306        0.90410        0.91072        0.91293        
ipc                 1.03835        1.10608        1.09803        1.09538        
user-util           9.22000        29.72000       49.76000       49.87000       
system-util         9.10000        11.70000       16.38000       17.06000       
idle-util           80.78000       58.00000       33.27000       32.51000       
issued_req          156            156            156            156            
completed_req       156            156            156            156            
dur-mean            113295.12821   118305.35256   120583.89744   120933.66026   
dur-stddev          4950.98941     8994.33368     14130.56615    13051.14024    
dur-min             95731          99408          101388         101215         
dur-max             143370         164027         190613         183490         
dur-p25             111524.75000   114356.50000   111277.25000   113448.00000   
dur-p50             113193.50000   117007.00000   116999.50000   117966.50000   
dur-p75             115216.25000   121167.50000   126271.75000   127052.75000   
dur-p95             120445.75000   134868.75000   148757.25000   144855.50000   
lat-mean            121607.83974   126400.23077   129111.42949   132138.44231   
lat-stddev          5104.86050     9787.87732     14604.92831    34377.77976    
lat-min             100828         106532         106814         107219         
lat-max             151586         169878         209064         523799         
lat-p25             119816.50000   122015.00000   119048.50000   120649.50000   
lat-p50             121471.50000   124874.50000   126742.00000   126071.50000   
lat-p75             123365.75000   129327.00000   135320.00000   136723.50000   
lat-p95             128694.00000   143513.25000   157288.50000   156470.75000   




image-rotate-python-11

Metric              10             200            300            400            
cpu-cycles          941165298335   946836052258   948821432743   958243992080   
instructions        1742577116540  1744038150330  1743916347898  1746783163868  
context-switches    409080         413833         400705         398808         
cpi                 0.54010        0.54290        0.54408        0.54858        
ipc                 1.85151        1.84196        1.83798        1.82290        
user-util           12.15000       32.70000       51.88000       52.32000       
system-util         8.67000        11.64000       15.28000       16.48000       
idle-util           78.12000       55.11000       32.28000       30.62000       
issued_req          156            156            156            156            
completed_req       156            156            156            156            
dur-mean            3335452.73077  3518082.08333  3583748.26923  3648779.82692  
dur-stddev          41721.64200    59210.98149    66880.89555    85345.49272    
dur-min             3254650        3400067        3375680        3467893        
dur-max             3506218        3685657        3746845        3989091        
dur-p25             3308558.50000  3477921.25000  3548120.50000  3592748.25000  
dur-p50             3326271.00000  3510868.00000  3582323.00000  3633741.50000  
dur-p75             3361025.75000  3555760.50000  3631224.00000  3686617.00000  
dur-p95             3411178.00000  3637605.25000  3682705.25000  3798909.75000  
lat-mean            3343792.61538  3526025.19231  3591941.23077  3660372.16667  
lat-stddev          42013.66504    58943.32653    66571.08020    89471.41414    
lat-min             3264255        3416429        3383711        3477200        
lat-max             3517959        3694545        3756656        4000635        
lat-p25             3316327.75000  3485044.75000  3557106.50000  3603084.75000  
lat-p50             3334174.50000  3518218.00000  3589460.00000  3640973.00000  
lat-p75             3369697.50000  3562788.25000  3638434.75000  3700473.25000  
lat-p95             3421050.25000  3643164.25000  3689377.75000  3841266.50000  




image-rotate-python-17

Metric              10             200            300            400            
cpu-cycles          124673363032   122316459724   122962836486   122105258449   
instructions        156795792164   156961592127   156530381051   156349225341   
context-switches    470165         478952         438363         430826         
cpi                 0.79513        0.77928        0.78555        0.78098        
ipc                 1.25765        1.28324        1.27299        1.28045        
user-util           9.98000        29.85000       49.34000       50.21000       
system-util         9.39000        11.54000       15.76000       17.06000       
idle-util           79.75000       58.03000       34.31000       32.14000       
issued_req          156            156            156            156            
completed_req       156            156            156            156            
dur-mean            399928.66026   423058.89103   432884.56410   432768.07692   
dur-stddev          11907.23887    13630.19838    24701.62566    21286.59092    
dur-min             374037         391741         402082         399123         
dur-max             463141         466409         537535         525258         
dur-p25             392757.50000   412993.25000   415813.00000   418297.00000   
dur-p50             396874.00000   420728.00000   426402.50000   428071.50000   
dur-p75             403769.75000   432411.50000   441648.75000   443174.50000   
dur-p95             420927.75000   446887.25000   489015.75000   470377.25000   
lat-mean            408070.70513   430956.08974   441551.17949   443798.83333   
lat-stddev          12025.41099    14011.64850    24776.99119    29347.91469    
lat-min             380165         399658         408864         405254         
lat-max             471093         475666         542911         657849         
lat-p25             400990.25000   420493.75000   424151.00000   426097.75000   
lat-p50             405155.00000   428103.00000   435940.00000   436175.00000   
lat-p75             412379.75000   440278.50000   450221.00000   454902.75000   
lat-p95             428392.75000   455909.00000   495068.00000   484792.50000   




rnn-serving-python-20-20

Metric              10             200            300            400            
cpu-cycles          28117097454    26065770085    25668196280    25744305880    
instructions        9987486993     10209552464    9459978646     9569560508     
context-switches    488275         494718         449556         451820         
cpi                 2.81523        2.55308        2.71335        2.69023        
ipc                 0.35521        0.39168        0.36855        0.37172        
user-util           9.53000        29.97000       49.46000       49.83000       
system-util         8.66000        11.30000       16.95000       16.58000       
idle-util           80.92000       58.16000       33.01000       32.98000       
issued_req          156            156            156            156            
completed_req       156            156            156            156            
dur-mean            67074.05128    68694.69872    70643.86538    74287.91026    
dur-stddev          11679.60467    12765.29552    17481.60485    15820.78255    
dur-min             42910          34064          35764          35976          
dur-max             108153         102944         123561         118634         
dur-p25             60810.75000    60426.00000    59242.50000    66110.00000    
dur-p50             69404.00000    70899.50000    69448.50000    74395.50000    
dur-p75             74068.50000    76635.00000    82606.25000    84558.50000    
dur-p95             84134.00000    86834.00000    97828.00000    98781.00000    
lat-mean            75227.80128    76567.50641    79208.68590    83082.38462    
lat-stddev          11799.59316    12600.59872    17971.77995    16525.49701    
lat-min             50476          41539          42546          42164          
lat-max             115297         110069         131792         129280         
lat-p25             69912.50000    68721.25000    68136.25000    75198.00000    
lat-p50             77153.00000    78211.50000    77682.50000    82222.00000    
lat-p75             82118.00000    84320.50000    92308.75000    93369.50000    
lat-p95             92527.75000    94235.25000    108969.50000   107945.50000   




rnn-serving-python-100-101

Metric              10             200            300            400            
cpu-cycles          66585499599    66065188704    64341639796    68594496985    
instructions        28589478836    29338249315    28245326309    29213473023    
context-switches    506182         512158         480274         482058         
cpi                 2.32902        2.25184        2.27796        2.34804        
ipc                 0.42936        0.44408        0.43899        0.42589        
user-util           9.70000        29.71000       49.39000       50.18000       
system-util         9.24000        12.06000       16.10000       17.03000       
idle-util           80.18000       57.65000       33.93000       32.19000       
issued_req          156            156            156            156            
completed_req       156            156            156            156            
dur-mean            292186.50000   306275.03846   303952.92308   331694.43590   
dur-stddev          57514.43339    57127.29621    65306.51694    62665.97221    
dur-min             168855         174642         166888         167221         
dur-max             377643         425837         414258         477070         
dur-p25             278284.00000   283739.00000   264072.00000   301089.75000   
dur-p50             309599.00000   319038.50000   320168.00000   339604.00000   
dur-p75             327314.25000   338379.50000   349959.75000   371783.25000   
dur-p95             368102.00000   378599.00000   387100.00000   426049.00000   
lat-mean            300441.59615   314418.91026   312484.27564   343229.67308   
lat-stddev          57782.71575    56906.79639    65168.28147    72926.34769    
lat-min             176838         180516         171550         175677         
lat-max             386029         435000         424693         803607         
lat-p25             286288.75000   290982.25000   274402.25000   307118.00000   
lat-p50             317354.00000   326351.50000   329113.00000   347498.00000   
lat-p75             336075.50000   346609.00000   361622.75000   381416.00000   
lat-p95             375559.25000   384878.75000   395207.00000   437498.75000   




rnn-serving-python-1000-1010

Metric              10             200            300            400            
cpu-cycles          504970094763   512491880168   514172307283   506631233947   
instructions        242195690480   245689069759   243133070509   240502233584   
context-switches    714426         719860         765427         782618         
cpi                 2.08497        2.08594        2.11478        2.10656        
ipc                 0.47962        0.47940        0.47286        0.47471        
user-util           11.84000       32.13000       51.48000       51.95000       
system-util         9.22000        11.83000       15.71000       16.53000       
idle-util           78.01000       55.49000       32.23000       30.96000       
issued_req          156            156            156            156            
completed_req       156            156            156            156            
dur-mean            2809311.48077  2953043.08333  3088311.29487  3007788.38462  
dur-stddev          551211.70189   598924.97063   605056.30102   598646.42338   
dur-min             1564313        1582612        1690240        1713857        
dur-max             3782526        3847103        4047406        4097848        
dur-p25             2656176.75000  2840704.25000  2920214.00000  2887119.50000  
dur-p50             2951143.50000  3112091.50000  3243117.50000  3152665.50000  
dur-p75             3182151.00000  3343487.75000  3505764.25000  3393269.00000  
dur-p95             3499298.25000  3712912.00000  3851809.50000  3780138.75000  
lat-mean            2817991.71154  2961416.55128  3098696.51282  3016939.01923  
lat-stddev          551315.99801   598901.47306   605798.26350   598853.95800   
lat-min             1573233        1590371        1714528        1725402        
lat-max             3790752        3856391        4053639        4108412        
lat-p25             2663979.75000  2849845.50000  2929887.25000  2893886.25000  
lat-p50             2959556.50000  3120731.00000  3259055.00000  3159127.00000  
lat-p75             3190508.50000  3350627.50000  3513081.25000  3403807.25000  
lat-p95             3507819.25000  3721068.50000  3865488.00000  3791834.25000  




video-analytics-standalone-python-10

Metric              10             200            300            400            
cpu-cycles          445475753138   446126302920   N/A            446995086257   
instructions        373791766420   382881179395   N/A            381618967241   
context-switches    7059708        8619447        N/A            9611891        
cpi                 1.19178        1.16518        N/A            1.17131        
ipc                 0.83908        0.85823        N/A            0.85374        
user-util           12.76000       32.24000       63.58000       50.62000       
system-util         11.19000       12.68000       16.00000       17.52000       
idle-util           75.30000       54.56000       19.87000       31.27000       
issued_req          156            156            53             156            
completed_req       156            156            6              156            
dur-mean            1320346.37821  1754937.07051  1641282.50000  2450669.51923  
dur-stddev          91088.88913    220218.36706   513491.03373   445505.65353   
dur-min             1092792        1241971        1160772        1303242        
dur-max             1596538        2241728        2498984        3719930        
dur-p25             1253037.75000  1630610.50000  1259387.75000  2240457.50000  
dur-p50             1321493.50000  1757841.00000  1376442.00000  2395075.00000  
dur-p75             1384147.50000  1888149.75000  2005124.50000  2707566.75000  
dur-p95             1464841.50000  2136630.50000  2423122.75000  3170083.50000  
lat-mean            1328814.32051  1762885.10897  191072.05660   2458997.86538  
lat-stddev          90724.87199    219649.41182   549904.28789   445218.34561   
lat-min             1101030        1254551        1722           1312450        
lat-max             1604725        2250158        2505954        3730826        
lat-p25             1260934.25000  1638410.25000  2461.00000     2248442.00000  
lat-p50             1329535.50000  1765615.50000  3158.00000     2401701.50000  
lat-p75             1392710.50000  1895007.50000  5729.00000     2717112.75000  
lat-p95             1472805.00000  2147003.00000  1374926.60000  3182378.50000  




video-analytics-standalone-python-30

Metric              10             200            300            400            
cpu-cycles          1206994850005  1218359370779  495523342357   853919349412   
instructions        1007228299404  1039599333227  410557636771   717272536618   
context-switches    20005383       27555780       10209584       20011658       
cpi                 1.19833        1.17195        1.20695        1.19051        
ipc                 0.83449        0.85328        0.82853        0.83998        
user-util           18.36000       36.02000       70.48000       52.10000       
system-util         13.90000       15.20000       16.37000       18.22000       
idle-util           67.22000       48.35000       12.60000       29.14000       
issued_req          156            156            85             149            
completed_req       156            156            28             28             
dur-mean            3598094.01282  6234180.23077  14013844.85714 13189419.78571 
dur-stddev          209047.69660   1718782.74526  7121582.66885  9359717.23993  
dur-min             3182145        3501381        6266671        3739022        
dur-max             4281162        9576317        28023335       29918360       
dur-p25             3461430.50000  4577365.75000  8279168.25000  3929108.50000  
dur-p50             3605097.50000  6429959.00000  10146922.50000 11846064.00000 
dur-p75             3715747.00000  7828822.50000  20351243.00000 21596881.75000 
dur-p95             3926100.75000  8822256.75000  26998916.75000 28154610.05000 
lat-mean            3606700.01282  6242198.17308  24678164.17857 26736267.91667 
lat-stddev          209100.22513   1718533.08527  8580352.98630  7827288.98800  
lat-min             3190539        3509983        6276810        3747566        
lat-max             4289230        9584830        30009410       30013429       
lat-p25             3471151.75000  4585451.00000  20536310.75000 30001190.75000 
lat-p50             3613516.00000  6437214.50000  30002244.00000 30003059.00000 
lat-p75             3724214.75000  7836903.25000  30003765.00000 30004483.50000 
lat-p95             3935185.00000  8829511.50000  30007063.55000 30006577.35000 




video-analytics-standalone-python-70

Metric              10             200            300            400            
cpu-cycles          1427046937435  1208987412665  871092397595   844126940718   
instructions        1173756354198  1027072158533  731522669304   703542936356   
context-switches    24755381       29054472       21321242       20613661       
cpi                 1.21579        1.17712        1.19079        1.19982        
ipc                 0.82251        0.84953        0.83978        0.83346        
user-util           19.67000       36.16000       52.04000       52.45000       
system-util         14.91000       15.46000       18.17000       18.50000       
idle-util           64.97000       47.95000       29.27000       28.50000       
issued_req          81             75             70             72             
completed_req       80             26             9              9              
dur-mean            8208615.23750  17107464.26923 13755666.77778 15311654.77778 
dur-stddev          341929.78302   6775164.98581  5832461.92234  7351381.05046  
dur-min             7407026        8003549        8406074        8673150        
dur-max             9003838        29440622       24745424       29311016       
dur-p25             7975444.75000  13115585.25000 8744102.00000  9156501.00000  
dur-p50             8309702.00000  15630795.00000 10269216.00000 10293438.00000 
dur-p75             8425060.75000  21387025.25000 18057260.00000 21017116.00000 
dur-p95             8649333.15000  29223172.75000 23055796.80000 27123199.20000 
lat-mean            8217611.85000  25350561.73611 27858052.77941 28089432.55072 
lat-stddev          341567.92330   7408949.56171  5898437.61290  5612147.11638  
lat-min             7416015        8012841        8414212        8682304        
lat-max             9012610        30011386       30178790       30015011       
lat-p25             7983764.50000  20336612.75000 30001822.00000 30001726.00000 
lat-p50             8317867.50000  30002749.00000 30003912.50000 30003152.00000 
lat-p75             8433316.25000  30004651.00000 30005527.25000 30005485.00000 
lat-p95             8658052.85000  30008367.45000 30008624.95000 30009947.40000 




video-processing-python-70

Metric              10             200            300            400            
cpu-cycles          370075031622   331848704916   331133383293   314345634331   
instructions        338045817156   335032332759   336206328409   328368055915   
context-switches    7455204        15307950       17403777       16041023       
cpi                 1.09475        0.99050        0.98491        0.95730        
ipc                 0.91345        1.00959        1.01532        1.04461        
user-util           10.38000       30.18000       50.12000       50.49000       
system-util         9.86000        12.37000       16.84000       17.42000       
idle-util           78.93000       56.87000       32.48000       31.52000       
issued_req          156            156            156            156            
completed_req       156            156            156            156            
dur-mean            243763.17308   328221.68590   520509.86538   570230.73077   
dur-stddev          30245.43297    82748.52901    162743.37787   163854.16991   
dur-min             193057         212420         224550         222387         
dur-max             361670         693370         1133419        1097414        
dur-p25             222966.00000   264630.50000   418585.50000   470148.75000   
dur-p50             237470.00000   314204.00000   500005.50000   561966.00000   
dur-p75             254612.25000   360462.00000   606747.25000   637918.00000   
dur-p95             304272.25000   504675.50000   805311.25000   864406.00000   
lat-mean            251125.78205   335233.17949   528852.58974   578379.57692   
lat-stddev          30389.70352    82609.02990    162672.03735   164202.10140   
lat-min             200921         219689         231131         239519         
lat-max             368574         698023         1146941        1112013        
lat-p25             230252.50000   271764.00000   426608.25000   475865.50000   
lat-p50             244223.00000   320810.00000   508622.50000   570107.50000   
lat-p75             262005.75000   366978.00000   616482.25000   644159.00000   
lat-p95             311210.25000   511391.75000   814018.75000   871669.50000   




video-processing-python-450

Metric              10             200            300            400            
cpu-cycles          N/A            1237668388470  1003978966802  958170426813   
instructions        N/A            1036926833874  962167844951   935548256081   
context-switches    N/A            60987481       74167959       72682242       
cpi                 N/A            1.19359        1.04346        1.02418        
ipc                 N/A            0.83781        0.95835        0.97639        
user-util           10.87000       31.76000       49.73000       51.24000       
system-util         10.04000       15.10000       19.18000       19.66000       
idle-util           78.25000       52.59000       30.54000       28.54000       
issued_req          156            156            156            156            
completed_req       19             156            156            156            
dur-mean            725963.84211   901944.00641   1426774.53205  1586465.41026  
dur-stddev          30285.22110    130022.56483   496650.65496   556586.87055   
dur-min             674190         688730         671259         749158         
dur-max             793431         1431213        3695452        4096083        
dur-p25             706394.50000   808857.25000   1102002.50000  1248464.25000  
dur-p50             721981.00000   882938.00000   1284182.00000  1502040.00000  
dur-p75             741073.00000   964038.00000   1621149.75000  1729687.25000  
dur-p95             780038.10000   1145391.25000  2383879.00000  2714349.50000  
lat-mean            92780.22436    909097.87821   1434632.92949  1594697.14744  
lat-stddev          239001.93350   130042.94056   497078.74785   556729.71690   
lat-min             1645           695690         678993         756413         
lat-max             800683         1437439        3701419        4102536        
lat-p25             3715.00000     817093.50000   1107389.50000  1255650.50000  
lat-p50             3851.00000     890274.50000   1292879.50000  1508456.50000  
lat-p75             4080.00000     971382.25000   1627305.50000  1737954.00000  
lat-p95             733726.50000   1151448.75000  2391449.25000  2724894.50000  




video-processing-python-1500

Metric              10             200            300            400            
cpu-cycles          5983244055371  3897790655188  3145987255245  3069524738922  
instructions        3993365557550  3363641837137  3114758206684  3058831560629  
context-switches    85846583       218346458      246875336      244831104      
cpi                 1.49830        1.15880        1.01003        1.00350        
ipc                 0.66742        0.86296        0.99007        0.99652        
user-util           24.26000       37.55000       52.07000       53.02000       
system-util         20.82000       23.63000       27.12000       27.26000       
idle-util           54.39000       38.40000       20.36000       19.26000       
issued_req          156            156            156            156            
completed_req       156            156            154            153            
dur-mean            2309277.40385  2817034.05128  4269113.58442  4946090.22222  
dur-stddev          127786.63028   332108.28199   1679724.28471  2573006.27146  
dur-min             1951223        2170448        2255298        2278561        
dur-max             2537067        4099367        12523155       19714102       
dur-p25             2215165.25000  2579224.50000  3538432.50000  3691993.00000  
dur-p50             2322847.50000  2791752.00000  3934977.50000  4213092.00000  
dur-p75             2409991.25000  2995851.25000  4474663.75000  5394081.00000  
dur-p95             2478497.50000  3376007.00000  6805426.95000  8120208.60000  
lat-mean            2316827.28205  2823989.78846  4277089.85065  4954952.85621  
lat-stddev          127690.94916   332117.33701   1679683.68075  2573410.37287  
lat-min             1959231        2177665        2262492        2285891        
lat-max             2543984        4105961        12529364       19723784       
lat-p25             2222907.25000  2587082.75000  3544724.25000  3697266.00000  
lat-p50             2330141.00000  2798214.50000  3943496.00000  4221891.00000  
lat-p75             2417490.50000  3002199.75000  4486264.50000  5401501.00000  
lat-p95             2485904.25000  3381480.75000  6813401.85000  8127776.60000  




