34999
56802
44823
45681
38908
47944
60312
44898
50085
61392
46485
57076
39409
43771
65298
31234
44029
33412
43040
50362
45103
41080
45272
51005
45292
58379
55681
42088
56366
55304
45559
43700
53461
54138
43880
47887
60858
39018
55512
28367
38439
32178
43222
58908
50755
44614
46518
53760
43739
56381
52541
43282
43843
51371
47085
59033
41532
47304
43582
63925
40286
48059
35638
56013
62665
40723
42176
45892
36473
45879
56485
31340
56044
43591
43458
64634
29195
43264
56348
31072
56222
43180
44295
59583
47063
53020
37295
33690
57872
34641
50474
38155
31780
47330
46138
44881
57253
48639
42446
51385
39800
45211
42944
44136
39837
45653
45080
60903
46149
43082
56977
39573
54144
46207
29134
54918
46614
28501
45970
43574
46995
29468
43218
62295
46106
45111
53074
34749
43092
51936
38190
43713
61267
42805
48054
36447
45613
59793
46575
46047
45408
29419
59459
36428
47246
58563
36765
38191
46635
43373
45160
53095
46073
52726
53800
44054
