43042
82657
55077
53227
57543
56904
71868
54188
58325
68678
56971
65559
47929
51522
72762
40084
53525
41828
51582
58186
53395
49606
52780
59480
56262
65585
66805
49314
63966
65235
52908
51706
61657
60473
56139
55210
70670
47349
80561
35113
47860
37116
51584
66923
59996
52019
53692
63443
52544
64874
65438
52148
52085
58667
54921
65654
48313
58094
51031
70726
50422
56188
44800
63911
70152
49035
48929
64759
44942
52105
63750
41716
68447
53014
50913
71542
37076
49559
64411
38210
66097
52230
51525
69279
54804
61381
43681
39888
65408
41745
58731
45980
41873
55169
52809
51630
65139
58041
49990
58705
44688
53138
50368
66941
46422
52098
53519
70177
53310
51087
64227
59340
60852
55872
40225
61398
53362
34355
59035
50974
53967
37215
51173
70479
53597
51591
60410
43025
49381
68501
46747
51277
70444
51186
55446
43544
53661
67194
54087
54690
54077
38211
66596
44150
56151
65568
43285
46340
55823
49817
52469
61962
53817
60216
61725
50637
