816325
891489
1000761
746234
771565
864359
909845
660637
801953
719334
815183
707111
1858557
840874
2342222
1227011
1522763
2201033
1478911
1375831
1605252
1288721
1712871
1502950
2312447
1487081
1837899
1666827
1410536
1697159
1647073
1439980
1639262
1159332
1854690
1028085
1659254
1218715
1846746
1810690
1428525
1931794
1587921
1510855
1783499
1354805
1908199
2266147
1729340
1263733
1798793
1514775
1990133
1410815
1607323
1784445
1778019
1207626
1397558
1458790
1476909
1281822
1412120
1076124
1435568
1527614
1433859
1643239
1549393
1280102
982157
1290637
1427349
1457036
1212001
1314058
1477651
1851897
1366024
1402779
1306012
1211289
1634674
1313380
1537119
1682335
2018535
1200320
2027762
2370720
1860511
1761001
1925915
1370581
1827341
2385109
1639765
1632136
2088702
1700345
1908539
2199368
1993540
1453493
1856180
1441742
1721148
1598277
1871322
2821740
1629944
2156125
1327198
2022007
2015634
935755
1474411
1245783
1142697
1423321
2012916
1278962
1453095
1073910
1482765
1357507
1307238
954844
820644
1158772
994442
1375469
1156040
991013
1794356
1337020
1382830
1354347
1530142
1166347
1512732
1140111
1268193
1354606
1709782
1203760
1777817
1660327
1277844
1500934
1321394
1819011
1834494
1556074
1338555
1663331
