831542
898878
1007748
753659
779400
870481
917876
667492
809561
727339
821437
717690
1867847
849650
2353858
1234703
1531885
2208225
1486423
1383706
1612138
1296163
1720963
1516031
2321406
1493597
1844684
1672804
1421954
1705067
1658910
1450219
1647889
1164866
1860534
1035901
1663750
1225334
1853539
1819477
1436317
1942177
1593282
1523112
1792847
1361429
1912846
2271898
1737480
1269480
1808102
1520220
2002837
1416204
1612998
1791240
1782595
1216717
1403785
1468505
1482247
1293452
1418029
1082762
1444933
1553157
1442317
1650600
1555269
1286637
994486
1300365
1433257
1464962
1218956
1323934
1492840
1860085
1370858
1412430
1313760
1217575
1643285
1319776
1545010
1693206
2024941
1207642
2033201
2377157
1868270
1770780
1932149
1379408
1835084
2395143
1651950
1638386
2093977
1706725
1917994
2205960
2001143
1465028
1861120
1446776
1733837
1606259
1885433
2826717
1641056
2162242
1332852
2027318
2025698
940142
1490036
1255723
1148967
1435185
2020347
1286467
1460669
1079577
1490375
1370058
1316140
960443
835409
1165616
1004431
1382727
1163549
1000808
1806337
1342643
1388426
1361690
1535911
1173488
1521861
1147105
1275629
1364695
1716415
1210174
1781764
1667596
1287646
1505216
1326371
1826647
1846035
1561424
1343296
1671937
