3587625
3892028
3760113
4080824
3976994
3798482
3560941
3587965
3621208
3467473
3510817
3909118
3616653
3885980
3679581
3668002
3628377
3702745
3604989
3640445
3530615
3656195
3564001
3680556
3588178
3812693
3572052
3668215
3599251
3596094
3554856
3553437
3556111
3684627
3544504
3632475
3680626
3611836
3671267
3580084
3601262
3602052
3760264
3576903
3583888
3598605
3712454
3750383
3613155
3781186
3599549
3654277
3690854
3582136
3620703
3618054
3590475
3567095
3672194
3625266
3561003
3739325
3581612
3585493
3592276
3551143
3559867
3719805
3560234
3567697
3538917
3650571
3671852
3597838
3572215
3521975
3578912
3611621
3524026
3597583
3685260
3533276
3529299
3645893
3543354
3624456
3638716
3679703
3571346
3559098
3517280
3547057
3596397
3714305
3591075
3630131
3640555
3647494
3748813
3617216
3635530
3567324
3577957
3538577
3600433
3689308
3555553
3634030
3506404
3678725
3608659
3583591
3546035
3628556
3592502
3514900
3561638
3563027
3540988
3656146
3638565
3573429
3610040
3537842
3582952
3576166
3533722
3501912
3608253
3631840
3606172
3588932
3524613
3595387
3591496
3694667
3547408
3520602
3550899
3646557
3490435
3537441
3581013
3673975
3716985
3572746
3550613
3555820
3516714
3669670
3617222
3528846
3541434
3625604
3549126
3594315
