3614091
3900735
3768506
4088389
3985715
3805136
3569160
3597329
3629324
3476057
3518514
3916457
3627859
3892013
3685568
3675300
3635048
3709674
3612621
3647234
3538469
3663849
3571339
3688887
3597607
3820400
3579590
3675322
3606801
3603610
3561726
3561195
3565116
3691690
3553972
3640159
3685968
3620948
3677853
3591496
3608681
3608559
3766840
3582273
3589932
3605664
3719881
3758087
3620923
3787841
3608136
3662157
3703684
3589825
3628195
3626680
3597485
3573178
3679894
3634942
3569226
3745987
3590548
3592380
3601270
3558616
3566705
3726033
3567699
3576640
3546682
3659829
3678846
3606861
3579361
3528365
3585645
3618344
3534735
3606412
3693829
3540678
3537134
3652020
3550260
3631144
3644480
3686961
3578922
3567084
3524008
3554778
3604539
3721639
3598804
3637898
3648930
3655186
3756088
3627687
3642598
3574605
3585311
3552819
3608532
3697598
3564092
3641262
3514866
3689972
3614982
3591069
3552409
3635989
3600957
3523657
3569634
3569540
3547527
3665230
3645209
3580372
3617176
3546870
3590678
3584518
3540480
3508694
3615384
3639889
3615742
3596668
3538711
3602753
3599240
3702446
3552897
3528576
3557188
3652413
3497783
3544430
3587750
3679832
3724499
3583878
3557557
3564308
3524732
3676813
3624426
3538050
3548363
3634219
3555325
3619282
