322981
296943
325867
306383
289599
293424
298049
329022
322850
326407
345084
283405
338496
281751
334862
297645
284466
292831
284587
276443
295748
319945
279588
315761
315828
279999
295126
303897
288308
316375
282766
278138
293979
291599
294610
311935
335125
311887
325486
292650
304576
313715
342984
280840
289587
287940
336774
258664
282183
285027
317849
266330
316674
296343
297804
270917
271170
310335
293780
277356
324165
308026
305570
310980
299444
276878
329157
301699
277262
298455
250890
282983
299037
276164
285727
351468
333334
263126
278670
312038
318591
353285
308732
282246
297185
337098
342261
318366
271331
292873
284271
283679
330060
285928
314301
295949
303281
282952
311902
263210
307276
290934
309876
305899
305939
280655
320048
295151
343507
296267
262873
323384
287748
286196
279714
347155
284592
266465
270030
306697
303001
310420
303960
288083
327769
285575
257042
267645
275240
266566
268221
294797
280830
300607
334737
292446
287562
265201
309702
302868
333071
280631
268519
342945
296365
312313
315140
352832
275810
294236
304437
283652
285657
276197
314861
270917
