336991
325799
338431
319334
298382
302829
307215
340842
332058
336176
356133
294781
346921
287469
346704
304962
297852
302562
291835
284774
302875
328799
284990
327117
321144
290847
304762
309842
294475
325168
288788
285002
304462
304089
301142
320519
343055
333632
333098
301155
311085
320423
353716
292669
311962
297161
343060
270208
306567
291950
323706
278973
323345
305339
308730
280348
279837
318753
304986
285040
334880
317959
312290
318156
329117
288840
339133
309907
285371
306718
260239
302619
305387
287677
293767
359614
341578
282259
286908
331905
327188
362027
316451
289381
309757
366488
1045519
331760
279154
299732
293270
296297
343065
295817
322789
305720
309385
289602
321453
269497
326498
299280
319111
312419
312637
287857
326409
301261
361503
304694
271609
330668
296223
294599
288888
354761
293320
272146
284949
317635
314319
318981
311324
295919
334005
296369
262680
293227
282292
274385
281334
302151
287225
314602
345705
302726
297125
272808
320586
311939
340785
294840
275415
349842
312144
332479
323432
358143
280975
300133
310560
293670
292191
282845
323772
278869
