3335044
2868758
3198937
2969096
3256952
3316824
2803301
2899366
2351811
3140950
2296915
3428656
3187538
3423894
1891666
3517162
3292993
2968759
1770296
3276846
3001613
3000721
1907519
1698263
3297883
3498092
3062106
1952107
3313872
3312309
3364568
2902499
3478969
1771220
3315143
1820175
2899988
3107946
3796330
3722354
3469722
3287854
3322029
2852406
3476038
3559583
3777283
3237059
3546711
3136673
3281313
2969545
1984770
1927070
3228989
3551183
3347784
3001515
3329926
3430642
2875420
3580587
3355046
3023691
3287316
3476704
2453974
3326471
1881163
3294107
3034464
3084188
2922741
3044591
1778900
1901075
3341619
3838159
3327983
3496523
3232731
2423290
3072803
2593871
1877548
3423235
3592331
3532983
3157092
2929599
2989201
3225341
3438937
1950890
3191435
3710029
3045894
3261372
3415463
3523605
3044590
3655969
3323822
3229607
3330215
2864559
3175028
3041930
3308893
3203531
3303990
2826777
3207427
3374069
1639573
3362525
2980509
3005202
3375368
3337393
3092363
1880117
3365433
1899922
3021018
3007779
2902262
2895361
3615615
3197776
3124501
3840340
2859362
3383613
3680806
3332682
3756659
3043031
2825473
3287546
3270509
1941700
3681502
2426705
2987433
3298011
3115763
3685648
3134876
3328004
3081979
1651982
3483230
2795968
3206741
3167504
