3343324
2877743
3225053
2977540
3266296
3325665
2817791
2909369
2360482
3150046
2305832
3436729
3195948
3430293
1899313
3530043
3300335
2976451
1778516
3284743
3009577
3008292
1914499
1705204
3306463
3505076
3069943
1959672
3321867
3320313
3373432
2909218
3486039
1779295
3322966
1827328
2908817
3121734
3804398
3729278
3482348
3298478
3329868
2859704
3482158
3566759
3785404
3245791
3554976
3142568
3288967
2981270
1997748
1935982
3236778
3559332
3355441
3009544
3337648
3446591
2884034
3589575
3363084
3030959
3295777
3484421
2461492
3335601
1889536
3302512
3042102
3097717
2932339
3051281
1786778
1909250
3348447
3845167
3334982
3503900
3239929
2431995
3079355
2601732
1884436
3432311
3601128
3540152
3164417
2937830
2997059
3233534
3446068
1957817
3199127
3721785
3054039
3270873
3422051
3531581
3051699
3663549
3332202
3238190
3338761
2873584
3183366
3049957
3316251
3209311
3312432
2834857
3218207
3381557
1649426
3369796
2989101
3014061
3381759
3346034
3099363
1887027
3372180
1907806
3029783
3014795
2911283
2906857
3624043
3207137
3134691
3847076
2866777
3390180
3688960
3341346
3763188
3050556
2834996
3295307
3278512
1948896
3689044
2434294
2994410
3305716
3124970
3692846
3141659
3334848
3094468
1660100
3490610
2802771
3214920
3174467
