265800
338380
316596
302924
308949
305195
309453
319060
316936
292963
307354
319535
283712
291530
299025
349693
328122
335764
315118
305681
305810
294198
301451
279674
291423
327374
276848
285504
295579
289308
303448
282719
286621
328225
307847
293537
266109
325975
297306
306755
328480
315425
302811
309489
316073
357107
331984
295008
310227
268873
338435
258999
336817
362248
341676
299150
287342
315688
346725
282846
278172
307433
294384
324078
350066
296055
321544
305664
305870
295143
292901
288817
286421
274978
285063
322127
302678
298207
277775
345923
311158
299068
307930
317817
321828
358959
274294
282645
275821
277397
303145
325546
319998
292355
316794
279593
270410
279681
271190
299690
306162
302333
308048
292210
311716
317936
317625
324272
261935
309383
309872
274423
315442
329041
283945
295448
285525
307644
307877
304173
280378
304860
301354
311734
314382
339067
312234
324512
292756
293171
330289
318656
277657
308572
310458
300990
317206
300357
322828
332922
309588
279073
290829
317848
327071
342655
291714
277542
302940
321736
348430
306272
329345
332056
323546
280923
