290758
348491
325215
317084
321835
315011
320043
327267
326338
302218
319162
329628
297247
299051
304313
358203
338037
346693
324729
314810
316246
301995
311407
288252
304995
336369
283447
294524
303065
297607
311914
291306
294285
335981
316132
303879
283737
333342
307355
314976
336533
323519
311008
318682
327489
365407
345480
303220
330313
277469
347836
269941
349356
371996
351351
312381
303859
326696
357061
293260
285361
318239
305861
332853
356239
303638
330164
314787
314719
304745
300599
298547
292530
284187
301626
330562
312925
309166
289836
354217
326606
308737
317404
325778
330059
367334
285956
292386
283160
285055
310458
334155
327386
307690
326380
285382
275704
301042
276673
308274
316655
312929
316202
300441
320598
326265
327220
332751
266492
318405
320240
283078
324162
337277
293343
304145
294797
315784
316733
312324
293767
311687
310090
319038
321820
347685
320287
334068
300600
301863
338342
328798
712762
317631
317854
309544
325110
310888
332201
342991
317792
288128
299540
324684
339129
350677
312013
286026
312821
329815
357498
314790
339850
341876
331004
290307
