62746
60965
81358
61219
68721
61506
84190
59088
69133
60395
67225
62841
75340
55525
56048
45911
55632
40306
102542
36273
53708
34662
57409
37808
41178
51183
70517
67898
63887
68611
52519
42159
53009
69645
45701
56862
43287
76537
31084
43685
69431
52565
53907
52213
66542
40475
44129
47912
181831
52116
51224
60943
53790
55122
86490
34104
68700
51311
78177
48874
43439
42105
54340
50101
83199
70425
88404
50073
70973
71481
53676
49791
50804
52789
59714
60190
49321
47732
49794
80044
76367
39165
92444
47972
66130
40351
43725
34164
34211
38522
46299
54947
49639
52926
84359
52485
36239
44090
32676
65593
48817
47268
57647
66460
42183
55644
56438
49497
89186
68359
52835
42508
40320
47326
41187
44420
65504
73199
69426
50846
45962
50442
78196
91935
74213
59912
84418
61020
40232
46947
71655
43737
58431
71568
50445
86806
65543
75114
63581
64429
52814
125273
70853
61324
43839
41360
72324
49704
47342
58768
53877
60087
47241
77648
59703
76261
