189774
215916
232473
217709
222910
193776
234666
195505
215044
218301
223231
212555
187491
186641
190994
199185
176388
205020
260263
170143
208378
175246
193092
165851
177031
216039
207141
196903
218815
297406
199285
187046
178505
231835
217647
243441
239786
204002
176554
155759
208982
175511
256281
177926
205295
179555
180872
179862
324953
196641
187549
211301
167523
215875
202818
181018
192886
199868
212040
167872
166201
168726
190161
203086
240326
216797
253269
207929
242853
239933
194062
190360
188687
183134
193174
176808
166283
168272
249051
207114
229111
174341
224678
179938
198990
185858
194863
158403
205212
175918
187874
189874
180463
199671
221316
223131
152277
194869
185154
198215
175360
171903
190639
212544
164792
184839
185032
166764
233263
204818
169929
160575
161762
182471
158994
171897
210289
199284
214982
165977
195696
188632
217681
214441
222327
234027
219126
197002
191007
205435
200831
184519
209944
230906
177697
223486
210443
219241
187007
235755
207881
279578
220792
205570
171245
181349
194389
171780
164869
202298
178215
180806
184874
199745
210246
206437
