398407
402029
380906
407469
399597
402856
387640
397691
411973
395927
387737
413273
393385
392398
414847
397913
396308
400322
395470
390598
397391
404042
395190
405208
413389
398434
396605
410344
394980
395123
396134
401829
393788
434098
394819
393527
403762
386240
395559
407057
391425
385371
404281
392216
372965
408425
389488
394970
398822
386194
391897
410709
408374
392698
401035
398711
394401
426849
396841
386169
409683
418706
402522
406511
397773
397088
406266
399274
396242
402874
398154
397541
398371
397937
396480
406214
396426
393528
443902
397529
395853
403583
396853
393360
454566
400418
396081
406715
400478
394689
398049
394148
396867
400606
389635
395519
396296
397235
413255
395255
400516
402726
395604
402099
405531
394905
404506
393352
392361
400068
395202
399903
421795
389455
394181
393213
400800
391972
401156
403320
394099
392990
404661
400703
391706
403362
394344
399426
399562
394470
401938
405057
396973
400397
398592
404555
395690
402832
410288
400513
399028
419702
402520
398048
419425
392863
395332
419031
397502
393357
402371
390229
408670
393202
392407
389261
