421564
410706
388051
415192
407632
410422
395217
405337
419157
403555
395227
424459
401218
400169
422429
405585
404384
408707
403493
398653
405712
411236
402699
412978
420771
406461
404030
417950
402473
404039
404094
409241
401734
442215
402746
401044
412000
392978
403678
414815
398729
393043
411894
399959
386170
415051
397487
402403
407074
395801
401482
418604
416185
400211
408400
406522
400916
434267
406041
394792
418348
425935
410423
414512
405966
404936
414134
407216
404319
410757
406198
407105
406767
406085
404140
414071
403639
401225
450870
404968
403422
411298
403992
401317
461573
407402
402986
414618
408515
402459
405819
403099
404955
408428
397146
403313
405599
404717
420359
401932
407069
410465
402500
409301
412035
402217
415768
401001
399057
408074
402953
407603
429614
397270
401822
400469
407285
399089
408853
409641
403360
400483
412453
409239
399078
411309
401883
406972
406668
402025
409558
412574
403997
408111
410260
412129
403022
410086
417747
407924
408005
427301
410093
404936
428668
400172
410704
426990
405044
401369
410220
398433
420316
401938
399508
396757
