61423
85546
54022
68753
72351
51145
64324
61010
60631
67068
53397
57727
61759
78839
65586
52586
76600
39825
57246
52385
54155
58133
60172
80204
73860
46224
61038
67259
62876
61544
69945
51645
94565
86498
44709
88518
60648
54497
59840
76544
69222
44143
38794
37929
62483
58035
66148
68502
51560
30099
37381
50987
74068
47498
37784
57892
77173
103044
61985
72598
58050
41765
87083
78634
72947
73625
64235
68472
58134
61336
64823
67525
40468
70774
42535
72875
47339
56183
74371
60922
62471
51645
55505
43293
60405
48567
50544
64010
68162
54886
77500
45434
75623
60132
68905
64534
58360
57591
39505
70329
75111
68424
56445
74269
76545
89498
67007
74547
40185
65957
53660
70223
72094
43860
80398
60671
73874
53851
64139
71293
38138
60044
64330
71028
60887
61810
44587
42525
52098
67694
53717
70659
68034
64712
68817
73531
44638
53004
71182
68606
62495
76099
60721
92208
58893
88219
72097
72614
74947
60084
75544
47529
70946
69920
76710
62956
