179787
269832
194467
227224
227722
206779
222806
205697
216860
221305
226837
212109
189473
240693
221232
165546
231674
182759
206466
175548
207209
218190
211367
207192
219607
211269
183409
200556
190305
208602
216986
186349
221381
250868
190696
223146
205562
195972
192880
218591
216254
185717
197653
171135
209722
202322
235348
205269
199543
177109
165591
188221
217336
189848
181871
209031
215334
224908
197475
214916
178985
188161
235587
244926
211391
225801
207702
232744
228469
226662
196751
202308
193952
241231
188117
250143
191829
210376
224468
203636
205166
192263
238997
201019
192692
195725
198472
195258
222378
197511
228290
210999
252758
218668
215274
194929
245306
204492
158704
201626
218483
231854
199583
221606
226280
264132
216881
229010
150875
228633
171628
220926
216778
198749
218643
203750
201586
224977
215965
210028
159688
210131
479740
220691
205275
211326
177532
196944
193148
220495
194348
220322
199543
242829
206445
201492
194291
199485
211116
223534
207189
222124
222564
243630
187838
251613
241483
217618
218592
220310
212959
200610
217338
232165
230082
220880
