709978
732057
739809
714120
802187
769302
735372
833100
793710
726083
736973
712448
831581
777942
737067
702875
761215
691931
745879
749691
701246
725562
706364
735003
753862
698573
686360
774225
749800
712935
751327
697610
757612
701184
727393
739994
709726
891037
715613
709372
731020
705092
711927
730033
736544
726392
717020
709534
756543
727476
769643
750772
723409
738200
736307
751190
768703
717848
736609
745934
775946
736262
748824
731760
741213
709345
771194
741841
731110
733131
714199
716384
713604
757784
729124
765406
749033
707337
716655
717939
724973
715440
728523
721573
743794
745386
745575
705196
723301
778762
768526
713893
742834
747366
749501
708764
712336
733002
725772
751367
694023
724335
724827
730503
725412
764273
732425
733991
717299
723912
730054
726917
705643
735823
704705
718718
717091
692085
770397
731124
702882
739738
722897
716126
730141
706161
751195
705461
726627
713487
731776
704094
763080
708868
772827
709652
730392
725050
718769
729950
732688
711539
740872
743336
758121
722274
713932
710728
715669
705299
700355
721590
711471
725154
703646
714697
