731717
740779
747372
722162
810896
777677
743299
841166
801616
734778
745174
720511
841655
786446
747031
711313
769240
699990
754119
758178
710042
733843
714118
742902
760256
708529
693972
782827
757740
720909
759509
705583
767050
710387
736042
748334
717371
898838
723793
717806
738498
713232
720204
737892
744217
734934
725575
717560
766696
736020
780342
758841
731599
745807
744120
759079
777001
726223
744875
753597
783044
744425
757502
739842
749195
717372
779014
750265
738387
741434
722398
724472
722712
765743
737392
773132
757071
715386
724600
725675
733184
723314
736268
730097
752005
753846
753350
716392
731945
787082
776914
724249
750796
755574
761611
716512
722903
742954
734120
760223
702403
732891
732982
738722
734219
772307
740643
741502
725546
731510
737831
734851
715485
745450
713271
726463
725475
700141
778203
739004
712269
748137
730863
724113
738257
714295
759005
713687
734594
721564
740167
711719
771512
718050
780594
717576
738502
733509
726497
737910
740788
719280
747980
751281
766847
731038
722918
719111
724230
713520
708461
729701
720727
733254
712075
722974
