26131
29901
36961
31753
29642
36085
29499
35619
22095
28131
28818
27948
31319
36594
15384
28480
18742
21310
38386
28831
35927
29661
19523
20302
17269
18174
20298
31285
18696
14987
15681
17374
21909
18199
18289
15820
36329
14795
17071
24572
21072
17831
19093
24152
13892
25066
16070
22127
17390
26028
19220
22585
32561
21477
15989
22037
19173
29764
15852
15107
25066
27387
13809
25571
16878
15335
21362
18329
20627
17768
30527
17356
17646
25946
30682
27304
18022
13952
16066
21075
30276
28897
32342
44158
28208
29459
24808
13524
21004
14249
14116
15607
19594
14815
18139
22289
37789
15626
15047
20932
13648
15276
17508
16857
22592
16804
34295
14950
29235
13902
16240
15164
14177
18414
31565
16526
38783
26370
14143
25158
18993
32219
19877
20454
26231
39431
32096
28716
29220
14172
35360
28933
28853
22561
17785
18148
29807
15220
30626
20780
14091
37242
29583
32322
27123
24047
16770
34546
15982
17632
24904
15206
13179
30066
35437
21598
