32042
38854
45555
40440
54464
44151
37210
44099
31415
36928
40918
35563
39523
43038
24924
34981
25008
29210
53175
35592
41648
37422
26292
35007
21607
30019
29033
37865
24827
20511
21397
24783
29073
25818
23568
22890
45254
22137
23248
32465
26174
24682
26360
31454
22062
30999
30345
28311
23126
32215
24808
30031
40591
32960
25522
33765
24972
36721
21831
22613
34216
34897
19750
44595
202352
21065
30002
25779
32475
27393
39307
27019
28696
39217
45104
32014
27138
21907
28021
36562
41156
43179
39270
51173
36885
35865
36883
18247
28400
25850
21056
20949
24980
20501
23689
28308
51333
30419
20034
33515
18655
23685
26895
21680
32289
25280
57383
27611
35190
21964
31090
26283
22420
25226
44954
21129
45514
35186
24218
32971
31148
41213
25430
28897
32172
45114
42109
36080
35419
22165
42662
36772
40759
28619
25823
24924
37184
24753
45448
30689
20603
43505
36892
40977
43302
31269
20870
48947
28266
465595
30973
20961
23369
39729
40270
28713
