773245
750151
813288
764171
746587
777108
884799
801825
771398
818004
738948
750262
920946
776205
837265
781179
812514
807261
763015
754098
763215
814101
758113
767617
814593
823628
816099
816310
798486
808673
757891
798246
816068
767707
775869
774985
797392
807666
781093
816675
812707
805855
803359
771129
793351
789903
813086
789095
951891
829864
812267
794137
769965
814259
873811
777961
795728
751125
762638
751839
961649
747955
768278
793786
732664
774373
741377
794152
766379
759454
756930
808041
836220
787814
792983
757718
771120
774761
762337
763814
775035
767485
745186
828463
832373
824141
881912
873861
801268
874438
788141
780421
818356
779600
801893
847209
909742
818570
831926
823789
790162
796403
772147
767552
778947
762291
781361
776382
849826
842222
855665
788343
760556
805815
826098
829955
816902
801330
817536
802131
796627
770207
786400
809947
788493
854265
755144
819898
757821
749184
771000
799779
810656
820545
823474
807613
783174
811896
780195
763703
826724
774643
790436
800858
919453
781408
778397
819626
792791
786223
789314
797253
853146
813506
795530
787666
