798336
758406
820664
772195
754935
785294
893156
809925
780104
825618
750667
757365
934883
784901
851140
787236
820361
817564
770694
768588
771334
818945
763525
774078
823258
835047
821134
822439
803285
819055
768034
804302
828590
773812
782874
780972
817075
816696
791539
824059
820040
813209
813198
776735
802073
802567
822217
798811
973433
835576
819747
800413
775979
833393
883852
788729
803332
759622
770801
758066
975192
758494
777230
809119
739477
782551
748154
802120
776191
773891
764161
818828
843609
795877
799310
763760
782004
780794
770633
769300
783790
775029
755709
833956
839491
830239
898467
880964
807312
880932
795139
786530
825301
796448
806276
857285
919682
823292
843264
829126
796633
805464
777219
774393
784337
778826
788332
785253
856042
850340
860017
798942
766175
812447
837951
837061
824835
806668
827346
817639
804424
776731
805639
815571
804003
863840
760654
826386
765864
756764
781649
807420
821361
827229
830157
814828
793293
821413
787604
770694
836633
788961
798927
807226
928172
790277
785193
825727
798835
793531
800704
803519
860450
818610
801293
793881
