55740
44035
50478
35318
44072
51932
40865
27923
60241
50604
56222
47172
47072
52488
60239
29273
44157
44207
51319
43253
45222
32795
56913
44504
42465
48057
60058
58867
44868
49886
29675
35687
60026
59086
30334
56591
42769
46806
44534
44236
55366
62026
45799
45956
47096
28662
45656
35005
34993
45522
28793
43303
59161
40160
63175
31789
37001
57580
28663
49484
43724
43622
46174
46081
43811
60058
61776
37219
44154
56209
44365
44711
47759
47512
63551
46372
57249
40181
53568
57369
44022
47491
45896
41668
50014
50537
45539
55561
47298
47833
32189
45872
37108
50691
45090
45535
41608
51305
31783
57080
44514
63130
40437
42298
49815
31529
44091
54562
46284
47017
35188
62523
45931
45183
48624
34096
53687
47112
31626
60041
40829
31481
59282
45186
44045
39521
46396
60574
45450
44457
49649
55767
33678
44072
46844
58311
40879
52807
52751
46611
60159
43897
51783
34775
30069
55026
30213
46169
33406
28667
45663
43462
48497
59457
39697
51644
