83113
53330
59201
44858
53236
62248
52176
40764
71402
59728
64657
55569
63164
61380
66734
36163
52763
53180
59537
51086
52432
40848
63773
52434
53214
56816
78113
65786
53865
58313
34662
45393
68153
67248
37684
63625
55631
55386
54152
54991
62273
69298
53233
55850
53356
38221
53159
44479
51188
53541
36087
57002
66656
51643
70091
47663
45644
64685
37674
63966
52902
52655
53608
54202
51793
72872
70344
48301
52758
63313
58278
50528
59002
55482
70548
54767
64672
52071
61459
67751
51330
54921
53930
50731
57635
58100
57677
63839
55456
61096
39043
53667
43352
57975
52611
53093
51978
59252
37315
67894
51324
70045
51464
50965
58431
38983
53138
63813
54349
53733
43231
73306
53060
55490
59225
41893
64538
54753
37923
67346
60227
38346
66610
53866
50313
46353
56147
69424
54244
51888
57567
63202
41772
52897
54953
65937
50909
62685
61614
54950
68071
54642
62420
40430
38316
64483
38067
53836
39981
38849
52292
50467
56661
67012
45998
72618
