73887
64759
67467
68981
84519
49641
68543
67609
72349
47330
85703
87867
69729
74434
86056
70839
46225
80426
85462
77444
82849
73359
85913
60297
69317
53240
77229
59056
68241
81209
58583
48353
72812
79154
83313
62243
87765
66256
89939
65716
41701
67205
76896
66189
47508
80024
47721
73963
81764
78180
76054
78480
76994
69986
45412
68156
76179
85247
84838
56569
78405
63250
69594
82255
76027
63009
84870
73175
63167
74452
77428
82390
83496
64003
62115
98335
69691
69271
90289
47738
76851
91731
82436
86464
48033
80059
48878
82096
73459
53220
76515
86538
66517
85633
59705
65515
78098
62769
84403
58191
68656
78249
72381
61176
45580
68566
77737
42797
94780
68681
72691
99611
55056
81367
67889
64492
67332
86706
36956
55162
42708
96040
90159
70761
64888
91091
37269
72593
79112
47523
84104
71451
84114
75381
79822
83735
62485
56968
84875
75398
71158
81410
77993
59315
75185
73102
65856
57871
63932
91889
77058
50241
58341
55510
80345
69126
