99221
79565
75415
77481
91942
59459
76227
75923
79927
55574
94621
98250
78312
83478
141409
87542
53030
95320
98565
84857
89833
82126
94702
69197
76869
63152
87270
66493
76170
88376
66043
59028
80410
89988
90700
71843
98919
178692
96183
76198
48164
75558
84070
73348
55295
86479
56754
84110
90950
86596
81999
85232
85484
78326
51961
77208
85542
92899
92205
63364
85859
70332
83175
89749
83849
73912
93669
80722
70592
81039
86735
89515
92651
72020
73488
106361
76571
76486
96809
54766
83996
98363
89150
92672
56495
100865
55004
88672
82151
65513
83879
94252
74042
93876
67513
72680
85252
70768
90570
63595
76352
84996
79547
74058
52170
75660
86160
50664
102553
75399
79882
107469
61338
87333
76246
71262
74084
94790
46076
62669
49870
107057
97600
79651
74702
98883
45354
80205
85833
54344
91120
77583
91464
82724
87378
90619
68817
63492
92855
82982
79386
87880
87141
66330
82307
80809
73684
65589
71023
97812
87493
57503
65416
61439
89174
76031
