132049
127681
104848
89684
75589
97076
90091
75025
89462
65599
71903
60964
67223
77324
70912
66313
74475
67004
72255
62856
103124
91757
86939
96462
126137
126657
113847
101316
80391
90374
105916
88207
89917
97523
108041
114144
103045
89205
78438
90851
99695
96622
114455
82818
115964
75622
111043
99990
111398
115677
86227
77815
116774
119075
94286
172346
113618
83068
92860
98046
80670
86002
104585
99972
84361
77395
85443
82072
96598
95937
108617
96062
66736
80901
102195
97949
88671
94804
105381
101710
99664
85542
98968
100960
101221
97778
117927
92928
101454
103785
105765
91552
89893
101506
88299
114834
83514
89703
69350
93459
75504
96568
89695
103700
109256
98529
77597
101532
100577
93266
84980
90483
103350
93109
95135
102293
89467
96451
104560
96297
81992
110945
74691
98463
66418
113428
141851
102793
103584
105945
108562
80497
99761
106128
97556
91664
80338
110377
84678
89744
81769
103459
97202
91874
115470
109378
108059
87998
107717
77780
92626
100677
97204
79990
81437
82783
