175829
172770
145654
129434
97907
138162
120035
110135
123705
99476
106416
93341
94668
101713
112462
85406
121981
83116
110723
85316
152003
121358
114876
135808
167437
162714
148622
126105
106606
111520
120799
107358
111183
129607
133192
154278
128957
117042
98950
113838
133943
124819
136693
115047
145337
96208
137643
123237
176522
148129
117663
108834
142001
143338
115907
202134
154077
121942
128117
125036
114910
114179
132807
138609
116249
97859
125642
125336
127354
146723
146581
123073
93011
103508
136215
141730
116982
125121
137821
139818
120980
120109
130057
122482
126364
139888
138412
135111
125667
122381
122572
121920
119886
123822
107352
153287
106220
107731
556070
111385
93642
119254
107423
125419
160666
127368
98229
125620
141449
119223
109647
118252
121864
110927
122324
124109
131919
123818
124578
127109
117321
134972
113428
124870
93319
145055
174114
135960
138068
139806
132693
111612
131949
127422
125969
117436
109963
136804
121224
112510
114026
133732
122680
117966
147558
134254
140159
108469
129598
99185
120262
120474
126502
120976
103494
104806
