31173
35191
31612
45112
19092
31858
31537
25935
31154
34494
32936
22558
32557
20533
14678
26255
18743
32920
30229
42442
23536
28470
25097
23278
19439
14915
31353
13965
20189
25536
30535
26547
27753
30544
28892
17548
18150
27419
28846
12292
20320
13618
29541
24154
24884
18295
20230
15290
29108
13188
15464
22353
26889
14993
20202
13617
24492
22518
22882
23603
28781
27929
16622
30577
18236
23528
14383
26783
16081
17894
30704
12381
16137
26173
31853
15549
15329
18453
22448
22369
38323
28365
25596
31263
28370
21831
25723
25980
29164
14094
13382
19370
11844
28077
26225
14005
16900
28853
16570
17170
17251
14158
28717
15887
19812
30661
21747
23963
23220
22036
14008
15633
15016
31346
11567
21672
24807
26733
17272
20329
22960
31359
22920
23675
21541
18862
33266
31694
20010
25411
23469
30376
20729
16622
12835
26703
29079
21275
30115
35702
30329
18631
25365
16531
26084
23722
17152
14314
13016
27793
32909
21922
17354
21853
27071
17426
