38306
61013
39557
53882
26564
40160
39141
34750
40766
42379
41755
29835
44058
27517
39295
33151
23003
42151
36547
50476
32591
34461
31697
30338
27451
24307
39544
21624
29677
32452
41603
36584
34891
38716
36791
23409
23770
32554
35799
20711
30344
19453
34942
42131
32012
27554
25548
21005
38344
19459
21511
28788
34186
21292
34873
20004
34802
33953
36580
30151
34849
38242
23368
37499
24977
31310
26831
38379
30271
24805
38389
19413
23198
33650
41447
21273
24887
23400
32017
27833
46431
41512
36069
43398
37560
26936
40949
32826
36070
18872
18539
25468
20236
34684
32783
18967
26145
44180
26660
22399
22956
21253
35740
20423
32261
37697
32741
28583
28430
28106
20210
24293
26173
37205
16439
27365
36473
36898
23541
28595
31250
37520
31510
29142
30106
25503
40376
40780
26265
36254
30957
36929
28819
25920
24918
32978
36782
27173
40039
50440
37445
26036
35777
21292
32130
29872
22405
23172
22481
33869
40037
29375
22861
31856
32533
22418
