1739036
1658141
1665268
1730200
1676577
1628941
1704584
1653424
1709069
1603797
1744243
1608785
1714446
1679368
1670408
1702702
1703841
1702993
1660579
1625110
1675110
1641303
1642357
1660043
1620276
1737665
1654464
1583105
1656082
1617719
1703242
1703404
1793926
1743965
1681147
1676584
1685493
1687320
1731334
1692830
1678824
1621697
1700358
1694528
1659928
1629601
1738715
1573087
1610248
1644720
1683065
1633939
1702484
1643523
1665383
1717476
1777045
1729480
1648358
1690437
1634071
1779724
1724379
1698773
1672885
1689348
1704458
1701549
1682359
1716763
1816345
1687406
1648974
1736322
1690371
1734806
1695671
1644480
1766207
1652249
1691105
1768906
1699810
1642564
1714783
1725149
1679951
1686562
1680986
1758264
1715248
1732950
1635022
1683804
1692587
1663867
1653066
1664905
1663765
1647506
1694909
1735343
1728516
1692045
1658496
1697091
1719522
1708820
1720988
1706869
1739261
1810197
1658147
1729587
1723326
1611752
1676738
1694066
1708923
1693004
1639938
1665568
1641787
1687959
1675869
1693166
1622417
1705747
1739966
1728636
1613097
1714785
1646935
1734887
1695543
1658810
1658855
1670431
1692988
1782427
1737567
1705939
1666708
1632367
1660908
1709479
1640095
1665986
1758645
1672274
1779188
1646970
1728534
1742175
1668584
1677957
