1765370
1674530
1677621
1739442
1690484
1639124
1714322
1665560
1719655
1613192
1755584
1619497
1725073
1689462
1680380
1720882
1716198
1712715
1671188
1634879
1686371
1650571
1654237
1669036
1633536
1748005
1664054
1592698
1666024
1629013
1713088
1713534
1803380
1755301
1692691
1686891
1697381
1697399
1741945
1702662
1688831
1632183
1710797
1705082
1670720
1639052
1748855
1583374
1620098
1653212
1692036
1643893
1712314
1653873
1678247
1728061
1787694
1739336
1658081
1700764
1643326
1789754
1733431
1708992
1682775
1699351
1714279
1711048
1692341
1727220
1826555
1696558
1658525
1747144
1699177
1747026
1705414
1653417
1776743
1662145
1702154
1780098
1709272
1653259
1725975
1734892
1690252
1696576
1690500
1769787
1725319
1743319
1646588
1695358
1702445
1673610
1663820
1674043
1673612
1657256
1704952
1746568
1738335
1702686
1669099
1706522
1732886
1718922
1731024
1716483
1749913
1821580
1668255
1739515
1733458
1623812
1686472
1704069
1718429
1702599
1652692
1676746
1651209
1697145
1685702
1704966
1632370
1714720
1750654
1740171
1625418
1724196
1655792
1744728
1706900
1668571
1667709
1679073
1704039
1793511
1749290
1715931
1675698
1642147
1671916
1718594
1650282
1675416
1768081
1682353
1789213
1657511
1739988
1752015
1677779
1688726
