75595
61691
48012
64398
82849
76093
71299
48451
73180
69052
46151
51938
64347
85212
76757
78848
80105
55176
54301
79559
77849
63828
74707
81428
70039
71720
48729
84966
59955
71783
83301
71347
67740
65591
45937
99070
74295
46369
41663
93900
71257
70800
49164
57519
59076
105725
89062
76159
71572
69504
48150
68995
115967
35263
83764
84582
56304
83478
75848
36961
84730
68472
73494
82885
82973
56646
80234
62332
97268
55713
79395
77652
56139
74417
30773
59707
78447
70478
85727
83850
89883
74369
98324
108791
77436
64038
78729
88061
71847
79241
59590
55340
70506
85891
38478
52835
69476
70990
64011
86899
119275
35131
65284
76059
75444
85318
95826
86809
52872
58977
104027
61774
101304
81223
88746
68100
82044
85203
75889
96383
65649
86130
102835
61804
74208
73388
74070
42535
71420
79265
67217
61311
61579
44080
75818
73289
44505
77844
44575
68907
52520
47717
48668
41712
111959
95154
149722
93357
78899
43278
143899
76508
63289
69160
60978
99333
