100624
70779
56263
71666
91467
84144
79251
57572
81552
77879
57428
61000
73506
91233
87533
85782
95565
63924
63469
86270
84065
71221
93436
89470
78917
77794
57152
677543
65874
86104
88820
77618
72799
75828
53128
106864
88367
58767
50469
98762
76535
78539
54838
67600
64787
110344
96114
83587
91384
75588
53228
73295
128702
41711
91197
90574
61822
92098
81769
44763
94982
74077
80743
91572
907198
63680
87041
69282
107424
64037
85496
87807
66778
83088
39619
67931
93492
77807
94085
91065
96850
81163
105599
115777
83803
70618
87866
111269
77519
87537
70445
62187
76147
101835
51187
59558
77816
78636
364968
93170
124071
44184
72960
83049
84886
93860
103232
101863
58586
69357
111356
75028
109183
86453
96363
73612
88931
93276
82301
110709
71925
92606
109354
71375
81103
81092
81716
48470
89182
87683
74679
68218
67856
51217
82404
81526
51917
87492
50502
83970
60081
54579
57591
50850
520284
104169
160703
101198
91843
49220
152726
82738
67643
75785
65289
107049
