286871
237531
315566
223471
233077
244606
319402
240977
235441
244104
246170
296734
318996
226583
302741
229176
252600
278385
242261
208342
229982
287827
266320
243421
257230
227251
268658
223898
317339
245680
229877
229313
253288
232561
313484
272736
270377
272575
289891
232652
563328
197325
311157
250191
268792
235416
329533
259830
301039
249385
289409
252706
270376
217372
276361
214510
260650
237282
319488
276466
377721
256099
271936
263807
272637
239235
272812
239125
339296
222689
294675
292102
302236
274527
275230
287346
291457
238162
277456
215893
314883
242339
256630
243686
383859
232887
318781
303803
284145
307872
266330
239233
223407
250759
279984
239798
307469
262433
256426
302388
244495
310812
254104
232081
293075
251242
267452
228894
314164
231448
302778
231761
305716
270349
274607
275980
243709
228788
286727
233469
272685
266158
293021
247139
243698
310443
294679
218785
235401
291290
261804
230699
306761
227230
402269
241390
247542
293744
316905
220871
271370
216513
289891
230829
325551
238750
310402
238122
276059
272033
274295
227874
285879
212258
316006
217794
