292859
245051
333595
230355
239079
251695
326245
248230
243239
251794
254034
303842
332296
233887
309599
236651
259953
285730
249557
215658
236531
295751
274195
250700
263229
235724
275637
230867
324168
252730
237711
237099
261020
241236
320740
280396
277429
280834
298305
239542
570687
201556
317504
257816
277211
242217
337574
267374
308760
256485
297108
259879
277463
226653
283297
222503
267535
246207
326870
284208
384938
264104
278618
271177
280323
246544
280143
246480
348876
229858
302054
299155
309109
283464
282722
294510
296772
245067
283433
223021
322347
249732
264167
250653
391285
239958
325940
311169
292143
314808
273631
246933
231643
259836
287171
247720
314971
270134
262691
310489
251744
317936
260907
239211
300577
258768
274452
236398
322093
244426
310029
238689
312478
278940
282088
283707
251975
236279
293705
240409
279567
273328
300467
253594
250346
318044
301646
226050
242038
298028
268359
237556
313175
234752
409287
247740
254345
300852
327531
229125
279846
223383
296467
237522
332222
246264
318089
245313
283238
279761
281866
235769
293675
219060
325793
225226
