53914
69063
79820
64654
87903
84363
79299
63503
69298
70962
39544
74732
53867
48976
63196
76905
67796
48612
54418
51749
58115
63172
73159
59262
55046
63858
61392
54343
54628
54440
45541
52812
64369
61978
65107
45936
72439
136899
57808
61077
66067
59364
39139
49668
58803
35290
64062
44983
56349
44818
78451
54218
70644
45067
82262
44907
57896
77206
58868
55002
63045
72819
38509
88544
50945
44903
51747
43457
83855
92605
73217
61506
84647
59098
40466
50479
65231
52546
56825
85139
78171
67884
55154
56935
54784
63199
63513
56701
57883
35732
46853
45668
45933
47620
35478
75358
32835
67076
36745
44346
65509
31136
73988
63083
65254
35478
50612
74413
33510
54442
29341
44383
44521
43810
53525
48856
56456
44841
59008
55708
60038
59886
56235
51077
49398
31746
66755
46218
27767
52975
48682
56107
74908
69333
77064
61567
77299
55055
59530
52087
44058
47742
48396
58916
67346
66269
68599
47554
45315
39192
48418
39793
41646
36595
41814
34840
