193428
226869
232039
217205
244599
237607
214370
216965
245084
227622
186647
221051
183184
186397
190163
201131
214659
178128
212768
197389
206820
190451
236771
211962
193329
227880
206357
203064
182867
195326
192691
593654
196833
196188
196066
186131
183525
268735
187500
229296
198700
205995
173785
195773
186753
180160
214454
188619
220038
161586
203410
182332
191157
161837
189530
199830
186775
209669
195545
210560
211254
217591
178401
231815
187859
183747
190102
169949
214554
237743
249609
226270
216212
183827
167753
204348
202680
175422
179987
221761
227754
214852
198702
202102
209836
205824
179878
180039
193226
148150
179705
191822
201705
160385
157901
225159
158147
193468
167994
177211
176614
153939
193230
186336
177538
136357
192752
200423
167672
180155
181218
157337
160087
174247
183404
238578
179207
175450
205928
200517
202277
209340
222810
197350
197019
159049
246326
176518
158074
210792
184740
192096
207465
204896
219955
204123
219534
215519
208794
200466
203088
228715
189083
189757
199393
242699
194631
170848
185061
169321
218583
178731
171479
144241
162123
173834
