33402
43262
39666
23517
34964
45196
47823
37080
35312
34267
34633
36125
46834
30287
28618
47617
18436
42155
40439
25911
19891
27750
19029
38363
47118
36002
38318
55944
19029
24123
25110
22953
35808
29073
19941
19773
21400
21719
22147
26693
24005
30632
26901
22494
23289
32041
19357
21540
20830
30890
26454
28957
33474
24062
20014
22339
21023
43420
36944
23892
24152
43961
20919
30179
34135
24993
39483
21272
39489
19854
21152
35052
24549
44671
30355
26718
35374
36945
37529
25739
43545
36185
27458
35296
32858
34734
28749
32210
25135
28721
19058
24576
39780
23894
28618
19794
49003
40027
19451
34717
22895
20263
19347
20371
22372
22225
35172
24641
19694
21167
46150
31847
32441
27699
43581
37984
22338
45122
46833
39203
32544
27741
30483
33288
34502
43705
27104
38719
36960
29374
40626
35580
29546
41235
34958
37557
25540
44802
24839
23063
34204
39385
34954
29284
47906
41200
26761
31105
25513
39970
37469
31069
23408
21923
28069
26614
