41303
50601
67527
32410
44329
54482
56054
45803
43632
46997
42092
44628
55603
37390
34598
55889
24380
50663
47633
32608
30193
42433
25619
44670
55463
46919
46813
68499
24405
30036
35888
29691
42253
34666
29560
37917
43603
26550
28301
32377
36434
38477
40329
30872
29993
37715
28048
29867
33529
35746
35524
35772
38960
28665
24748
28306
27805
51126
45264
40817
45277
57741
31514
37478
40555
36636
49509
27603
52241
24919
29061
40310
33883
51251
37923
36386
41991
42134
49152
32199
53629
42452
33006
45904
41205
41592
34561
38599
31982
34563
25359
30779
47165
36400
33749
39866
54164
47385
23570
40827
28686
25085
27514
25542
27024
35214
42642
32514
32004
26587
52806
36455
38491
33658
50451
51071
30043
53195
55975
47362
44111
38488
37420
44655
44666
50380
34343
46824
44191
36039
48128
42448
40888
50677
45065
43922
34591
53755
34224
37116
41782
47117
41573
34739
54614
49083
37533
40488
34708
47120
43387
37324
29261
30970
34090
40139
