1280484
1034678
1030563
1039024
1107249
1026146
1181034
1091677
1107298
1117786
1067501
1076669
1389374
1156416
1404355
1183605
1300022
1171052
1247326
1221905
1254667
1303042
1249899
1251882
1250559
1306988
1255194
1178445
1259445
1124560
1161574
1136699
1207660
1165575
1172229
1211573
1257707
1280648
1210338
1354035
1301169
1251235
1344587
1183858
1161564
1205693
1333502
1172414
1200145
1201136
1179815
1215929
1187847
1101601
1191177
1233769
1249802
1205376
1312676
1203105
1227227
1248123
1213106
1218447
1180573
1211050
1310908
1212892
1139459
1260703
1252435
1276633
1198837
1246228
1185808
1218379
1180470
1151311
1235648
1161040
1259188
1227443
1229255
1119800
1190055
1137644
1170981
1152747
1236288
1176883
1255480
1114084
1148744
1261375
1144416
1198810
1224669
1242773
1212187
1144078
1219021
1186912
1251002
1163923
1110641
1225976
1209713
1135501
1192941
1139491
1241823
1184564
1247849
1180057
1245044
1170604
1218178
1194637
1225320
1134085
1152638
1304883
1195756
1198236
1222248
1210247
1318173
1187856
1255754
1202569
1238751
1270032
1206863
1270266
1159678
1296621
1259328
1226368
1269977
1222122
1241798
1164942
1226208
1168198
1251154
1199561
1120106
1168874
1124869
1147799
1184132
1103391
1106421
1222586
1119696
1138957
