1303793
1071490
1062052
1059703
1129565
1047285
1201400
1108216
1130872
1132368
1090418
1096654
1407045
1180936
1425700
1210245
1322362
1188911
1263145
1251652
1277283
1315493
1270844
1268596
1264768
1323474
1266175
1190656
1273623
1138872
1200168
1148988
1221870
1183085
1186977
1224719
1277820
1295380
1235355
1366616
1316869
1270169
1359778
1199629
1177048
1218157
1362577
1189940
1215121
1222146
1193792
1228133
1206023
1122604
1205500
1253970
1263427
1219271
1326807
1223545
1248525
1270255
1237659
1238683
1207439
1222941
1345216
1226265
1155853
1284848
1275701
1299280
1215003
1269685
1204222
1239534
1208052
1173616
1257434
1181192
1278496
1245502
1251906
1134677
1201147
1153302
1185607
1170733
1251641
1198587
1278517
1124581
1159182
1283169
1155480
1215564
1240535
1263114
1224652
1162911
1231000
1199890
1264045
1176804
1122794
1239909
1226615
1156133
1209717
1153572
1263878
1200237
1261343
1199868
1265684
1188445
1245194
1209914
1254263
1157538
1179619
1330214
1213436
1216389
1244367
1234864
1339159
1211792
1269703
1217965
1360032
1286456
1220106
1291370
1180976
1318139
1278805
1249203
1299371
1238699
1277254
1181959
1245093
1185463
1274951
1220847
1132350
1183497
1143506
1159131
1201110
1117202
1128132
1233816
1135403
1150626
