30097
34790
35368
37687
36664
35498
37910
26199
35060
27029
36295
36438
40177
34786
29728
34091
50464
21548
33616
22644
43304
29129
22153
35513
39136
38081
21953
22735
33505
23114
31914
36433
40515
36534
32596
32890
24005
29810
34372
34762
25763
38508
30818
36877
30690
31565
24010
36209
53948
42015
18802
30176
35505
39213
19556
31026
45361
36405
45712
45561
25663
36650
50590
27054
33458
40191
34724
35386
34054
34642
44570
38117
25866
34420
27085
35945
27032
18875
23726
34356
28562
28045
25183
35970
34606
55729
34936
48521
27679
34390
33685
48284
45182
37626
26118
30916
37906
37015
21551
33487
33249
35968
35943
22764
32444
33709
36266
19684
23389
21063
37529
21754
33801
21905
28681
19654
31136
34355
45012
35433
35420
34171
33955
33449
40466
34788
42046
44828
42728
29739
37707
27034
34511
38481
37138
39689
43562
34471
34096
33743
25736
37378
25030
20189
36705
34750
19616
33641
29178
37855
19109
26502
33716
30953
26297
34917
