39057
44114
61669
46255
44431
44267
45638
35626
43882
36168
44306
44802
48797
42396
35159
41565
58759
28181
49012
29617
52745
36417
28848
42835
46285
47756
27156
28871
39038
34932
38480
44676
48476
42988
39431
40775
30749
37481
41602
41675
36895
47873
37021
44099
38307
39604
31483
44816
64670
49217
25523
38138
42869
47376
25677
41589
53525
52375
52513
53977
32152
44356
58164
34823
40836
48433
45093
42684
40904
42440
58072
45151
32548
42426
33338
42335
34202
30568
29330
42081
34901
34973
35207
49661
42016
62623
43722
54921
35565
42014
40979
58090
52228
45369
33409
38265
51462
43870
25761
42021
39635
42268
43513
30004
40048
40938
43481
29844
30556
27616
45471
28206
41438
32959
36141
26389
38731
40857
51512
42170
42422
41818
40809
40488
48730
43060
49852
51862
50731
36962
44737
34698
42486
44917
46437
46423
52853
42919
42069
40393
32266
44406
31278
29550
44773
44180
25173
41637
35089
44591
25862
34142
40637
38780
32944
42308
