105824
112807
113106
112510
112757
116418
105151
112886
111316
120732
111684
112788
113384
109742
95731
115290
110731
109254
116790
114898
114549
109475
117440
114204
107654
122961
112143
115630
120414
120541
113029
115615
111364
115471
112707
117332
111826
115298
111479
113691
115644
111748
110220
115429
115081
115212
116972
112764
113177
118036
114874
112584
109709
113812
110628
108870
114864
114688
109626
112811
116794
108785
113434
111372
113210
111540
111281
117575
113499
113810
113073
114159
112714
112707
116661
111323
109502
113244
115314
110244
114705
125717
112189
112488
131975
113798
115038
113554
111108
117029
113514
114285
116109
115629
111022
112559
115229
114092
109052
115777
99674
111730
113605
115432
111670
116001
111653
113820
111811
113439
112203
101681
112417
98680
115416
110282
108098
116327
110937
113606
114048
112559
112930
112449
112032
116912
112019
113454
112055
115833
110203
101635
143370
116656
113518
110841
112248
113456
112544
115195
110143
114544
114052
112556
124957
113436
113286
122848
111057
112116
110064
113766
115497
110689
113640
100469
