130030
124563
122534
120961
121430
124582
113308
121203
119003
128582
120160
123986
121091
117919
100828
123154
118567
118627
125340
122899
122960
117632
125234
122151
114551
132943
120256
124041
128907
128623
121247
123716
120655
123539
120809
125500
120260
123544
119352
121675
123938
119762
118169
123821
123125
123357
126457
121072
122607
126384
123122
120842
117747
123750
118829
116871
124326
122499
117910
120771
125241
116457
121442
119277
121228
119578
119225
125791
121577
122197
122305
122018
120896
120827
126760
118573
117345
121184
123142
118156
122223
133886
120392
120696
140665
121909
123115
121758
119125
124905
121521
122324
124099
123199
120184
120961
123390
121903
116260
123894
109218
120014
122162
123812
119632
124398
119885
121046
119830
121501
120487
109447
120403
106267
123389
119539
116076
124897
118825
121893
121818
120198
121278
119988
120040
124902
120144
121592
119963
123188
117979
109377
151586
124350
121634
120290
122323
121537
122573
123358
118257
122538
122352
121297
132453
120466
120715
130477
118619
119776
117971
120946
123064
118627
121872
109205
