3567208
3535715
3523350
3442177
3522624
3528292
3520587
3484345
3457194
3525360
3429950
3703407
3542740
3790771
3664868
3607337
3624590
3626736
3613002
3600884
3646176
3609666
3613256
3749856
3677188
3627613
3634381
3584446
3588471
3628869
3676001
3592445
3569486
3668826
3741504
3708303
3692439
3686711
3561585
3546577
3673472
3628376
3585981
3730909
3674522
3603042
3743557
3667385
3611748
3538065
3614331
3624057
3584893
3537307
3602822
3614434
3625282
3599301
3576205
3582725
3569558
3622509
3599936
3541773
3626824
3601770
3589350
3609742
3545885
3498737
3584931
3570103
3566798
4085481
3555782
3531656
3517334
3585097
3584844
3541331
3562502
3517857
3539983
3613959
3602858
3701335
3574976
3574195
3547857
3554195
3637464
3601952
3593324
3571604
3538880
3689813
3652447
3539846
3681654
3698722
3561521
3644931
3553718
3572006
3620164
3668456
3621228
3598488
3574390
3699550
3647781
3590050
3566097
3574040
3580907
3531651
3495684
3495311
3533454
3558741
3521466
3654797
3607580
3585170
3563945
3525656
3555432
3572500
3603244
3606263
3603486
3602512
3604840
3635341
3538186
3534686
3581159
3528003
3571115
3607363
3617608
3543882
3489481
3646065
3632843
3630259
3541984
3638120
3605935
3641652
3713380
3576232
3575068
3619243
3558818
3748269
