3574741
3562469
3531938
3451969
3531215
3536644
3528683
3493029
3464830
3534452
3438934
3710710
3554516
3820185
3690202
3613142
3633588
3637470
3619410
3610698
3653627
3616680
3622334
3756768
3685179
3639438
3640354
3590674
3600153
3637995
3691710
3599818
3576655
3674018
3747117
3716621
3697303
3691758
3568390
3554932
3682007
3633799
3597025
3744259
3683953
3607200
3752647
3673774
3622574
3542545
3624763
3630118
3590634
3542597
3614101
3623426
3632870
3612060
3584011
3589448
3576569
3628797
3610575
3549602
3632458
3611957
3596072
3618546
3555860
3520066
3590283
3582505
3573646
4091387
3562517
3542049
3525994
3592372
3599171
3549508
3570929
3524401
3546007
3620815
3611202
3709647
3582032
3581687
3562347
3571959
3643061
3608062
3612243
3578870
3561692
3695922
3890303
3550659
3687587
3703315
3567835
3649397
3561027
3585302
3629150
3676171
3625935
3610131
3579274
3705049
4097283
3597404
3580683
3583869
3591524
3539609
3506054
3504889
3540267
3565800
3529257
3666482
3617794
3592872
3571450
3907129
3560832
3579019
3616366
3613966
3609474
3610766
3611536
3643681
3549050
3548300
3590089
3534320
3579764
3614345
3629826
3550220
3495478
3654993
3639954
3636427
3550246
3645855
3611770
3651040
3722306
3585913
3584274
3624618
3567233
3756659
