777984
726132
705445
744720
746435
736158
747927
730375
722955
692982
741832
736855
759404
736677
797689
748575
766580
1192784
770973
719000
737920
732493
806807
727078
796856
802248
723049
718953
768159
669963
760820
767829
759851
743059
794552
687396
793315
727288
684443
726455
736783
761951
731842
703380
747702
757701
713813
691296
848730
749592
700559
758319
725389
776921
753345
692961
749900
783743
762952
687257
850503
734203
762418
809668
843039
743127
735572
695324
794169
767083
673786
780903
763638
672087
762060
719489
818235
792908
759699
1125609
835794
706040
682029
762525
821241
813738
814468
706398
717318
776530
738661
733723
762046
785841
771951
779100
737839
700519
725151
699140
776707
775246
727343
797721
747975
667133
755189
687926
781263
751619
789670
788120
777756
714359
784202
808794
746805
761880
789367
678610
760984
753537
756299
784549
744381
761774
810057
782981
713315
725756
711433
818197
793727
827334
675875
769317
778257
750577
731223
761916
710111
918753
799550
807388
771335
738613
769480
745398
782152
749672
734957
716457
737651
776474
701674
790310
