788920
736059
713341
752671
753602
743688
754895
738282
735054
700297
749373
748185
766629
744572
805370
757578
774346
1200163
778040
726965
744955
739977
813813
734621
804681
810398
731390
726737
775379
677440
770532
775569
770039
750084
802237
694448
800919
734773
692039
733920
745626
769429
739098
710533
754984
764700
720858
700522
856633
757504
709031
765174
732627
783971
760356
700130
757328
790982
771135
694195
862994
741555
769776
817020
850798
751215
742434
1146378
801730
774142
682361
788838
771622
680800
768755
727340
825603
800857
767375
1132819
842772
713049
689521
770181
828746
821361
822363
713852
724927
785101
746249
741490
769056
792848
779124
785972
747666
709770
732517
706485
783619
782602
734811
804890
754651
674437
763320
695189
790274
759347
796842
795762
784879
722186
792173
815898
754115
769360
796472
685646
768418
762733
763301
792422
750829
768585
817709
790302
724891
733451
719533
826703
801336
835074
686813
777261
785800
757394
738867
772674
718128
925885
807379
814437
777520
747463
776732
752586
790484
756820
743725
722244
744950
783817
708641
797086
