3802129
3859995
4163782
3602404
3775302
3463541
3646971
3698713
3959260
3545909
3502024
4679810
4990849
5830928
6101168
5919720
5710551
5221344
4808268
4472279
4199275
4260655
4461493
4675304
4566685
5468861
5135803
4687428
4528508
4464362
4567313
4515309
4452984
4476558
4550497
5414413
5808983
6337822
6362154
6445536
6394442
6663183
6615916
6488169
6287104
6127373
6115604
6597152
7508791
7961647
7814016
8258702
8532508
8661231
8817082
9060538
8905317
9149959
9446736
9346953
9518989
9836071
9508751
9600413
9254611
9001236
8868231
8738676
8356058
8224342
8129493
8574768
9243535
9451416
9917677
10064038
9832823
9875602
9802442
9715795
9526602
9578150
9851605
10007841
10679127
11315790
11776739
11695260
11656393
11541141
11805998
11655027
11690433
11697949
12247029
12891004
13310101
13605466
13577177
13461900
13195788
13005565
12790029
12472322
12318197
12512181
12823173
13144873
13394863
13372035
13554982
14019899
13827298
13875574
13671161
13373307
13266749
13508091
13358500
13748455
13891796
13519412
13409141
13181573
12816000
12811373
12636360
12208090
12278270
12186446
12034979
11719558
11820150
11302039
11342316
11382282
11056434
10386361
9882756
9361571
8965924
8827196
8593179
7861771
7172994
6403491
5863573
5336947
4693458
4197450
4175892
4134965
4113774
4185727
4280394
4341129
