3824067
3869850
4173135
3610304
3783616
3471109
3656476
3707594
3967025
3554685
3514102
4687975
4996644
5836714
6107895
5926276
5718665
5228807
4815787
4478811
4208903
4268268
4469647
4682382
4573970
5478564
5143425
4695856
4536505
4473278
4574606
4522996
4460754
4484529
4557732
5422595
5821366
6343079
6368909
6452136
6401679
6669318
6634911
6495020
6297865
6134755
6123357
6607468
7515992
7980605
7825474
8266841
8539862
8670125
8824619
9069028
8912413
9160019
9453808
9354545
9530945
9843388
9516528
9607909
9264640
9008527
8874294
8746552
8363443
8231778
8136937
8582326
9249655
9458435
9924748
10070054
9839477
9883586
9811268
9724685
9533406
9585033
9861431
10014721
10704416
11322229
11784453
11702383
11665079
11548852
11813948
11661935
11704454
11706196
12255170
12897980
13319089
13612900
13584070
13468746
13203480
13012132
12797383
12480448
12325062
12519226
12831277
13156338
13402059
13384390
13562941
14027658
13835865
13884074
13678440
13378062
13273408
13515734
13364797
13755064
13900148
13527505
13416867
13189647
12824048
12817622
12643708
12215546
12285458
12193331
12046513
11727029
11832543
11309073
11349537
11390751
11063551
10394118
9895867
9369047
8972749
8836335
8603892
7868490
7181036
6411333
5872436
5344578
4700554
4204454
4183017
4142360
4120779
4192788
4289064
4347223
