3086931
3239694
3321802
2937369
3534799
3421211
2951779
3317802
2941597
1701860
3396056
3199525
3392093
3886734
3493685
2021242
3359157
3635546
1918504
3694074
3300993
3567398
3687492
3879730
3670559
3453486
3164839
3129083
3242457
3717931
3317281
3142947
3096588
3568944
3392193
3251921
3101438
3219128
3123269
3545989
3416865
3539006
3834642
3006867
3225345
3562592
3322492
3576397
2063491
3144710
3448510
3056859
3089096
2077493
3981695
3532867
3509521
3141323
2042644
3421090
1902238
2672153
1973277
2019813
3576672
3768493
1922378
2564901
3463126
3973645
3072055
3284819
2127948
3226615
3670089
3664253
3073359
3089497
3017349
3516706
3475898
3972315
1981568
3593938
3768236
3364765
3110933
2723907
3276144
3702136
2512596
3054845
1835846
3116377
3305475
3225261
3277212
3905402
3333120
3636845
3138731
2021348
3504202
3548380
3312907
3124780
2926120
3255866
3225344
3945557
3797653
3183256
3600264
3608865
3338494
3540406
3265464
1938670
2931469
3189470
3095025
2544704
3137302
3155150
3251887
3952707
1925388
3135103
3482279
3276862
3163719
3151524
2101892
3912599
1927019
3897371
3383180
3355773
2550887
3425273
3577516
3094231
3631273
3846888
3492708
3491216
1886042
3674314
3099688
3402523
1869807
3035402
3285119
3249921
1719283
3226231
