3110200
3248400
3333243
2947079
3547129
3429037
2964663
3328538
2950672
1710916
3409507
3207261
3402907
3894382
3498646
2034564
3366118
3644203
1928009
3703343
3307745
3574094
3694663
3889008
3684001
3458422
3170309
3137270
3248930
3725099
3323553
3151274
3112234
3574479
3398075
3259216
3106433
3232720
3143224
3551293
3422581
3551650
3843802
3012877
3231264
3570842
3328529
3582861
2069048
3150725
3459419
3065504
3095817
2086426
3989230
3538292
3517597
3152849
2051606
3427052
1909748
2678196
1979430
2026636
3584523
3781061
1936980
2571185
3478499
3990273
3079533
3291389
2139297
3236553
3676161
3670521
3085981
3108554
3028596
3529766
3484026
3985339
1988861
3602720
3774330
3370504
3118666
2735012
3281301
3714082
2520143
3060819
1845437
3124756
3311533
3233212
3283513
3915887
3338612
3641621
3144824
2028712
3517177
3554487
3321535
3140240
2936126
3266598
3230229
3950950
3808851
3188886
3613292
3617259
3348324
3547515
3276140
1944889
2938608
3195719
3102139
2549729
3148541
3161677
3258103
3959170
1935000
3145353
3489300
3289029
3171324
3158941
2108426
3920603
1939735
3904185
3392332
3362794
2559900
3434775
3588056
3102076
3640458
3856934
3499372
3509976
1890783
3679182
3105549
3412833
1874976
3046568
3291923
3256193
1724346
3234843
