2712190
2463498
2401594
2466373
2298137
2916174
2626597
2278561
2714489
2487306
2334705
2429338
5490821
7350822
8023197
8272592
7787457
7214489
6482127
6600723
5767058
5890794
5581064
8142975
7724235
8105031
7423590
7449505
6336773
5460172
4935539
3476976
3278848
3539835
4312939
4156511
4737704
3736001
3470198
5731062
5336433
4810593
5835491
5017543
5192863
5575022
4690708
4426391
4249079
6112174
5356407
6004250
4552625
3598252
3758561
3375981
3545317
3895928
2933737
4560620
3495502
3247998
3515039
3940168
4747503
4178161
4367832
3835674
3499445
4235544
3482029
4595254
3297162
4111192
3628968
4462281
4745350
4523191
3922169
4020981
4087859
4075011
4346346
4411109
4572209
5535779
5256361
4714627
3713296
4033177
3425697
3691993
3414380
3894297
3304445
4098684
4168115
4132826
4254104
3699909
3996519
3490460
4260174
3995954
4504013
4605281
5394081
6227846
5361449
6424229
5679472
5554169
4791225
4493986
4213092
4496713
3593173
4035815
3975863
3678135
3909725
5112912
4017765
3895747
4163635
3766401
3586204
3840861
3878663
3642600
4666901
3635755
3873658
4519547
3708953
3608265
3716120
3882628
3862455
3888662
3533649
4645592
4013283
6855812
7252061
6754473
7471602
9985050
12203673
15018659
16859757
18377343
19714102
