2735809
2471141
2409086
2473647
2306645
2928590
2634214
2285891
2722710
2495519
2343013
2437825
5517952
7367481
8028212
8277398
7792290
7219080
6487493
6606616
5776514
5906757
5586730
8155442
7740334
8109333
7433860
7455761
6345880
5471557
4940901
3488370
3286697
3546887
4322228
4163736
4744761
3744699
3485436
5736524
5350948
4820424
5842854
5022479
5197783
5582978
4698288
4432583
4260220
6128697
5376154
6014171
4563857
3605314
3764935
3384391
3552635
3902706
2941165
4572139
3514710
3254711
3526144
3946441
4754513
4186275
4375571
3842406
3506498
4244267
3488540
4603454
3303497
4120153
3636929
4469597
4764056
4530178
3928119
4028298
4094193
4083572
4351399
4427467
4578933
5543564
5261826
4736237
3719950
4038752
3435726
3697266
3420336
3900421
3312196
4106601
4175258
4140751
4260841
3705354
4001895
3501532
4266809
4004422
4511357
4613152
5401501
6241773
5373222
6456753
5686838
5564479
4799881
4508141
4221891
4502791
3602513
4042934
3983486
3684965
3917622
5120728
4024519
3902187
4171546
3776052
3592802
3850799
3887221
3649645
4672211
3641003
3880896
4527443
3715470
3615326
3723933
3889358
3872185
3896631
3540366
4652835
4020733
6863806
7260447
6761025
7478214
9996231
12212593
15034807
16865529
18386765
19723784
