3304077
3342493
3337164
3380142
3340157
3285589
3322741
3330452
3318610
3261466
3293673
3373343
3288270
3329515
3251146
3305563
3264645
3339900
3310762
3308973
3269418
3262314
3235348
3367086
3263365
3293736
3308418
3271716
3290467
3268747
3266394
3320773
3312813
3293557
3288473
3267755
3294645
3303357
3264175
3320754
3337321
3314293
3302217
3342207
3253948
3288341
3304053
3259592
3291181
3244026
3330278
3345242
3318723
3314347
3310926
3263144
3365782
3274666
3321257
3432928
3296626
3360553
3307228
3353881
3318140
3360672
3320826
3305833
3292100
3256360
3276496
3284830
3265025
3339163
3276334
3292556
3241385
3256445
3340857
3319794
3329697
3303397
3293259
3333002
3286013
3344869
3268920
3324821
3249403
3296074
3305909
3301176
3264097
3297915
3253525
3256529
3295480
3286173
3292159
3245069
3253362
3262357
3236569
3303647
3272033
3313962
3267903
3257769
3259654
3251274
3253172
3264919
3228240
3278384
3268802
3290962
3239071
3259031
3272473
3274841
3269426
3279513
3287599
3274169
3269939
3312582
3232378
3300916
3258028
3243602
3266557
3339642
3249176
3348902
3300179
3343457
3258693
3306246
3272357
3265378
3271634
3233554
3295741
3401300
3266192
3286303
3264146
3289004
3256589
3302466
3274214
3278192
3289202
3279606
3285087
3281028
