3328044
3351231
3344255
3388510
3348381
3293902
3330978
3338706
3327168
3269918
3301851
3383974
3296494
3337388
3259000
3314880
3273860
3347715
3319091
3317912
3277482
3270307
3243163
3374309
3271524
3301801
3316320
3280459
3299214
3277156
3274440
3330500
3320771
3301262
3296718
3276184
3302643
3311574
3272445
3329388
3345621
3322380
3310154
3350312
3262109
3296939
3312356
3268101
3299274
3252100
3338661
3354515
3327126
3323173
3318624
3271366
3374546
3283332
3329566
3440941
3305463
3369018
3315327
3362019
3326444
3369242
3328974
3314044
3300007
3265524
3285214
3294448
3273352
3347457
3284499
3302555
3250136
3264820
3349156
3333007
3337768
3311556
3301362
3341588
3293996
3352867
3277289
3332364
3257887
3304367
3314104
3310388
3272639
3307598
3261652
3263777
3307166
3295076
3300307
3252904
3262183
3270527
3244087
3311264
3279206
3321916
3276206
3267508
3267754
3259418
3260977
3272994
3237070
3286364
3276699
3298614
3247015
3266692
3280696
3283607
3277798
3287689
3295392
3282769
3277437
3320624
3240990
3309032
3266953
3252105
3274239
3347435
3257508
3356992
3308370
3351827
3267721
3315082
3281503
3273853
3280294
3241445
3304004
3409231
3274028
3295283
3272070
3296707
3266099
3310393
3281624
3285859
3297694
3287801
3293025
3289081
