478232
407605
482775
410224
438715
397196
381642
410129
437305
405941
431327
405751
398251
410016
407810
404907
408759
360872
424580
382756
439607
453167
428134
384905
422243
377459
486730
398078
431719
394412
441061
368081
414129
397759
415652
373382
448413
442220
387620
386713
603179
412209
377263
359762
501535
402587
455389
425323
412063
403476
527448
375020
375517
383324
425972
383242
386612
451910
393334
424716
383061
396256
405432
392871
411246
387422
397026
384306
396242
400140
385345
370140
400289
428533
390902
398245
438504
373382
391396
386681
352234
394076
424810
391848
426629
388684
415562
370814
448409
425093
381599
445352
387906
372244
403715
431749
420974
428410
344383
359104
399740
380076
381200
398432
374878
377828
437905
368428
447617
387647
453864
399780
406142
461831
390861
371419
406532
408902
376714
405674
403442
417877
441332
385990
367971
396972
422429
419372
403635
409069
455085
380516
406381
385451
388144
414035
373675
395934
394500
368129
387610
405308
403766
409852
359772
387322
413252
399480
432841
380445
371140
430761
385224
403818
394394
392644
