607195
540243
611530
522825
539912
504056
504460
522792
542600
521936
569824
521322
513852
517003
523088
562319
513604
464035
526490
496546
561505
560630
552628
490579
538036
473642
586984
490814
513506
484269
566218
460554
528693
531968
533223
475821
537193
579737
494056
506313
761600
495153
494648
455649
600178
525144
546699
535749
532928
537659
626702
487802
507023
479635
517298
476833
492154
556944
504020
516888
480048
513407
495133
491185
520087
473537
495375
494922
508078
512841
495412
478416
520086
524548
476150
518626
561246
458618
486150
491190
473275
505308
521778
500544
544539
531704
538569
505323
549653
521766
469257
584557
488505
451983
527183
543376
522876
530585
431293
443558
508778
466890
468346
478364
491140
473615
550966
463771
561261
469342
544975
498154
505719
569036
481208
457124
493056
510777
473490
511794
493546
519087
579834
484027
486941
516554
534318
513707
504800
498433
556578
476532
542112
491002
509410
526103
469583
502512
496531
456861
496963
507240
504357
509052
460540
490174
509980
484353
526135
475767
488219
531059
479399
491144
473982
502250
