130495
106599
117359
103536
76090
121198
80364
66197
68190
54641
72185
70306
70600
55610
59463
79823
61080
76173
85565
76146
88823
95070
129691
91734
105529
79563
160894
94899
107199
98639
89870
121214
96590
92511
102163
90978
83961
98982
82048
99483
112394
89052
100815
96637
98676
88672
117051
66597
112430
120724
89306
108345
112152
93866
127893
108895
94266
97806
92474
103941
112787
83329
86668
93805
81153
96837
92504
113872
95396
90748
88042
96553
85504
80785
113181
106389
117232
125939
97381
111033
106894
99683
110742
98585
97870
95648
89033
93895
134848
87253
83447
112383
113211
111325
92082
106145
118395
107379
82767
113402
81788
91258
88797
101891
80538
93019
106549
112158
102288
100250
81105
105391
95877
93021
86113
114202
87003
113478
99463
92629
91084
79010
104574
98384
81964
115390
84408
99870
102921
97208
107263
78272
95100
98137
116262
108757
105512
102328
96499
81353
99054
92459
94028
71845
91105
94789
108176
93881
117424
97244
91881
86710
83984
92289
83540
97099
