167070
164944
150239
140966
110801
156115
116014
97215
101385
86927
104542
104460
101019
88773
77062
102729
90805
109573
118527
103190
124237
136496
159094
114286
137211
101959
180731
126124
139726
127802
124748
151976
134770
118961
143802
126636
103231
132779
119761
132713
147846
126485
135912
130797
119930
118747
150227
89429
144359
151949
123671
135509
130090
129652
150288
144985
116053
135853
125657
131564
133583
114429
107726
118770
116025
132904
120779
142543
124693
122244
120701
129017
111795
123368
144843
134430
147863
147738
128837
143008
137065
137639
142736
132407
128193
133995
122475
139018
176222
122265
114850
150428
153376
139877
130148
142312
139856
141825
100537
144669
118211
123677
125872
137437
106548
126494
137377
147627
122020
135597
114620
135827
136031
123336
109328
146753
118801
135863
126486
115017
111834
113401
134029
119080
114992
150022
115273
133996
127752
133303
139781
112422
119691
132904
148799
141644
141389
132679
129074
119072
132096
128863
128536
108132
119386
124882
131818
131139
147318
125784
120333
120799
119216
129141
124081
124707
