62151
55776
64235
61857
82040
68035
63281
62765
53371
49392
58379
63566
37265
73317
42891
74575
66117
59874
70665
53237
52261
67976
114343
58760
67911
46549
64274
51450
57044
49623
71985
45731
103745
42578
57916
66715
61769
61869
67437
83458
57315
56276
69773
60853
61434
70433
72279
62561
110591
78535
68561
53720
72878
62936
80015
72759
66161
68783
58475
54200
76436
76859
73844
81055
70727
69965
73261
55508
68144
76251
53994
91320
75528
59886
77170
56993
70065
54771
54274
67554
72868
57234
53898
86468
58305
62170
62792
88136
73973
61845
45364
75799
62072
84298
81564
73452
49795
57151
85061
73726
75163
79221
68229
87637
74380
56142
79321
31682
90115
100411
73481
76386
61764
72688
76346
57689
61500
58480
71595
52879
70817
75421
55798
57712
72126
66749
68964
94150
83838
61344
71097
63377
69583
67359
64278
60534
56553
67153
63711
58757
49464
79585
75298
84951
68665
56158
102746
69162
70810
78050
84099
72075
50751
69901
71993
90578
