230716
193605
216329
222985
222742
217954
194882
212647
196144
196712
216279
202235
188606
241759
178916
216179
216657
209207
229143
193967
212528
216929
258277
197920
200566
203016
203764
182397
200151
204863
222381
189404
253746
191872
210775
217018
218085
195979
209485
220591
206780
231354
216536
213262
195359
209780
242172
218518
269569
231797
211626
196018
216228
212587
222225
220783
219404
228462
190970
207259
216773
225426
246679
237131
227178
211733
217127
200299
201262
214190
197536
232508
229835
212997
225703
211363
205989
190842
206628
213419
233305
216631
209104
246129
197302
216172
216817
227795
216076
222794
200912
224778
214660
229325
240436
217957
210167
205084
225830
226246
221427
225689
218243
231670
222218
210967
244212
182800
235876
243302
231054
235905
210631
224459
228993
209774
214303
207288
222137
202806
214611
206480
210321
200461
210722
204868
220111
238759
229673
205100
228440
204634
211973
230563
202730
204712
208071
204348
207166
221121
191622
236432
229706
230412
219281
211742
257118
219303
218485
230242
222616
215320
203011
230073
225054
239342
