3532034
4327230
4244684
3830296
4270914
3798372
3784510
3885946
3747421
3675792
3658881
7212175
9632116
11009970
12559025
13604591
14546966
15278206
16663195
17859683
20470814
23842328
26342445
28028319
29622356
30007403
30004209
30001628
30002495
30005690
30004270
30003840
30000062
30001907
30009818
30005424
30004464
30008166
30005545
30005892
30007828
30001662
30001094
30001320
30005129
30002956
30004836
30002537
30004179
29999950
30003699
30004338
30001903
30003521
30004858
30002624
30002647
30004492
30002526
30002504
30004495
30003494
30005069
30001045
30004499
30005622
30000805
30004809
30005154
30000828
30003153
30003128
30006603
30003772
30001647
30003833
30002138
30006805
30006051
30003515
30004808
30008681
30000197
30003638
30005104
30002642
30003556
30004637
30005800
30003800
30004551
30001742
30000045
30001687
30005223
30002922
30001311
30002604
30003263
30007139
30004282
30003696
29999982
30003547
30005659
30000010
30002381
30002212
30005516
30004318
30002027
30003072
30001480
30004811
30004857
30003004
30002670
30003952
30006170
30000586
30001688
30005133
30005635
30003548
30003533
30003711
30003909
30004771
29999757
30004597
30002759
30004038
30004643
30008179
30002844
30003258
30004434
30007466
30003418
30005939
30005344
30003079
30001641
30003120
30005204
