56673
71575
44906
68484
56766
50417
69994
63474
68913
51937
67968
69200
70831
67175
67522
55902
57948
63154
65005
61129
69993
72297
71207
65455
68338
64303
66032
74785
71177
75089
74502
70618
82331
64698
68055
78350
57426
66465
70374
44321
62032
75865
59958
65345
61896
68884
73680
68108
69108
95468
67540
52160
68197
69290
80363
73220
65546
66566
61724
59235
83302
73305
63265
60317
56078
68650
64273
71493
66414
72724
69254
63017
73654
91255
52944
72758
59831
68599
65644
68852
60488
81800
56127
73845
65390
55925
53022
54846
69600
63919
65122
61856
71134
78850
52877
74909
94684
70006
53614
55961
61511
68791
53510
56331
59297
63078
67482
68517
65844
66074
55082
62830
81947
83155
61666
62744
65817
66773
66729
72307
75774
58124
61355
58317
60680
60798
63575
69820
70873
69918
60211
70093
62367
71758
77184
68548
67001
67238
75576
59398
62680
57221
64243
75820
71198
43550
58436
40738
77384
59444
52143
78595
77762
55868
77269
61514
