202369
229377
209718
217851
213557
198823
226268
214983
216558
195252
214902
235665
225013
228182
203593
232842
230137
209974
199103
232084
216569
218092
225609
205677
207119
231778
206007
233343
219737
234744
234554
214561
223959
206899
204831
250991
215623
209905
215945
183439
216925
234264
213388
224888
210357
217747
218510
216654
221139
253107
208438
203041
226033
228980
243461
219767
219148
211140
211001
220938
229919
215464
211210
209386
203385
213472
204733
220926
223693
223611
207573
214224
231679
244959
194789
225898
225677
216444
211840
211318
210325
241547
207129
212423
209928
202967
214245
210707
230164
209046
234397
214643
210771
225048
202926
223043
241215
222246
195757
197557
216536
214421
199657
210438
217522
221057
236865
219130
207224
216895
194531
218687
245443
232917
214479
242268
212431
235590
225536
225686
231710
209423
237549
218085
221497
222329
213144
220582
217634
228627
209520
229864
215187
219482
216821
215277
214747
214607
214371
228404
206518
206940
214056
222854
209030
179751
216100
197300
230484
227325
198989
224247
223008
202678
224919
197591
