313819
277708
331028
328001
312182
317645
300184
326259
328234
327391
321030
315044
330012
280641
295125
329769
335021
304385
300022
292946
298386
303844
334638
298413
269130
306996
299904
319221
308342
316007
312217
275073
299141
299912
325162
320267
280123
313143
332893
292232
298806
326069
306126
289016
300640
292787
260607
279664
306359
320221
296244
291383
330891
270363
293022
320680
303297
309454
317931
313395
301856
301259
293009
308580
292178
324270
317666
279193
315503
307484
304560
310519
306094
293547
305407
300785
311066
275164
306230
302518
297453
312129
304370
294869
292148
332529
306597
306036
303746
347701
258196
306802
306498
309636
321173
291947
279339
336453
268190
289774
294374
300640
314766
306629
308794
277248
316216
321828
287647
309446
304051
297663
285977
339140
296008
286119
324359
297107
318217
295490
314051
317834
351264
312571
290032
293437
303933
327425
307662
305396
332613
293601
304221
319254
344736
332271
288828
313684
312118
266494
301322
308924
248895
356874
281438
281099
299640
286027
298739
317848
321735
305659
288734
301249
306172
314295
