338038
286922
343133
340446
323157
327226
308563
336028
337120
338631
331893
325407
337197
288774
301068
336051
342393
318118
310835
302307
307074
312103
342632
305892
281778
316710
317148
327309
317221
323792
321400
284361
306506
308410
333076
329073
288053
321027
341179
300545
307348
334450
313327
297717
312123
300974
269170
288518
318580
327985
305914
300564
337864
278936
301792
330797
311001
318911
325993
324970
309776
307907
301307
317015
302641
332989
325366
287111
323931
316520
313265
325729
313160
301825
314180
307387
318025
282367
314384
312145
308311
319602
312360
306082
309375
341600
315053
314604
312176
369774
268772
315287
314326
317795
329947
298987
288573
345230
276926
300294
302717
307335
322545
314888
317296
286475
331733
329766
293320
317389
311788
307122
293239
346043
303767
293922
332934
306179
327270
303010
321913
326246
359432
321082
299593
303376
312014
335083
315108
313805
340525
301686
315813
327076
351220
342264
296724
322439
320821
274923
310056
324614
256610
363085
291638
289169
306758
297640
306504
324476
330308
315567
297519
310181
313671
322642
