479811
232294
363702
279406
235811
250922
305714
316580
245693
258755
247877
244306
671888
1107850
662167
399816
495382
441465
422737
412350
473210
474283
426804
447002
602467
813021
596096
560175
902271
533270
800550
637503
809780
630371
649055
666873
822834
754442
753448
685700
798184
1235273
775023
667496
469418
565292
451894
687460
1347787
634679
978845
864867
979264
825095
989258
766069
398239
528861
416026
400493
705247
458424
371317
396163
416147
391147
477455
430929
434870
331690
339675
360578
633099
417740
480037
471088
695791
432812
456239
416107
485495
326087
492364
417777
562875
556352
547595
514241
452783
625995
561764
477373
395421
418552
402816
551413
569895
738658
629999
664868
353049
671103
494557
391717
485130
622919
561935
443595
624705
405477
571937
598453
389590
572657
525222
508968
324467
447173
476631
425450
777856
414977
540907
484110
365647
306578
415941
302199
515885
360761
414757
470931
612075
370342
591174
258608
396467
413692
534081
438298
423974
483396
345970
468802
464582
514070
577734
660018
577725
660924
659630
683653
579637
550795
617708
687947
