485231
253933
373356
286578
243876
259398
312848
324181
253776
267276
255912
252228
834904
1113841
667541
405779
503331
449842
437914
419202
480655
491323
433366
456557
610159
820759
607019
568980
910296
541678
806007
646189
817628
647364
658833
671478
827486
760968
768464
695679
803500
1246189
790578
673001
482232
574755
461357
692252
1360120
644061
986255
871025
988478
829583
1000721
772939
408369
535051
421529
406910
712458
473239
378150
405791
422503
398607
488375
441680
444538
338386
347481
366444
640315
427444
486343
484888
703363
450034
463425
421007
494556
334133
499477
424226
567327
561538
552763
526919
457023
632576
567574
483204
399717
427243
412653
559833
574981
752324
635783
672888
359021
686931
501903
396039
496321
627239
567710
448771
629428
414990
584746
604798
396265
578627
534703
521824
329400
452929
491899
430834
789372
428807
548293
496145
371527
315396
421550
309439
523122
367069
424884
480063
619738
377101
601006
265940
407858
419015
540362
445219
430812
490693
353784
475606
470554
519716
584937
667193
585224
667476
670952
690432
585747
558215
624388
695027
