2375746
2875823
3720397
3334564
1819436
3035827
3116207
2949947
3300487
3434367
3427058
1744632
1800400
3907587
3345580
1942191
3181818
3397040
3364272
3552133
2428853
3223237
3333149
3724383
3226182
3946503
3608505
1918521
3759779
3603426
3015076
3010810
1865645
1651160
3755251
3688403
3007294
3267860
3414303
1749366
2919215
3434932
3598716
2950993
3471615
3042263
3033743
3095278
3249689
3483707
2916313
1943886
2539439
1787791
3388219
2511898
3002075
1753936
1979612
3809943
3054911
2466196
3731207
3373877
3611779
2533270
3086716
3200206
3764613
2847978
3411633
3389610
2991044
1975980
3216638
1858761
3059973
2503816
3186070
3038404
2901135
3146788
3465982
2977194
3642627
1923833
2958202
3296133
3001496
3372793
3480388
3310743
2515483
3542101
3845389
3483994
3474537
3095488
2485591
3201059
1924365
2997876
1855540
2870238
3751840
2872299
3163435
3023284
3325062
3493273
3462610
2887361
3479302
3016357
3393567
2853331
2449762
2952385
3385516
3056619
3571188
2962716
3361539
3239897
3033336
1831884
3133825
3539642
3216904
3746049
3191195
3418702
3289601
3409328
3401266
3016308
3385036
3559409
3339881
3310822
3505469
2951254
3195070
2469097
3106664
3575209
3776996
2988178
2970943
3338784
1865654
2896677
3433241
3285344
3155112
1919682
