2383722
2901821
3728339
3344129
1828599
3046342
3124383
2963106
3310974
3442023
3436130
1752760
1808904
3913206
3354431
1948477
3188763
3407411
3371858
3559407
2440146
3232232
3342498
3732991
3232909
3954625
3616230
1926069
3765924
3612059
3023996
3019450
1872809
1666844
3761149
3696789
3017597
3277441
3421081
1757570
2939817
3445461
3607620
2958216
3479066
3050117
3040818
3102519
3256911
3493150
2924522
1951758
2546070
1794883
3396391
2519501
3010062
1762489
1986953
3817780
3062768
2475216
3740899
3382370
3621184
2541731
3092721
3207912
3773950
2856525
3419184
3397022
2999915
1983538
3229604
1866253
3072462
2513981
3194101
3046706
2909123
3154271
3473554
2983700
3651050
1932963
2964025
3303869
3008979
3380760
3487238
3318180
2522090
3550392
3853173
3492693
3483229
3101405
2493817
3209500
1934424
3005270
1863276
2878001
3763271
2882222
3172082
3030154
3332482
3499872
3470346
2894582
3486042
3023029
3401743
2862658
2456089
2961041
3404197
3064648
3578599
2970009
3371036
3253017
3041787
1840412
3142100
3546477
3224689
3753384
3199116
3425226
3297034
3416451
3409467
3023529
3391744
3567458
3347602
3317754
3513384
2959166
3202812
2479013
3117570
3583491
3785131
2995541
2978283
3346244
1874536
2902502
3441336
3293707
3162253
1927572
