499267
412849
417865
436369
496339
393828
393297
400825
412950
402567
419434
381771
391555
414574
400579
459446
476545
387581
381666
409215
394780
405507
428103
427750
456371
424064
589483
419772
417723
422599
401830
400442
383154
391767
443001
396065
513112
412474
403249
376537
394122
366682
397663
408158
391642
431612
449657
390185
418362
431006
406850
407767
402343
414583
376206
389274
381865
431940
405277
385197
455919
411532
449084
409613
366033
374749
382293
393889
370759
388293
372485
398424
380250
439150
448171
461555
434763
415111
377912
424793
369926
426404
396953
411081
424880
457359
367499
394404
380290
451201
364323
403192
367231
370198
390722
369024
502666
360593
378169
372684
419536
362711
406813
365768
377256
416115
434853
385905
382196
378664
404720
396049
383236
400071
391641
409495
436755
366731
407674
365796
416995
412378
402790
373340
448678
407750
355117
409904
386261
398986
407548
375578
423768
414806
372496
369277
419843
420322
391762
394997
404098
407038
363864
427241
406345
391531
385816
409541
391057
410850
435549
372166
418229
430182
357865
385643
