605955
540821
542884
550808
617787
506815
509757
499858
531083
508880
537711
516678
503501
544735
553430
574185
567362
504749
509865
499796
547860
501289
554738
535683
569946
509250
739117
512319
544272
547310
517041
551380
470355
498071
550898
509121
673462
511119
549393
492603
511002
455623
490077
495164
493155
552295
536988
485252
522294
531382
587196
516104
502656
497664
457877
493028
475302
542579
506109
491933
572059
520619
573029
511898
466509
470353
490517
498237
472914
477205
461277
512093
477266
534719
540420
574157
556106
508511
488532
521886
483170
520206
490063
504052
534968
564555
522058
479996
482304
547952
469645
482183
458827
454049
485991
465890
618114
441035
460908
478167
517471
453799
526831
468463
507184
544012
534545
482991
512900
480651
505880
483557
474996
498484
492587
506171
559516
485932
512251
484248
503936
518899
509153
481289
563512
516692
467154
536379
493476
493091
506734
505414
514823
541325
464552
466348
513583
540099
512588
524208
498742
525251
466020
524210
525576
507540
506553
491846
501722
495725
541785
454069
515624
523648
476223
467194
