27869
33242
27246
33226
29133
31470
33051
23872
31352
27117
27311
31044
25004
15382
31868
22980
12911
29910
14838
25037
29498
31629
21701
25369
29472
30897
32919
22548
15917
17799
18792
17158
11168
24062
26815
14010
19830
15816
13681
25063
14058
16163
14798
20237
18057
16248
16942
14677
12880
16193
26263
37375
15664
18826
18179
27320
40165
13425
25702
23940
13659
26075
35188
24065
22311
18780
12374
19635
22057
24461
25435
43627
30351
25345
24068
27884
12311
28662
21971
18942
12913
13937
24561
15990
19274
24906
22424
19397
17275
19362
17725
15722
13081
12868
20221
17883
12673
24467
12064
30791
18515
19018
19571
23018
22038
19027
14549
33849
14951
21698
13574
23877
11499
20554
17376
31182
22174
26666
22530
28586
11793
25242
14455
23371
19556
28162
21146
45216
12009
24193
25987
12536
22383
13285
14788
31104
25441
19274
24177
25084
18599
17135
18481
27521
23631
31136
16511
15614
26090
13217
12573
14823
21319
44861
22596
20444
