34947
43425
35742
59928
38007
39197
42049
31426
39054
35392
34633
39069
39953
21957
40339
44582
18823
40524
34063
36672
39172
39077
35139
31684
35250
38513
41568
27571
26363
24192
29499
25447
23093
29075
33719
18346
33505
26163
20690
31860
23683
22709
25173
35744
172119
25450
22667
19104
18191
25641
45537
43329
22894
29669
24306
34015
49543
19559
31563
28764
21503
32898
42317
33261
28789
29002
18251
25090
30019
31550
33536
59465
115944
34500
33363
37610
17827
34265
36491
32264
20750
22096
30661
21630
25236
30896
27309
25240
23286
36941
23463
21163
20786
26363
27264
24514
20640
32965
17188
38014
28912
36782
29360
33381
30888
27021
19771
44858
23763
26409
20912
36860
15429
40414
23553
38202
30759
34105
29718
35800
18916
39533
22039
32670
25715
36011
30904
52689
25053
30148
36105
19114
29105
20363
21474
37722
35735
27045
31761
32406
25915
25363
36515
35018
34362
50295
26643
21278
33095
21961
21933
21454
26600
50947
28640
28018
