1266223
1426723
1458453
1413599
1287022
1406371
1303026
1453840
1386518
1320759
1261884
1273697
2827602
2396357
2944184
2170409
2338995
1901593
2116642
2392880
2282850
2133567
2340387
2576611
2959919
2119398
2465218
2434336
2351002
2319856
2131741
2314386
2343180
2015038
2388530
2308895
2810805
3457938
3280660
2859611
2678212
2631217
2343491
2443310
2968743
3008673
2808932
2735135
3324224
2990470
3135665
3163037
2841340
3244373
2467983
2608606
2094924
2263782
2574070
2539069
2670711
2156995
2353482
2067508
2469274
2225317
2384810
2107449
2357485
2449418
2239477
2251236
2300922
2343699
2376165
2505617
2396683
2393549
2112724
2336503
2394523
2310906
2322844
2419486
3104303
2504023
2602565
3020134
3134892
2710130
2655323
2798253
2498764
2545081
2438844
2986166
2996562
2713295
2675985
2614867
2434136
2998364
2757365
2607671
2801978
2593257
2550050
3336374
3351213
3209644
3088229
3318072
2995252
2868661
2560269
2469442
2615508
2260798
2400510
2367285
2689785
3030577
2403914
2298259
2217020
2241635
2444333
2533760
2231273
2360957
2305846
2484802
2558210
2483883
2549903
2392266
2487086
2441055
2264665
2330676
2375985
2284216
2204474
2544228
3110193
2350377
2881390
2502558
2273710
2325942
2252367
2422377
2209945
2178696
2097863
2223063
