1275031
1454651
1466303
1422315
1295853
1416653
1311968
1463001
1395229
1328858
1270478
1283733
2833655
2402024
2956638
2180766
2346107
1909008
2122769
2401084
2292286
2142610
2349211
2586372
2967778
2128898
2471447
2441020
2358278
2326681
2137275
2324205
2349367
2020966
2393263
2318370
2817772
3465203
3287695
2865947
2685485
2641232
2349537
2449553
2974656
3013990
2814516
2739750
3332327
2996012
3501918
3170240
2864605
3251606
2478679
2618465
2102098
2270944
2582111
2552248
2676708
2165424
2361618
2074707
2481174
2233650
2392887
2114708
2365602
2458995
2247787
2261202
2308555
2350421
2382404
2525228
2403588
2401922
2118642
2344893
2413413
2321951
2331590
2425315
3110269
2510755
2609755
3028661
3149796
2716693
2660384
2803085
2504275
2552356
2443587
2991784
3011349
2718169
2683777
2620685
2444798
3005898
2765451
2615570
2807659
2598299
2555436
3342481
3357668
3217554
3096619
3324381
3000911
2875398
2571516
2477510
2622750
2273189
2407798
2373007
2698085
3039185
2411343
2306339
2224472
2249901
2452789
2543545
2245003
2370366
2313159
2501072
2568425
2491675
2556019
2400451
2495414
2456398
2276239
2341048
2384816
2290619
2212005
2552620
3120286
2359157
2894228
2508707
2280318
2331335
2269982
2430671
2219372
2197378
2107550
2232480
