23718
33993
32722
32606
31118
26400
26215
34823
30910
31769
30451
27653
30351
28589
21754
17394
30285
14017
32379
21641
35755
32397
22660
25802
31126
31251
18925
32258
25101
32573
28166
14049
25856
26091
30506
30587
31794
31053
26541
25943
20167
31737
18175
29942
29252
30061
31077
36276
28453
16949
13826
29550
30470
34273
20750
31872
30741
26163
31835
28167
28712
35503
23294
25839
31341
29871
33371
24044
29252
21434
31021
21296
26801
24585
35065
31877
30943
11275
32175
20721
30961
25664
29824
30530
29830
31690
29549
20482
25154
30200
35942
27476
33179
30032
30710
15298
26127
31232
17739
26148
31955
27699
21981
25076
27073
25446
30329
31720
27353
27825
35095
32945
31002
22119
32050
35943
32444
38054
25205
31220
31098
30010
34170
27694
12247
22491
31102
28041
29363
30389
25017
31288
31215
28713
22612
19080
32269
30437
20807
29285
27033
21770
32101
15462
25086
30212
12269
32518
27966
30860
28125
30317
32389
31871
13812
26103
