46240
42633
40984
40815
42555
32595
35103
42690
39473
40565
39503
36421
41223
36396
30063
27307
37880
22327
38972
28348
45693
40643
32766
33054
39559
38798
24273
39211
32190
39782
34719
22309
32322
357514
41447
37800
38370
37531
51098
32561
26291
39695
33021
44300
38149
37160
38296
50491
35416
26885
21252
34714
39153
41464
26283
40915
37362
32659
38703
37728
35992
47980
29694
36387
43685
40363
47175
30417
38207
27892
38440
33603
36277
31565
42912
38853
39734
17426
39943
27587
38889
32253
36051
38199
37118
39482
37103
27961
32131
37372
43056
35059
39977
37476
37903
24077
37174
37717
23628
33275
40209
34085
29172
33653
34202
35862
38596
39563
38363
38042
42301
40876
39254
28977
39670
42982
39583
44291
35473
39315
39691
38910
40895
35094
20519
35639
38680
35334
37334
38298
35711
38556
39517
36820
29909
26703
39358
37051
28785
35557
33614
29853
38781
21811
32579
37729
20815
40228
33968
37346
34852
38158
40888
40205
20407
36462
