1612717
1393095
1683237
1256323
1318770
1310281
1413915
1265889
1334381
1269787
1310161
1311229
2517144
1778317
2592675
2323211
2411821
2309585
2297820
2095746
2433745
2247729
2281498
2036177
2381772
2462529
2929817
2242946
2288163
2283948
1916964
1979215
2238487
2026565
2290371
2044117
2719667
2626271
3234455
2274156
2416435
2783063
2849457
2596752
2994542
2470301
2203881
2577257
3229913
2863191
2814950
2713820
2655206
2673273
2443350
2423766
2455197
2092896
2226469
2356033
2532723
2042268
2287601
2392900
2043898
2389029
2188012
2221253
2289532
2271583
2191265
2071796
2364790
2134494
2191389
2143877
2385029
2002960
2159890
2187644
2182205
2085880
2197046
2058841
2500305
2375481
3023225
2995922
2582333
2395651
2362150
2404852
2510246
2324828
2489236
2467884
2962652
3020209
2379076
2247632
2610207
2471779
2373189
2287136
2515426
2500120
2601679
2493944
2942288
2669998
2648886
2630650
2442702
2711413
2214809
2759149
2374405
2207952
2060342
2177270
2171630
1965472
2082398
1991077
1944085
2036785
2036474
1956324
1834209
1986498
1808511
2026114
2128206
2147027
2163188
1898973
2178278
2222770
1995576
1988001
2093087
1971679
2070431
2157504
2548521
1926538
2196501
2059259
2201959
2162237
2288389
2421841
1956945
1894028
1839635
2348940
