1637148
1402250
1695569
1265326
1327249
1318887
1422826
1274672
1343977
1278432
1320084
1323796
2522900
1787207
2599936
2329006
2417178
2318030
2305117
2104199
2438943
2254229
2292248
2043126
2388622
2470913
2939698
2248937
2296016
2289178
1926187
1987469
2243168
2033153
2297494
2052712
2725451
2631991
3241652
2280474
2430036
2788375
2862260
2609013
3002297
2477297
2216130
2582056
3236176
2872643
2825512
2727171
2661937
2683591
2451694
2429765
2463418
2099419
2233530
2365467
2541225
2050365
2293460
2400629
2053991
2395749
2196488
2228417
2299197
2279371
2197861
2077931
2371671
2141452
2197585
2150698
2391725
2011362
2171469
2197135
2189841
2092989
2204946
2065296
2506060
2381344
3033913
3007025
2596401
2400763
2372018
2413511
2516430
2335155
2497014
2479247
2974008
3028000
2385539
2253233
2614781
2480438
2380709
2295579
2520359
2506120
2608239
2499684
2950057
2694904
2658872
2642043
2449700
2717331
2220016
2763923
2382403
2214828
2069413
2185171
2178251
1972976
2091446
2005849
1951764
2045450
2043354
1967488
1839679
1998059
1814420
2034247
2134926
2155504
2170996
1911550
2185739
2228505
2005379
1995487
2099483
1978613
2077257
2168806
2565051
1936116
2202401
2063420
2213384
2171690
2294571
2431132
1965150
1902482
1844825
2359105
