117236
117022
117652
114362
116944
117745
115250
117925
116789
113532
112765
135196
120373
104211
100857
113487
113904
111347
99319
116821
108493
114796
106536
104128
124510
120426
112953
131304
119668
115659
129072
115393
107035
117760
122599
115152
117988
115150
115401
118941
102206
118303
101664
105194
107672
118520
139722
116698
117621
116902
118324
134552
121337
121157
118180
102883
116039
114352
119852
119535
107899
136871
129470
131294
119924
112770
109345
114196
119912
113402
115005
117070
110739
99631
117690
118007
123634
122648
116797
130532
129037
114512
132222
120656
110913
105403
114809
111479
114534
128357
115908
115229
115919
111744
124059
114786
107542
117533
104940
103654
115277
135621
117387
116120
113498
130744
115537
114537
122200
113577
118121
103473
115458
114192
113802
119786
101583
132735
115478
116153
114458
110890
116938
120871
130889
130827
117880
113382
116459
103122
113420
109406
107128
131222
112798
114556
119043
99450
113596
124890
116181
114271
114345
117180
118291
115780
115838
116365
118483
116103
119481
115131
109570
114662
132661
110953
