142267
125397
126238
122031
125835
125603
123797
125900
125195
122409
121616
149814
128074
111871
106598
118014
121407
121469
106312
123648
120040
123228
115604
110259
218840
129076
123445
138934
126148
124107
137777
122339
114215
125159
129066
123566
124178
122587
125641
129200
107751
125334
108125
111370
114041
128266
146925
124149
122581
126053
125227
141993
129829
144435
124983
109889
123778
122578
127363
126346
118642
143477
139110
137773
127597
120784
116589
122924
127513
121394
121460
125847
116439
108946
123318
124571
133299
131285
123623
138635
136452
122909
504065
127454
116703
111845
122616
118547
123142
135352
124825
122787
124714
117648
131739
124405
112914
123937
112030
110723
121775
148532
124903
123628
120105
138566
122768
122081
127490
120290
125055
110389
124708
121137
120045
127245
109624
142912
122226
123626
121452
117864
123097
127859
137720
138205
125062
121397
124341
110381
118987
118265
112331
138101
119520
125396
126635
106234
120612
132877
127141
122006
121814
124217
126231
123936
122697
124076
126451
124442
127000
125297
115734
122029
140785
120317
