61751
56269
64174
62619
64542
72578
76078
57197
68915
62691
64537
54193
57224
53676
73616
53475
60736
46530
72732
50449
83356
46836
79367
68362
57761
61495
61728
37285
50119
42070
61494
40647
78439
63961
65614
40260
56649
77440
58135
71883
51941
59817
56238
77898
57648
69289
50219
57282
76316
50341
75728
40445
76087
45573
61309
48453
60248
56523
44840
61908
42570
82994
36569
49662
63035
64517
72795
35317
81805
65899
83392
70365
59336
49607
57039
81223
91214
47505
62122
69729
42254
65317
52595
42726
56106
58559
57319
64265
42975
51554
50257
56217
46757
65297
67640
40392
73944
45626
63071
41662
54312
42311
56312
41440
56025
39677
57643
64124
66368
25482
52028
41665
32824
37585
52393
49343
51440
61878
40204
68639
71049
29878
42185
87190
45040
71411
83437
47001
56142
77107
43130
55775
70606
51431
91829
74474
53129
40619
55568
53128
59601
59233
66814
53227
27342
77919
35260
49243
29959
32295
47582
59677
45943
74828
44299
30347
