213409
217112
196008
215552
222309
222069
222295
208423
236577
214026
208352
198673
193758
174014
209427
169806
234770
186182
194807
188842
234224
192861
217664
228107
212219
189354
206378
185548
176890
185284
174081
182121
217234
186466
197724
177904
177593
211867
199314
211654
173087
233943
176703
243644
178514
228592
177080
184213
219950
181571
225319
181675
233993
171709
205626
201207
183588
203868
168533
184223
178237
207747
155555
293830
202423
203558
193874
157938
236039
229971
222551
212571
239360
199466
239550
201629
245581
190666
176473
229264
185297
209351
180279
189193
192696
190710
170256
183685
169402
188842
175541
180119
177400
186541
208684
176321
191693
210138
186510
161325
167703
157507
186877
159088
175457
183352
201814
195788
171001
155188
225350
160867
143029
171111
191047
212838
181233
201673
180220
240716
199493
178703
168358
223960
192754
233655
218081
169014
197953
198194
184432
191041
183609
181202
246136
227634
202267
179492
197040
191590
183761
225336
190480
200875
166246
213689
167132
189463
171421
176124
194707
186731
211727
203394
187746
151651
