3613650
3699738
3493361
3653672
3388716
3576724
3345010
3330567
3416591
3387788
3446898
3643591
3406850
3512947
3336494
3505783
3401265
3420609
3415097
3388226
3394145
3381762
3394607
3504986
3436346
3430593
3443072
3380140
3402474
3556286
3447819
3400199
3391457
3462414
3775278
3434909
3382786
3394093
3505375
3432082
3312918
3378739
3354054
3352505
3416404
3552224
3397808
3401306
3387429
3401059
3370340
3485699
3447461
3390636
3409068
3408765
3351042
3488817
3404077
3480074
3332958
3456741
3494707
3389352
3452166
3499533
3395481
3366203
3357369
3474286
3386275
3440183
3406243
3346413
3439358
3416387
3350590
3428593
3371128
3478000
3369400
3371236
3390681
3495114
3394781
3357522
3389514
3379435
3412957
3475904
3462167
3460494
3407694
3410931
3373312
3435774
3397012
3390012
3404759
3406308
3347840
3362571
3497443
3455828
3487312
3377114
3394535
3332272
3405351
3350903
3509383
3380638
3427751
3366037
3384366
3403565
3318329
3393776
3515320
3356254
3489185
3387855
3408710
3366055
3394393
3382954
3455403
3399448
3371624
3382141
3403059
3519629
3403938
3418079
3374249
3400223
3430926
3464832
3426119
3529149
3438226
3382527
3389536
3567423
3494035
3460007
3438387
3413288
3391133
3410737
3417568
3387851
3507326
3416487
3441827
3428949
