3639243
3707929
3501927
3661901
3397271
3592637
3353423
3338470
3425054
3396192
3455164
3651391
3414721
3526236
3345055
3513875
3409377
3429509
3423459
3396755
3402574
3389719
3402170
3512628
3444535
3438625
3451532
3388379
3410810
3564614
3455327
3408182
3399085
3470732
3784914
3443428
3390621
3402666
3513162
3439421
3320976
3386515
3361893
3360561
3424335
3560944
3406422
3409880
3397096
3408523
3378083
3493642
3454465
3398523
3418818
3417409
3359198
3496598
3411695
3488016
3340775
3463085
3502509
3397081
3459978
3507280
3403675
3373497
3365801
3483288
3394304
3448549
3415163
3354505
3447366
3425215
3358758
3436551
3379214
3486197
3376722
3378959
3399477
3502942
3402812
3365720
3397944
3387473
3428994
3484200
3470180
3468462
3415676
3418654
3380830
3443228
3406253
3399628
3412787
3414020
3355272
3370524
3505506
3466220
3495423
3385160
3402193
3340238
3413238
3358690
3517791
3387950
3435426
3374462
3392203
3411510
3327806
3402304
3523468
3364245
3497368
3396052
3416431
3373815
3402520
3391253
3463221
3407646
3379227
3390202
3411122
3527275
3411469
3426052
3382073
3408190
3439832
3472875
3434473
3537152
3446161
3390478
3397884
3576885
3501453
3467774
3446436
3421143
3399854
3418462
3425970
3395808
3515102
3424296
3450009
3436282
