917698
780093
794097
769656
838522
779426
821340
799405
772460
776455
760967
781775
986407
897020
921810
888791
836188
857154
880750
833792
997932
889245
849471
851238
879010
929997
882034
892292
851994
827424
838908
871091
868443
862298
860205
812738
898219
870562
843148
831492
843008
889114
844098
838502
867886
862222
889599
812030
909317
822854
937533
861459
899273
804170
843138
888365
890302
877205
960869
874266
923565
880707
889146
836726
911948
913721
808458
844529
868659
776473
812100
868409
840341
823720
887491
839055
858507
857809
893238
928783
927233
879354
902077
832013
940570
880732
895688
946786
841000
865206
873564
861753
915973
831189
909410
864483
1038814
868073
836348
830806
859426
881197
956253
885879
838084
937523
879800
898647
878801
857021
865842
911651
823582
836313
930812
834687
916208
845636
852147
848183
890219
877790
877171
820730
874035
884146
849637
878491
880489
845239
814311
821729
891787
872507
941774
860770
902310
968060
869361
894768
933996
825877
848608
854566
912040
894671
828192
841951
937039
825613
798930
792561
815640
873645
801020
823533
