926299
806663
807171
779195
851218
789231
828793
808013
781459
786460
770772
797213
993581
908517
928722
894858
844201
863543
891409
842125
1007015
896387
860315
858735
885858
939489
890766
900401
861944
837709
846782
881941
878829
871354
866905
822741
910631
877176
852326
837945
853276
1067874
849511
845126
877878
868401
897005
819315
918366
831268
954790
869038
909491
809316
854236
894568
897642
885711
966880
884037
930988
891682
896931
844622
920540
921861
828154
860009
875433
783390
823229
875828
853197
847175
904887
849401
870048
866895
902335
936443
943987
886661
915572
839704
956215
887714
902276
952290
847220
885989
884418
872716
931992
842585
914041
873644
1050537
875841
850014
836105
867709
888090
965948
895252
844449
950302
889403
905837
886209
870783
878359
931900
828726
840985
941632
844175
935656
854198
858042
860468
896378
885836
886388
828402
881449
892310
856527
888030
890652
853348
823499
830634
897377
880002
947351
868178
915613
988347
878652
903074
945374
833683
859618
863897
919190
901439
837282
847043
951726
835572
806971
801480
822247
879900
806698
830110
