330579
324120
302537
276771
310673
343439
310223
320473
312366
300295
345545
339777
314031
301744
300231
331626
276128
297698
276603
276359
326188
295333
284198
306419
317076
314499
293785
288761
336536
319785
337451
337501
278442
312963
274731
320731
313134
281469
272704
338118
298413
354573
317075
291570
270733
302227
269303
287756
319043
264693
302004
316196
282789
299414
310477
300803
248930
291829
310191
319643
328743
249102
273716
287776
315668
361932
315325
277910
310699
300072
309325
311745
289209
280170
266616
310446
328110
286286
267640
262443
310343
284115
292408
324197
275741
282185
328093
310352
326281
347538
288001
327436
309636
307280
296502
294984
311288
346426
304542
304521
281208
337708
285308
282904
322319
286777
315417
282321
289110
440684
276187
377316
305786
338386
289975
380872
314072
325095
286322
283249
307966
296354
302126
302836
290858
332752
297308
321132
274186
333026
284015
300317
309195
301642
298873
295680
308070
291715
300327
305924
296074
325895
295471
276589
278472
297273
345963
305318
272141
280955
292654
318755
281797
273202
281345
323297
