356030
335767
311439
284793
323167
352621
319835
329289
554146
308287
355871
349212
319579
319254
307840
342011
287367
305575
283698
283327
341055
307702
290344
313634
328978
325690
301387
296516
343656
334042
344756
344373
284375
322489
281236
332093
318201
288324
283172
355667
309441
362574
323264
299951
277013
310006
277891
294377
324332
279470
306826
325591
362755
305640
317588
305811
256373
300811
318239
325889
350952
256963
282928
295727
322392
370127
323771
289530
318010
308264
322857
320523
296989
287235
273455
325678
336988
296064
275613
270546
319211
290544
299609
332249
285929
288064
333367
316520
333067
358796
295338
333323
317929
313862
301329
301318
321444
353175
780202
313107
289151
348845
293830
294340
329995
302732
324039
292839
296262
446730
295174
384006
311640
345135
299558
396113
322927
345312
300382
291663
317015
303704
308965
310211
298977
349589
304603
329592
281438
345801
296946
315617
321950
307437
312869
301206
316856
301453
308109
325516
307521
332010
303181
285306
292602
310089
353480
314796
278522
286930
298280
325417
289179
278895
291462
328410
