771699
730663
781591
751657
729793
798811
791035
736430
728441
827494
744639
736345
817711
738609
745868
782756
748450
744268
751297
739534
722261
770620
738630
762726
896591
737121
748717
740244
727144
729779
847636
762262
745303
750363
792316
720593
794063
746595
752485
766527
731787
721448
786649
753826
724472
762535
726727
741784
780533
733140
730058
770111
741971
762379
824848
720870
734305
740496
736724
763133
800026
745181
784001
800185
739823
749802
843794
776492
761653
789038
767449
761854
779504
723501
736335
765394
731233
741876
742874
773617
733819
785512
739645
751386
884050
752195
760503
758947
734466
727937
889191
738696
743997
787336
741004
738214
818647
730719
728975
824916
740851
712944
773109
721793
754860
760228
737107
772896
759554
732542
752970
746827
773713
744054
748899
730156
751851
749749
743685
738572
772495
732793
748597
759353
734539
727875
735403
767403
736345
736443
738954
771888
810459
790980
743485
766390
776815
724902
837256
740340
779099
766057
767478
727686
811519
768847
749566
725462
763397
748364
734611
736731
723821
727677
832889
763206
