780335
740840
791190
778449
739577
808071
800015
745737
737952
842167
755867
747404
825540
749042
755984
791310
757242
755258
760238
748806
731269
779969
747587
770892
905236
746224
758367
748790
735995
739429
859757
772557
754419
759746
801101
730130
802333
754706
762313
775596
741038
730222
795014
763527
732757
771320
736863
751070
789558
742584
739791
779609
750972
772104
833536
730162
743371
749244
745832
772214
808726
753891
792505
809362
748937
758340
853246
786121
770268
798282
776636
770482
788335
734197
745366
774734
740589
750915
752197
782728
745484
795035
749434
760949
894371
762031
770460
768763
743984
737442
897982
747205
752725
796089
750631
747430
826861
740127
738354
834201
749977
723386
782581
730797
764190
769369
746385
782251
769842
742543
762105
756245
782768
753499
757902
739664
760949
758358
752603
747368
781317
743968
757703
769352
743634
736947
744202
776495
746595
746077
747231
783165
817722
799241
752422
776261
785294
733302
850494
749655
788296
778144
776468
737101
819451
778175
757796
735280
772185
757498
743476
745788
732976
736949
842890
772051
