35888
54900
50665
48029
47042
45020
61476
33672
52335
45673
44746
57062
36865
44005
39216
30495
40179
47125
46215
34905
70159
33723
51230
46932
32700
47973
38502
32872
29602
40763
66530
56322
35017
47637
51462
29514
48302
30466
28640
41779
48596
33667
34687
29557
40721
45270
28927
39410
31401
29861
48239
42337
47197
39201
30403
35200
32126
46953
42388
42041
34603
59349
34702
44791
53803
29420
40761
41227
45550
33693
60152
44047
36841
39445
44636
42142
35758
50878
61341
33221
42516
32516
32636
31609
53348
44787
38239
32544
29097
52423
39636
35486
38705
31515
32361
42861
32263
33631
51628
40679
46790
55103
32739
43129
41265
40798
42411
38757
31441
43250
36868
48605
38084
36291
40603
39445
42704
43351
33464
44011
33755
41203
67401
30995
42494
28755
63158
32844
47469
30372
55376
57217
43989
43306
40758
48892
44845
59619
52298
28284
29276
40402
44117
42073
43011
31932
30948
31139
40915
31363
33022
35339
36138
38560
35021
48920
