43753
83541
59160
57595
56065
55659
73371
41332
63250
55121
54374
67729
46006
51609
44237
36079
46885
54878
60226
40871
81341
46069
62464
53160
41932
54998
71138
48308
36285
52032
75356
63319
39389
53827
60899
35552
54218
41206
35153
52007
55011
39676
42805
34421
45560
50056
45980
45154
37428
35359
54104
49937
58099
44217
40456
40547
39013
55500
48847
50123
44442
66798
55162
54341
62617
39382
47892
48555
53489
43273
69540
51794
43518
46847
52429
48567
50372
57541
73469
38858
53245
41933
41414
36521
61594
52731
45725
44731
35461
57348
47112
43615
46539
40894
41477
62969
39482
42132
59090
46548
54368
60875
37767
48944
57333
49591
47850
48144
37182
53552
43393
54202
47747
45857
52774
45048
53911
53511
41349
51914
40236
51262
85836
40852
52840
40399
71576
39367
236000
36979
61770
66065
51935
53439
47730
60990
52556
66310
63713
36196
38735
48611
57651
49008
50527
39426
39557
38811
54761
37248
40389
41860
42569
43910
39400
59516
