896406
1049883
852241
1160511
779486
953524
1097625
920617
857554
844473
759536
824670
3182343
1882122
1380229
1920671
1362328
1554893
1253581
2286502
1686823
2009210
1494038
1664414
3722165
1260448
3294107
3296750
1753491
3031321
1525041
2255306
2449619
2236534
1229320
1490182
2911894
1626455
1793556
1390073
1943968
1716005
2210262
1692824
1183537
1389805
1234058
1343100
2550369
1500678
1805732
1818818
1459662
1225926
1398351
1370253
1447974
1437541
1226171
1372083
1491410
2051570
1324537
1555086
1423770
1585682
1607877
1667484
1288277
1305058
1423901
1051613
1245055
1112397
1471019
1367251
1167806
1404189
1088307
935085
944107
1130119
1154333
1170577
1980727
1551841
2130164
1516786
949040
1792960
939316
1606621
1263615
1617316
1657688
1812642
1846671
1381667
1261903
1532538
1259721
1604091
1641813
1241567
1267638
1833282
1592936
1376836
1762610
1689122
1594805
2333896
1262581
1451426
2148027
1342583
1130304
1096840
1298783
1217508
1424233
1640277
1598750
1604321
968329
1418338
1062843
1374227
1078227
1129836
1097048
1487740
1017282
931136
1919862
1328014
1742281
2040378
1217941
1653657
1227929
1178583
1325323
1664205
3266880
1935258
1751466
2451055
2159272
2562753
1622512
2038982
1769231
1906696
1415593
1368646
