908622
1057780
861042
1171373
787218
959746
1105774
927868
865308
851460
766751
833951
3189754
1889725
1385413
1924709
1370863
1562640
1262853
2292435
1693539
2016511
1506747
1674037
3728368
1266803
3305420
3319166
1758650
3037517
1530441
2261604
2456762
2244401
1239144
1499448
2923021
1633286
1798194
1398679
1960794
1725427
2218055
1713388
1189834
1396692
1238727
1348280
2560131
1513702
1811464
1824853
1464959
1238318
1405234
1380570
1455570
1442360
1230438
1377308
1506426
2061295
1335840
1564794
1450973
1593227
1620505
1673583
1301266
1312305
1431064
1067341
1250833
1119090
1480239
1377695
1173552
1416032
1094600
940568
951608
1139014
1164639
1180186
1989125
1557698
2135644
1529750
956683
1801835
943809
1617052
1269883
1622940
1663831
1820090
1853479
1385922
1266853
1536790
1269116
1612646
1648676
1250984
1271989
1841167
1603705
1385550
1769770
1697492
1601415
2339651
1269061
1462155
2154202
1347836
1136234
1106193
1304958
1226320
1432615
1645365
1613666
2013077
974558
1424954
1070267
1381278
1084996
1140996
1103526
1499550
1024712
940513
1927054
1334933
1750739
2047481
1229439
1662792
1234290
1184371
1334849
1673548
3275851
1940320
1757010
2465072
2164624
2567149
1629497
2044425
1774320
1915601
1420533
1374202
