8533779
8690869
8561374
8282712
9857885
14356713
16869088
19657179
21969777
25796352
28704059
30008339
30003712
30002899
30000129
30006667
30006284
30004497
30005510
30003225
30002319
30006432
30001857
30002238
30006196
30002620
30005400
30003519
30002451
30001863
30002741
30006877
30005712
30004842
30002310
30002295
30004843
30001187
30005864
30001447
30004294
30004316
30003162
30002865
30003977
30005256
30003551
30004064
30008802
30001958
30004930
30001592
30009420
30003528
30007756
30010759
30005424
30001668
30005229
30002575
30001324
30012777
30004250
30004518
30003372
30002259
30006544
30004995
