303496
295957
325741
302905
275190
289999
328955
319350
292574
316562
321668
312285
301877
307797
281531
300772
302917
288392
293182
307101
288206
338261
314656
321313
289769
326644
332443
339145
316858
311431
279997
279283
300680
348096
312064
323715
297266
330890
321111
317728
296703
285235
292513
312535
308431
294029
319203
306771
302683
298439
295066
294838
291925
304241
270402
298191
286782
313705
323231
303745
302163
312265
273927
328336
329103
278418
309257
309471
322772
316439
283679
302633
268967
289209
308858
303789
332076
291000
276739
339109
281347
295877
318625
288193
299386
294057
277542
328944
306457
292259
285496
313981
283949
320174
298152
264689
303777
295161
310255
272631
262569
319985
287153
290644
333207
314682
298015
286141
269886
329064
334734
315012
299827
337226
285796
275774
306028
291802
312805
306478
303278
313772
307638
327936
304784
291142
280181
308409
310924
308263
308330
302202
297205
301513
304908
308382
308363
335817
286620
321037
319776
328979
315452
325565
283277
326544
288016
260056
306554
338963
316810
284905
306213
304525
292476
342768
