312223
306231
334754
314066
288112
299308
337134
344753
302127
325535
331586
324367
309519
316968
289152
310516
311225
298422
300370
315462
296866
345851
322968
330258
296431
336211
340689
347328
325227
320610
297239
288030
309072
356356
320113
343083
307608
337579
334713
330184
305330
292906
301693
319834
316632
300659
327682
319770
316177
308858
302134
303473
301275
314021
279370
309082
294631
327240
331586
313322
310792
319842
282686
336713
343021
288139
319526
317802
329653
328489
292824
310098
285613
297199
314802
311177
340703
300392
284027
348590
288338
303821
327461
296355
307118
302782
286177
337444
314610
299795
293668
323517
291898
330091
306562
274477
313034
303242
314487
285301
271319
332596
294868
301118
341831
324544
306405
295296
275507
335755
346216
322780
317116
345074
293936
283568
313088
301528
323204
314405
308942
323653
315168
335598
312678
298389
290731
322553
319264
320817
318019
310611
305437
309320
312597
317861
317202
347213
294676
328541
328403
338139
325995
334576
290429
337635
301822
267642
313507
346583
324444
294563
313553
312954
300988
355169
