453609
397111
418996
398644
428152
371146
392183
366964
415919
364340
366878
366747
429800
383298
392999
361307
357411
354124
387391
361395
398676
367222
355619
339932
406422
387594
386685
397945
369574
336555
356530
371604
355718
357888
383211
350795
378219
394551
384889
405620
353559
409829
352964
356846
391048
381111
364514
392660
353774
383469
369022
365724
358935
406321
345155
388616
381454
374643
358486
381013
403450
408593
380623
383938
346296
389044
392793
355035
379850
363534
349723
373457
393033
354656
409928
375374
360637
370409
430196
357023
345948
374559
388993
384146
400879
369840
376618
400868
364606
384329
380905
364166
388843
382354
395218
355369
397925
344804
406392
375336
386536
398445
405734
431043
360401
404576
358675
362075
398754
333494
361126
388596
369600
378169
352090
377517
341532
381624
369394
384936
388932
354065
336439
378343
391835
360076
423153
360159
394514
351404
376205
352246
434737
366398
371313
364812
432409
336936
412237
363319
371804
343579
405405
353073
408842
412487
366247
389477
383851
389406
371182
354633
370886
365215
370513
382623
