583313
507076
526278
508677
543275
469936
511577
475491
535497
485596
482316
479555
544492
491923
501133
470255
476516
464295
502844
472495
508026
477621
469572
456588
518641
484473
498942
522781
471028
447102
479509
473632
471798
469721
498870
467478
491063
498302
498564
526309
466630
517127
462107
463352
499383
499945
477442
508640
466864
488477
475645
480696
479725
515174
462938
498343
484240
486075
471732
497461
520869
525756
488996
492882
459576
505161
506827
470047
493806
476268
470609
483817
505774
467292
526330
494630
472705
484039
531377
473571
454635
483612
495499
492872
510263
478881
495045
514211
487690
495581
497463
481182
502643
500186
532333
461720
509589
457167
534678
486282
498155
509996
502601
546444
463056
525721
472124
483008
501505
447364
463504
503004
491740
486873
453944
488698
458727
497373
484635
493754
505901
472215
451650
495039
502737
473948
537779
468987
507897
463103
485275
468988
550699
479460
490645
476350
540953
452474
517464
459710
478830
446215
518751
466828
542685
542212
474482
498639
491811
500021
491170
470085
502433
478061
483887
493406
