2171600
2147158
2215945
2202294
2115818
2262166
2378669
2223917
2095560
2287530
2236312
2293243
2177960
2503518
2409906
2238062
2223575
2169963
2108940
2368762
2279181
2271258
2383162
2385246
2296345
2362409
2280409
2363444
2065613
2317939
2382141
2310539
2273823
2357305
2374835
2309349
2136828
2312756
2382473
2243938
2405518
2244236
2230847
2138098
2224796
2087966
2206604
2319534
2193345
2130301
2231053
2112986
2069346
2295157
2089202
2209109
2185766
2321578
2373314
2192367
2283827
2384335
2320771
2213186
2254825
2215182
2257071
2264432
2338415
2291199
2346732
2390135
1961897
2208747
2122362
2232722
2318103
2405456
2217074
2017992
2223726
2441961
2294802
2302913
2242842
2298404
2322266
2239607
2235730
2238182
2252943
2256987
2197145
2190242
2261251
2286213
2220892
2323604
2282221
2372622
2287798
2233341
2050840
2268368
2275938
2141999
2349581
2310036
2303729
2212708
2299339
2365941
2297135
2307302
2188615
2290742
2231280
2206072
2282745
2238720
2287205
2283897
2305616
2254311
2216326
2320269
2295801
2082864
2289268
2137527
2279408
2194142
2280233
2311578
2338269
2385841
2206966
2298665
2163053
2145452
2296919
2282887
2270738
2295160
2240010
2338345
2176603
2275444
2195753
2163649
2157084
2152230
2217997
2278875
1967301
2259578
