2182238
2155517
2223507
2209852
2122661
2269236
2387359
2231055
2102982
2295067
2243886
2300884
2184796
2515368
2417172
2245302
2230492
2177182
2116301
2376247
2286865
2279251
2390336
2392310
2303747
2370030
2287968
2371033
2073526
2325882
2389297
2317638
2281508
2365931
2382492
2316247
2143485
2319673
2390046
2250652
2412843
2251456
2239679
2149527
2231963
2095628
2213834
2326563
2200635
2138321
2239267
2119914
2077927
2302780
2097063
2215496
2192763
2328978
2380348
2199226
2291111
2392021
2328632
2219811
2262805
2222546
2264117
2271685
2345873
2298005
2354301
2397282
1970874
2215875
2130155
2239936
2325599
2412854
2224779
2024585
2231548
2451373
2301870
2309870
2250635
2305684
2329733
2246944
2242777
2245544
2259463
2263742
2206730
2197359
2268810
2292689
2227830
2331125
2289863
2380301
2294909
2241753
2058277
2274859
2283075
2149665
2356680
2317109
2310653
2218988
2305802
2373601
2305472
2317418
2195924
2297837
2240367
2211938
2293316
2245500
2294497
2290513
2312956
2261043
2223565
2327467
2304730
2090081
2296702
2144374
2286963
2203188
2287283
2318577
2345281
2392829
2214009
2305551
2169675
2154519
2306235
2289741
2277469
2301449
2246655
2346442
2183324
2282650
2202988
2170831
2164122
2161687
2225956
2286021
1974342
2266842
