1710158
1722506
1707801
1666789
1674583
1721731
1635049
1693090
1678626
1714936
1760886
1668382
1852251
1652410
1658867
1665230
1641070
1568747
1665955
1665307
1569343
1600702
1661966
1727896
1707962
1610635
1651423
1599322
1608221
1605381
1708608
1649028
1695982
1751695
1684587
1801089
1879788
1774768
1740254
1678880
1679354
1674629
1654235
1674286
1589783
1696178
1660118
1708600
1871490
1770303
1615809
1707773
1637599
1632424
1750832
1574955
1694285
1614590
1655532
1670546
1668336
1626361
1562270
1614370
1722845
1575311
1652718
1638940
1631328
1726196
1657734
1666251
1618219
1608873
1574076
1623544
1624864
1623742
1632448
1568835
1601930
1670829
1693337
1685835
1615600
1673754
1685573
1607120
1606648
1702503
1566575
1659690
1640915
1595178
1629368
1548478
1636893
1616385
1740681
1739677
1552435
1715278
1607438
1567284
1504734
1615067
1596387
1610088
1702335
1699879
1681907
1810787
1600570
1677040
1592999
1606425
1652261
1799539
1570933
1627340
1654153
1579868
1662600
1590239
1677815
1657253
1657349
1635455
1620133
1624090
1616220
1646026
1626408
1687053
1675366
1583512
1731482
1633881
1634198
1603683
1675381
1630062
1722358
1572717
1751051
1622309
1683527
1668192
1737645
1628863
1665607
1636234
1721772
1580358
1676007
1520008
