1733251
1734079
1717307
1680404
1684597
1732950
1644126
1703133
1691780
1803672
1770573
1679414
1863072
1674175
1675534
1675677
1650028
1578200
1691492
1671766
1577822
1610021
1709520
1736719
1717863
1618292
1659844
1607855
1616195
1612970
1716638
1659173
1705358
1764935
1692869
1813206
1900091
1782387
1747927
1689383
1688166
1687219
1665403
1680731
1597063
1702570
1671028
1718532
1883906
1776189
1628939
1718236
1647033
1639301
1761182
1587428
1703455
1621932
1669580
1683558
1677227
1646554
1575637
1624533
1729912
1592469
1659797
1647247
1642346
1737707
1672151
1675632
1634138
1625574
1593186
1634918
1638131
1631549
1644192
1580865
1609767
1679747
1705078
1698470
1627492
1682976
1691591
1616777
1613105
1709605
1572976
1668105
1651334
1602149
1639320
1555718
1643472
1623404
1748331
1747253
1558443
1723787
1621728
1575137
1512754
1623694
1602990
1619323
1711974
1718872
1697229
1828644
1610112
1682645
1599308
1614423
1659504
1808611
1581087
1653052
1660812
1593077
1670349
1602347
1693624
1665742
1671421
1644888
1629466
1642274
1626241
1654291
1635159
1692661
1682737
1593140
1740402
1648351
1643199
1612317
1684562
1642823
1731554
1583402
1759308
1636714
1696412
1677314
1744203
1640983
1673550
1650576
1728526
1602301
1682422
1527423
