2711692
1648184
3003467
3660529
3101298
3257789
3011997
1564313
3352539
3194006
1724556
3782526
1693736
3044615
3373218
1615622
2796553
2288858
3257542
2792815
3317188
2981638
3089624
3012483
3472280
2708404
2930898
2804821
2863734
1702724
2449988
3114837
2913665
2911836
3579789
3387771
3607716
2979150
3180932
3180985
3338014
3171626
2983291
2952893
1606739
2977289
2891774
2729895
2662536
1603640
1731918
2964725
2687603
3380576
2374581
2756732
2910468
2838357
1799377
2865874
3487077
3203240
2904663
2996097
3464934
2754218
3116908
3535962
3131784
3161601
3062023
2735626
3655423
3119614
3129043
2242750
3309579
1594182
1887560
2359888
3162994
3191119
2601946
3113335
3173505
2821391
3298230
2720926
2304003
2169618
3217364
2928838
2300379
3161357
1651154
2609452
2975651
1733325
1666205
3073289
2820021
2341396
1692297
3189336
1672037
1807179
2913611
2845581
3197681
2737104
2798545
3243430
2744367
3305219
3072085
3111609
2955243
1709292
3222150
2800767
3483223
2282162
3208089
1695426
2557622
2608608
3188150
2816966
3185649
2947852
3061001
3142888
2698565
2769213
2803636
2845275
3213560
3197492
3323080
2839156
2864869
3240977
2305275
3211849
3151301
3546827
1746382
1689126
3114967
2637099
3013075
3172324
3123399
2949394
3567602
1851083
