2719460
1656657
3028594
3668979
3109973
3266207
3023261
1573233
3361192
3202552
1732927
3790752
1702229
3052890
3384269
1624105
2805864
2297401
3266224
2804816
3327663
2989923
3097282
3020539
3480392
2715969
2939242
2812926
2871343
1710784
2458284
3123700
2921663
2921072
3588675
3396439
3616193
2987797
3189401
3189061
3346436
3180338
3008525
2961363
1614543
2985193
2899469
2737922
2670173
1615144
1740168
2972840
2695908
3388327
2383089
2765897
2918498
2846785
1807580
2875034
3495763
3211610
2912847
3003750
3473582
2762382
3125485
3543988
3141149
3169957
3070711
2743965
3663750
3127648
3136567
2250189
3319087
1601816
1895474
2368639
3171499
3199446
2610127
3120843
3181534
2829642
3306912
2729570
2312690
2177928
3225566
2937219
2308771
3169484
1659137
2617799
2983657
1741794
1674275
3082022
2827796
2349848
1701173
3198018
1679653
1815823
2921995
2853980
3205868
2745220
2807767
3251759
2752762
3313227
3080273
3119680
2963705
1717202
3230326
2808800
3490924
2291422
3216235
1703460
2566090
2617974
3196642
2824995
3193831
2955597
3069531
3151247
2706658
2779038
2812905
2853932
3221564
3205660
3333103
2848216
2872839
3249351
2313422
3220343
3161819
3555369
1754736
1697332
3123752
2645400
3021711
3180466
3130963
2957750
3575772
1860344
