141096
115661
118450
145641
115512
116355
114541
115772
111594
109374
102848
144117
113820
114994
111923
114794
128076
110346
106595
120284
113782
111926
112545
113942
115972
116775
111755
116255
116466
111388
112070
132770
119212
113324
111389
117969
115236
116141
110972
115104
121197
111844
103323
120722
107369
114833
113533
116030
101913
111470
111782
116054
115523
113806
118268
110895
114977
117415
110924
124647
111043
116362
114978
114538
116067
116449
113805
112971
110207
112328
116496
113333
115175
119008
113431
111920
113557
134778
119256
114122
118297
115173
113037
113948
112004
116191
108840
113760
112132
114937
112309
115470
112116
112557
111386
105888
113503
119317
111085
113201
113233
114962
106293
113269
110279
113463
137526
114641
116682
114699
114131
105964
114069
122916
112647
117973
117320
114154
113271
115430
108606
113527
107973
138020
109675
116350
118257
112982
112577
115070
111501
141340
119683
113774
115895
109932
104914
114054
120310
116506
115900
116255
115300
116312
114638
117601
114195
117234
109926
115211
115592
106507
113861
114931
119287
105455
