163183
124893
126407
153759
123711
124468
122725
124000
119710
118254
110994
156973
121993
123650
119801
123133
136123
118653
114780
128389
122819
120836
120828
122738
124717
124941
120267
123993
124362
118982
119967
143052
127327
121253
119668
126082
123245
123944
119325
123304
128925
119914
111409
127980
115244
123122
122572
124560
109112
121550
119905
124569
123847
122183
125959
118997
122806
125418
118919
133142
118815
123675
122310
122588
124044
126176
122479
120996
118098
120660
124057
122327
123090
126395
121308
120092
121179
142147
126796
122306
126138
123365
121056
122491
119882
123845
116746
122582
119734
122927
119850
123863
121249
120674
119241
113854
121716
127664
118850
120938
120634
123791
114542
120797
117965
121716
145099
123132
124762
123665
122176
115076
121969
131021
120712
125660
125842
122510
121595
125768
116588
121115
118172
145421
117849
124189
126439
120522
121313
123450
119258
150557
128021
121764
123776
117723
116010
122035
127906
124390
123416
124332
123636
124254
122349
125795
123134
127202
117982
123158
123970
114584
122663
123180
126959
113512
