31113
34431
31235
33919
31162
31342
22534
30370
22229
30397
28023
30171
27817
26179
20440
29775
28616
25906
30651
33135
26939
16634
15968
32470
19780
31955
11803
17330
14984
15616
13376
17160
24071
29620
15897
36276
15813
21779
26986
20212
12654
19226
18289
20507
26589
25170
18538
21724
21162
15335
18718
20877
22219
22331
13553
22101
25409
25260
20961
32504
31693
30219
23560
23289
20965
26181
21814
19674
26633
18869
16826
28359
23137
22091
28986
21872
34131
11481
18914
19267
21551
21256
30664
29115
32830
46703
16028
23927
13017
13472
12633
15993
21046
16307
23369
21908
19290
13915
15026
26963
24112
23094
16801
18194
44913
22786
20321
25101
14048
11721
16953
22370
16782
12858
18280
29857
15634
18771
31759
24356
12276
18919
28667
24058
16162
14493
26619
33645
11873
34129
30501
28301
23528
36647
22990
29568
28926
17497
16063
29849
34275
36169
20836
28827
12042
21526
18943
29389
12080
15508
11451
13420
24692
28833
25164
24056
