38352
42886
38783
40732
47590
56330
33879
38427
29463
38433
36629
38828
35222
33749
27324
38313
36597
35861
38338
41514
36675
24071
24945
40099
28609
39245
17153
21955
20872
27049
19287
22932
34393
36597
20762
49874
23951
30879
34565
28047
18424
24743
25039
27655
32373
31069
29153
32035
26758
21199
36236
26316
30916
30711
26047
28292
44357
36832
29337
38433
39310
40065
34819
30593
29021
34274
27418
24822
38697
28028
25361
34528
31039
32672
35986
33149
40866
15822
25285
27325
29521
28920
37769
38261
41177
52956
25416
30314
19422
18265
19217
21184
26460
28156
31018
27512
26019
22862
19578
33440
31313
28274
21739
25363
52057
30035
32467
30998
19792
21490
21932
28321
26603
24823
25267
35785
22109
29883
38707
30749
20864
23926
34451
31660
26690
22251
36890
40851
23094
42799
37825
35501
31572
47307
30077
36080
36070
24009
26655
37747
47854
42814
27730
38134
22232
33305
28160
37628
18513
24992
21402
17968
32303
34426
30809
29272
