31316
34335
36164
32347
45232
25962
28815
29864
31783
24906
24861
36225
33585
25813
29086
26130
24728
30343
27201
30177
25456
34724
30206
31845
27585
31606
18949
24263
30327
12464
31886
20837
31565
25733
21133
28667
13984
30057
25955
32773
28543
24714
27089
29224
31362
20121
31134
29361
25562
33299
23989
14790
31644
31004
31651
25027
25490
36413
29878
32502
24214
24985
25956
27823
25000
28086
30806
28542
29615
24823
27384
24997
33075
23716
23072
36120
35045
31239
27580
31484
33772
30277
32560
29707
30732
36913
20572
34286
25372
25719
31488
26663
21566
29665
31239
19958
29282
33837
11794
26335
31143
31115
31891
26581
30260
30943
28645
31180
34468
32106
22501
28321
31168
31285
28033
25826
31294
29654
30857
25339
25456
27257
17667
26867
43166
30847
32109
30826
20039
29364
12847
29818
30474
28945
14185
29340
23477
29441
29951
24035
26956
30719
25972
30327
30075
32008
31145
23236
32200
28919
26620
26632
29816
26736
19197
32996
