38523
61101
44670
40290
53221
34262
36157
39231
46409
35826
32712
50040
55010
33605
40510
31985
31369
37216
34416
38388
33523
43246
37411
39105
34734
39033
24942
37812
37304
20596
42835
28052
65709
35722
30228
35969
20709
37824
34805
38952
35689
32020
34134
37163
38100
28079
38990
37044
33127
39791
33103
26971
38844
39367
41385
32329
32570
43316
38574
40694
31420
32461
34961
34698
33691
34686
37430
35907
37174
31850
35383
34816
53057
32231
28997
47714
42383
38113
34822
41147
45615
38056
39602
40527
38096
45152
31747
44456
32726
32822
39697
33438
28053
36413
38066
26680
37429
40221
21617
32747
42157
38114
39868
39885
36513
38448
36311
39093
41751
39783
30047
35211
39735
38213
33996
33421
37774
39359
36343
34690
31854
33783
24881
33712
53471
37608
40984
38415
26839
35894
19703
38483
37630
39239
21364
37231
30689
36422
36954
31083
34668
38066
32584
37608
36494
44294
39706
28739
43456
35442
36073
33301
36869
33242
25709
40486
