29503
31835
30632
28028
29194
29798
28542
33727
29580
29470
21496
29711
31610
20845
35886
28193
30607
28107
28659
13128
31261
22723
13643
24932
33125
24066
28855
20023
27021
33962
14809
25900
17787
26680
35707
32155
17832
14060
24484
13942
23916
17133
19475
22251
28098
30140
40183
28669
20932
23133
29708
16479
36266
21432
17134
35166
36372
17663
17086
30551
28902
18457
35626
13874
28277
23524
22931
17092
28206
16847
22469
14371
22031
26749
13537
22609
28304
13650
23132
25188
23993
17247
22247
19591
25941
22531
13241
23560
14110
19216
21214
21211
19030
17196
21966
34706
19819
16346
23364
26442
24169
17861
28604
13769
26016
19650
19862
33614
29508
32358
16939
17564
34948
15015
14039
17530
16512
16930
29283
24140
36826
17788
23551
26663
29361
32640
33233
24695
34256
13485
40473
22692
28185
25823
32258
13828
21444
29873
29001
17666
32485
31587
27213
13832
18400
33054
24644
31798
22559
22176
21401
15072
25210
25605
15734
32300
