36459
39480
55931
36692
37574
38543
37162
42173
37175
38832
31864
38853
39679
28144
50107
44253
43095
36171
35139
23043
38684
28630
21320
30784
40566
45654
49441
50659
42083
42301
20527
38200
22948
40035
53347
38052
31554
19618
29784
32069
30642
22691
26521
35653
37452
36648
51257
38520
31826
29008
35044
25132
45316
28997
22673
44386
42955
25102
26753
36273
38004
26354
44400
30831
37447
33914
40384
23067
37792
23176
29954
23617
57341
34924
21323
29324
36794
21223
31924
46031
32697
28160
28709
27014
32872
29338
22939
31911
23140
30220
28689
30359
28484
24497
31739
44175
24710
23795
29392
32226
30824
40696
35507
18776
33238
43366
32132
46161
36260
38399
22385
23085
50246
26660
22137
24937
24061
21937
36907
31050
50649
25897
29511
37089
37324
38113
40230
32438
47478
20785
270378
28631
36490
39248
38748
19716
27134
39054
35006
30028
37973
37662
34548
22725
23861
41227
29091
37275
29382
50849
26737
21215
31660
31175
23096
37327
