296012
323448
296536
310861
308341
308897
324290
307583
283664
315456
304796
326588
296746
276837
298424
313066
278982
323799
256673
287299
285232
347590
309162
295053
296882
328639
345529
273354
299874
338131
312184
291856
316029
269923
293252
288893
292246
266483
294277
350930
297419
287191
316822
279720
336110
265850
292143
284533
296013
310879
318127
277040
268283
335689
292788
285998
302314
285023
334173
318041
310178
299387
293440
276078
304852
285531
291793
283696
319961
274707
318811
269752
293936
326086
310045
274095
276161
333734
304439
277946
279820
323081
284707
315283
333503
304671
290538
293745
321921
293877
284008
268709
295452
273875
287904
280313
278986
315258
301055
302982
282561
266828
278509
267193
340845
289978
307025
337776
312553
305445
284598
303608
315176
304103
326992
359855
306356
254114
294012
307235
295845
301400
276051
292660
305481
287278
291593
283433
319184
284621
328705
304642
281045
287316
344046
274162
288723
274166
271811
308086
306323
319452
287549
294562
274902
265783
308664
269810
300378
334955
280164
280301
300827
265486
310980
340070
