303153
334902
305402
337289
321674
317902
333420
317076
292646
326188
315027
338785
313028
285197
304052
321790
290465
331843
269182
293942
292975
358011
316110
303469
312024
333962
357337
280710
307719
344653
330195
300848
324902
277026
300604
295410
303169
272726
303310
361072
302515
300610
326869
287352
351833
280383
300954
294757
306479
316285
326381
283556
278407
341050
299534
294289
309041
291181
346445
327854
315132
306915
306083
282921
316042
307747
298728
291831
334891
285666
325561
277967
301052
338410
318339
282852
301279
341935
313306
292970
287602
331584
293652
325571
344094
318439
296942
301408
330029
305981
289428
278355
307065
281435
294625
286788
290637
321897
309228
310721
289916
276286
283844
273482
345845
302735
312697
345639
331211
315305
294377
310040
321167
311146
335334
382598
315885
264725
306020
317423
301542
308400
285038
300678
313792
296164
300088
291798
327923
291289
336025
312858
286786
300059
354661
281772
295475
285383
278600
317638
313853
327849
294931
305957
282028
280090
315657
276032
309069
341834
288126
286312
308555
270893
317858
346980
