3480620
3539768
3461630
3484828
3490319
3672619
3435337
3501282
3433036
3467644
3439004
3675026
3809366
3959175
3604161
3676570
3618241
3594798
3671018
3544223
3606061
3602750
3546456
3650404
3745223
3692293
3726198
3624893
3596384
3499890
3955959
3712371
3571097
3522714
3585326
3641814
3610875
3575475
3593308
3607300
3636514
3618916
3584857
3527227
3528315
3613592
3608730
3885023
3573185
3519283
3628003
3624174
3612413
3705441
3617917
3540681
4103528
3612244
3573158
3553035
3682939
3630981
3552489
3571147
3604237
3658814
3583849
3467048
3535891
3518196
3553320
3624930
3542768
3620053
3524084
3519101
3598955
3560499
3544471
3550958
3566324
3550148
3560584
3537193
3663699
4298338
3602208
3570547
3637953
3681833
3612933
3583755
3552556
3588647
3537595
3651027
3529973
3674329
3642877
3547622
3572336
3528297
3529545
3596627
3627779
3550820
3569661
3701893
3617072
3670966
3575441
3548394
3540511
3632556
3552434
3636750
3549298
3563916
3588814
3704039
3688448
3623513
3555859
3631310
3584553
3594605
3511278
3560162
3615255
3620978
3537513
3546027
3559817
3651509
3588559
3578103
3628502
3586203
3519037
3527876
3579691
3547358
3553828
3666572
3669418
3892439
3610990
3527620
3532260
3613346
3602436
3641927
4159468
3599823
3564792
3640349
