3487893
3566682
3469490
3493143
3497796
3681683
3444097
3509673
3449741
3476632
3448037
3692716
3821423
3964283
3609896
3683870
3625654
3601725
3678909
3551094
3614088
3611993
3553206
3657402
3753633
3699505
3738183
3630561
3601328
3504372
3961332
3717383
3577637
3529931
3590429
3648440
3618536
3587770
3600445
3612855
3642109
3624412
3591630
3533370
3537682
3618631
3617762
3893162
3586588
3528715
3633533
3629342
3619013
3716476
3622153
3546791
4115401
3621647
3582560
3557729
3691624
3637855
3558139
3579061
3614559
3664566
3590331
3473765
3542692
3532773
3560873
3633440
3552748
3628180
3533384
3526502
3606113
3566716
3554441
3933470
3572616
3557481
3568465
3542941
3669411
4306630
3611288
3575417
3642534
3688455
3620891
3591915
3566539
3593741
3542887
3658127
3537385
3681815
3648615
3560288
3577490
3533708
3534742
3601239
3637907
3559226
3577111
3708941
3622501
3677769
3583668
3553833
3546641
3638644
3558539
3645212
3556925
3572415
3595884
3711770
3694993
3632284
3563481
3637376
3593970
3601257
3517127
3566881
3623347
3630294
3544606
3552815
3566412
3664892
3983184
3587333
3636390
3594875
3527104
3533239
3589201
3556318
3559178
3671587
3675400
3899389
3617540
3544060
3540585
3618353
3608580
3650441
4165799
3605371
3575875
3646288
