769894
772510
811543
816020
786785
769041
794720
878488
828525
802125
773453
787474
861211
863052
1197783
849172
1007423
870940
826652
883766
871549
933268
926688
897614
948447
840197
883544
1007270
939379
856259
812280
841794
866118
819814
878629
816481
920167
900753
975702
856982
873404
872327
884790
904574
886757
892096
843317
870190
966244
843606
874660
816654
852381
866534
898261
875717
844433
864904
862731
936766
942523
945808
895912
891320
941065
841402
894589
882294
911242
881232
855712
927217
917709
966189
865109
868735
798425
866979
850243
863143
853630
937187
880582
855618
890967
898767
800360
885581
885454
858349
874066
844945
849051
923767
844075
943585
991221
835766
901686
861106
840168
847038
920811
810226
792863
848044
871635
837190
937483
889124
849296
852185
892820
844610
863096
904426
850768
874696
846755
853005
931106
922907
899058
938844
801669
922974
873119
905122
881243
854688
912484
918881
852269
895240
911828
895871
807556
846705
805425
844149
863451
853889
801399
835159
862420
769310
876571
854212
852006
909565
833365
869233
833572
840730
844972
824554
