797111
781854
820363
827730
801266
780396
803020
887845
837772
812643
782464
797761
869019
871150
1202196
859215
1016482
879759
838764
892297
880486
940384
932198
909407
954644
847470
894529
1016620
950150
864663
817792
851064
874673
827985
892066
821821
926575
906176
987521
869346
882337
887999
890361
911241
895092
902460
853059
882527
972402
873922
884787
824218
860796
877048
903988
883193
851742
872449
876841
946168
952093
1765149
908852
911682
946982
849336
901767
895645
934173
895189
862973
935846
924850
973049
876432
875740
811057
874178
857551
870639
865625
945466
888176
863097
901185
911359
809854
894915
891612
869686
880095
855063
856444
931296
857823
951558
1006849
841546
912761
868035
849787
865989
928879
819718
799299
853176
888692
852056
944593
900060
856418
857726
899830
853426
871693
918847
859387
881609
855417
860265
939245
936303
905744
946415
810246
928975
883189
914680
889214
861952
924346
927767
859263
904777
917470
904400
818265
855607
813805
852724
873459
864315
809192
843087
869567
780019
883082
869036
859404
915896
850020
881408
843287
848640
851867
831972
