1646027
1665394
1656698
1694332
1735308
1736775
1706986
1711162
1567990
1765079
1692413
1805575
2076698
1707267
1656830
1635749
1752424
1644911
1627401
1632471
1615007
1625442
1702821
1672841
1978516
1606856
1971031
1797730
1929704
1787392
1650637
1679685
1781394
1721385
1728975
1667889
1904294
1876661
1830180
1810029
1759766
1749016
1624041
1807217
1641886
1689262
1708871
1668769
1835147
1730393
1720392
1699757
1699035
1687707
1686430
1595159
1703735
1704460
1675459
1667915
1755805
1617441
1624221
1670567
1641841
1789777
1733245
1605441
1590548
1638807
1630802
1625384
1653155
1683726
1688796
1613714
1605408
1529935
1657308
1794883
1633357
1739317
1590159
1559471
1731489
1741409
1711646
1623062
1635590
1738024
1640500
1581907
1786137
1688231
1620673
1667203
1662750
1593372
1701295
1611741
1719593
1629196
1641769
1892107
1633445
1626369
1636904
1625153
1810032
1633548
1704674
1633250
1612217
1623463
1666732
1608686
1647033
1697881
1611492
1709210
1628983
1699756
1701927
1612710
1671759
1604599
1662252
1659858
1637673
1670926
1673011
1678172
1628174
1627172
1621368
1625210
1647552
1596574
1639840
1721615
1741457
1720791
1681466
1662694
1681905
1685074
1724163
1738571
1659235
1590246
1647426
1593095
1676532
1638436
1593698
1640268
