1656029
1676916
1685273
1707882
1745120
1747270
1719316
1720935
1580148
1777060
1703726
1815558
2085951
1716187
1666157
1645896
1760413
1652167
1645898
1642376
1622243
1632432
1711434
1683506
1986999
1614335
1977775
1809389
1938621
1796047
1658689
1690888
1790024
1728316
1741146
1674525
1919018
1883926
1839324
1819712
1766681
1758473
1634962
1816826
1649705
1697035
1716491
1679633
1845127
1741138
1726445
1710779
1706555
1726899
1693673
1602706
1717203
1714525
1687307
1677473
1776566
1629265
1637171
1683438
1651535
1800839
1753101
1619256
1601288
1663220
1640288
1637989
2319192
1693034
1697893
1621675
1614703
1537097
1672814
1811824
1646928
1748581
1598903
1567410
1743515
1750106
1718357
1630779
1644127
1752123
1650334
1591267
1796049
1699255
1627627
1673513
1686230
1605449
1717395
1619228
1726398
1637278
1648704
2009815
1640691
1634839
1644277
1641725
1823474
1645704
1712333
1641358
1617779
1633994
1675435
1623019
1655146
1708119
1620406
1733984
1634700
2059762
1708387
1621752
1680751
1614847
1674100
1668996
1646565
1679745
1691754
1687928
1638684
1637799
1631592
1636012
1658374
1608317
1652328
1730911
1751263
1729419
1692047
1671353
1697901
1693887
1730793
1745908
1670235
1596338
1658957
1603887
1687301
1647846
1612995
1650205
