1032978
1160655
1120775
1160614
1178304
1113142
1042912
1213552
1240320
1098877
1098399
1050998
1284358
1213517
1221512
1138844
1298084
1320617
1162798
1317141
1253959
1269395
1283357
1200178
1200601
1306344
1186736
1212486
1283316
1243072
1254042
1255123
1141262
1121643
1251953
1293206
1306167
1183874
1325793
1201729
1222058
1148658
1241373
1192143
1173482
1161734
1214814
1129185
1272069
1209166
1279383
1321745
1209005
1218663
1217250
1225624
1230862
1117740
1202591
1234726
1225658
1153645
1292111
1273179
1231000
1214972
1304946
1223252
1270088
1349898
1232788
1185826
1242651
1255308
1320087
1180687
1288472
1204894
1237594
1081888
1178590
1174815
1075695
1255928
1195137
1281051
1252909
1098433
1118665
1272422
1181956
1118598
1255870
1202927
1108053
1214340
1242537
1099868
1177237
1205867
1312188
1132861
1205316
1219640
1206777
1205079
1213143
1232139
1224250
1200820
1228086
1170975
1194499
1244405
1355691
1226416
1077319
1153891
1221485
1325096
1216922
1242641
1220692
1189799
1233468
1154380
1136025
1258414
1179889
1294848
1213082
1088053
1196593
1194516
1144587
1154104
1108161
1247818
1259329
1152320
1189314
1198000
1105546
1125207
1203781
1212886
1243447
1131073
1197234
1171243
1171031
1136101
1170964
1157674
1259673
1083500
