1052453
1201271
1144937
1180217
1198932
1137213
1065774
1234735
1262583
1122157
1118591
1071392
1295840
1242284
1237555
1156164
1311685
1337071
1182781
1339061
1275342
1290583
1300257
1219759
1215790
1331159
1228209
1223223
1294733
1262077
1270972
1268663
1155419
1135724
1270323
1306229
1317869
1201753
1343392
1214260
1234156
1163344
1254824
1204696
1187579
1183389
1233751
1147720
1299493
1223364
1297072
1339287
1226650
1232831
1234181
1247624
1253650
1135572
1228935
1256358
1239626
1173911
1305595
1296400
1258301
1232493
1324843
1247543
1291489
1372236
1245577
1197824
1264131
1278259
1334983
1199531
1312992
1223490
1257939
1107442
1199791
1192856
1094752
1277533
1222643
1302598
1265992
1110348
1137266
1286269
1192314
1131613
1277941
1218139
1123078
1225922
1268848
1110419
1191097
1218561
1321821
1145139
1226017
1238512
1218135
1224372
1227350
1251192
1237475
1211560
1238198
1205362
1205346
1257820
1380352
1249322
1100399
1175770
1248601
1339831
1236919
1265481
1233300
1206575
1255335
1172352
1149726
1278461
1198480
1308691
1231109
1103228
1218298
1208527
1167558
1183831
1129055
1266338
1284005
1169586
1204890
1226064
1122090
1141074
1217201
1236938
1257553
1141127
1218817
1184998
1191215
1150630
1185148
1171599
1288471
1101644
