467854
407182
479821
403910
429000
401084
403803
422294
391212
384349
417359
406122
444341
442059
403649
475476
388785
417410
467089
420483
396768
420579
417613
422267
404884
446352
428332
439138
357600
419091
389293
390288
423995
389801
383530
410970
425619
394891
431587
374087
381257
405609
421467
415494
443079
415411
399036
427765
402277
435850
376348
371178
391801
390033
425032
370025
445418
391266
397910
382841
392314
424335
437728
407687
399332
380788
415297
436674
438429
420333
396411
397497
405343
387854
438804
437264
393273
405154
387933
385496
394923
448895
406187
401808
434830
432594
424482
438603
365138
383088
359119
408624
396137
424434
375487
424237
443366
396716
401075
402807
419231
441242
382945
397157
392393
447739
423874
376478
426709
417510
426939
428001
405219
468703
432336
391640
413196
405532
383987
391716
427750
406980
395889
392631
368310
381299
371709
420608
368784
402475
372881
451654
415802
385514
445843
408961
377091
412965
444827
439642
382351
400798
388917
391508
429672
393425
413812
420007
406009
370560
425531
397805
362471
394013
396433
386312
