588884
518202
597434
534254
532382
510750
518598
531663
524900
494375
536077
525514
532153
534285
527039
571385
506886
509225
560451
525296
480308
534902
519790
509001
542138
556436
528526
537276
452277
506094
483125
476263
508482
481854
480885
517156
524838
489489
512154
488971
480397
517308
512613
513444
552737
542704
486552
530363
509657
525365
485875
464708
485048
487858
528303
472845
546673
503761
503842
489644
480343
515298
527769
494549
514403
468892
511231
535356
533073
507477
490192
497634
524981
498455
541458
548685
500253
492877
504332
490026
502357
541977
516205
498335
540248
563611
563556
538917
480447
486088
462757
545928
512315
504949
472196
519221
546975
507584
486866
538906
523445
545177
494760
483287
519377
574627
515259
498363
514069
523749
554758
516267
527657
580365
514237
489190
504189
514319
482868
472901
522245
535551
489718
498876
457967
480919
472694
525265
463782
509001
488156
538486
503758
485682
536577
501985
490418
514392
569808
541050
488850
515355
472873
506114
521437
491320
535989
532944
498466
486000
521850
499793
454359
476343
484358
479827
