9494153
8812724
8626308
8938593
11435635
14963707
17826018
19968328
23258734
28000505
30012897
30004214
30004394
30001516
30002696
30007025
30000869
30001163
30009295
30002249
30006781
30003580
30008226
30003639
30007164
30006880
30006785
30001996
30004583
30003457
30004078
30006967
30004558
30005934
30002671
30007248
30001427
30009304
30010446
30003905
30006253
30004572
30007159
30000845
30001965
30001940
30002143
30005288
30008727
30003750
30002067
30001039
30003739
30006450
30001123
30005774
30005384
30002189
30009103
30004724
30002958
30006943
30004224
30007129
30004634
