57297
42220
77825
65902
61939
80725
70535
68267
47015
71214
70377
75545
61954
91064
67052
98499
82525
79478
89849
66466
69416
83426
73889
46653
86143
76585
79353
70443
79511
79540
74222
100562
97862
69360
75571
42776
70591
47505
82268
74735
99434
77730
76174
45186
68597
78045
60966
71168
70107
68128
63978
65268
72010
53509
75736
46485
39982
72097
56661
48063
78434
78233
87200
82571
65250
97509
65340
80261
51906
63881
68588
50364
82812
94137
92838
68045
70677
76435
93472
51470
86829
61222
44664
76332
83196
77964
73315
57755
64816
69120
89660
75459
75762
63085
91791
44491
84323
66768
82421
66653
73742
76915
87584
66123
63310
59791
67725
78460
83881
78065
73519
74713
49695
64606
58856
37265
78750
73723
77646
72048
51712
60390
48052
44780
47106
84687
72158
69494
56715
81621
68654
44165
67124
81652
47043
44235
72707
70948
81057
92973
64006
63756
76675
74316
69158
65965
94840
90804
73478
78409
66829
94732
60640
59808
88416
75967
