83401
53258
85886
73261
68945
88296
80098
76495
54894
79171
79632
87700
69692
101421
73256
109852
89659
86451
105960
74347
79077
90821
81440
54352
94476
83692
87171
77918
87494
86063
83020
109271
106030
75811
82777
51777
77665
57947
89584
85639
109651
86261
83749
50582
76104
85125
67683
77926
76766
78068
70049
75690
78368
60573
82303
55072
53410
78096
65435
55371
84334
85993
94620
90602
72923
104284
77935
88104
60723
71882
77303
56006
88918
100455
104521
75884
77848
84739
99847
59677
94683
68603
52641
83512
90208
85486
80332
65170
72985
78108
97530
82721
82886
69676
99717
52371
92614
73613
88022
73127
83514
84654
95618
75469
70271
68383
76092
85297
90494
84833
79997
81400
56593
71421
64475
46090
86248
80701
84814
79382
59693
66285
56227
50834
54923
92757
79625
77573
66472
89009
76223
50852
74370
89075
53134
51572
79359
79349
87938
100897
71008
73160
87464
81382
75241
72774
101191
98192
79785
84972
73938
102391
67182
68682
95825
83635
