2387839
2400420
2255298
2379090
2377127
2586280
2979657
2339643
2684648
2443379
2409451
2329419
4875552
3497205
4775243
4180655
4391828
4285102
3199430
3455164
3285623
3470624
3069293
3604991
3715649
5867805
4686026
3832756
3318222
4621030
3495743
4266601
3493757
3087849
3758149
5279466
3971845
4366318
3609166
3394794
3854871
4493940
3621348
4200300
4015778
3866259
5080111
4479142
4159291
4361865
3998259
4463740
3801167
3675994
3662854
3993870
4375961
3883352
4362993
3940269
3318013
3766718
3655906
3231767
3405506
3329722
3844254
3618868
3626725
3234429
4368448
3857932
4144055
4735535
4478305
4104279
4197478
3751342
4225513
4487872
4311393
3534721
4400682
3882045
4397968
4425846
3842672
4567431
4050817
4303337
3692890
4554122
4830451
3233778
3929686
5384211
3867464
5218277
4554121
3694481
4418590
4077322
3777834
4120204
3793755
4011845
4713996
4833995
4621739
6423578
5952750
5573756
5692242
4580765
3910840
4517420
3911002
4505027
3949793
4886131
3728516
3381121
3640600
3677214
3786215
3361918
3059733
3191756
3549567
3142748
3560882
3296072
3052768
3188287
4110157
3975914
4017797
3184726
3678908
3797711
3667714
4384928
4232316
5240391
3971019
4677178
7514575
7676317
10117608
10948355
11390642
12412730
12523155
11252809
