2400824
2407954
2262492
2386085
2384127
2593343
2986896
2348661
2691826
2453470
2416857
2337384
4886657
3504448
4794903
4186613
4398881
4290332
3205644
3460360
3293162
3477556
3077152
3611525
3723630
5874631
4697703
3837864
3326227
4637538
3504614
4276176
3498269
3093695
3764479
5285092
3979751
4371610
3621089
3404687
3861219
4500264
3627846
4206688
4021013
3875588
5093426
4484376
4164016
4366977
4003704
4486894
3806153
3683542
3682806
4000235
4380958
3888804
4371041
3950134
3323273
3773095
3667291
3244965
3412975
3339179
3849770
3625133
3633899
3240752
4377062
3863215
4151935
4746284
4488692
4111059
4210006
3758075
4230357
4495830
4318666
3541035
4406783
3888895
4402970
4437054
3847578
4572820
4061502
4313207
3698491
4559997
4835904
3239587
3936858
5392382
3875674
5223908
4579567
3701790
4424920
4090289
3783652
4124949
3799515
4017992
4718845
4839153
4630899
6430470
5959545
5578943
5700704
4587675
3919320
4528135
3929850
4513150
3955984
4891453
3738425
3386802
3647386
3684862
3793368
3368141
3070289
3200493
3555792
3150532
3567694
3303124
3060753
3193380
4117644
3986577
4025603
3191948
3686056
3805827
3677592
4390573
4250391
5249028
3977139
4682935
7524561
7681228
10130494
10955101
11398448
12418211
12529364
11259227
