2282014
2237504
2300095
2464998
2392191
2579337
2266544
2322530
2170448
2355480
2345846
2417405
2943634
4099367
3447428
3301329
3203296
2720758
2440882
2806466
3043512
2980155
2738519
2852938
2949365
3683196
3028299
3223406
2975439
2937431
2894916
2867526
2801284
2789237
2990777
3556848
3271648
3546079
3285862
3112649
3129937
3113459
3056054
2795098
2991457
2762306
2949862
2659838
3352200
3821528
2937996
3172640
3518848
3171492
3098005
3196513
2967961
3081511
2993149
3076168
2574747
2916735
2824629
3046497
2865273
3001995
2752727
2770276
2661001
2632580
2570388
2871402
2944622
3154136
2681531
3099897
3088379
3080975
2567684
2765136
2640739
2780064
2719760
2794267
2890646
2742270
3312742
2654396
2977532
2905270
2627801
2660089
2698542
2700166
2880914
2584607
2782381
3325450
2682574
2678284
2817403
2994783
2433933
2565320
2602657
2519532
2508638
2864003
2838963
2801346
3296394
2838317
2649358
3563515
2578887
3072709
2670335
2846394
2534760
2813960
2679998
3117722
2891710
2734720
2352383
2936253
2411388
2739131
2543539
2654596
2676160
2537478
2267409
2520566
2463354
2486675
2942262
2517714
2648633
2590832
2348123
2363844
2999056
2686788
2458666
2587838
2552782
3152647
2518487
2918561
2383450
2763709
2277861
2419175
2538070
2582761
