2288183
2245067
2307825
2474566
2398974
2587955
2274002
2337998
2177665
2362765
2353859
2424779
2949861
4105961
3455097
3308243
3217590
2727282
2447520
2813233
3051137
2986486
2744653
2860211
2954813
3692506
3034347
3230160
2983104
2944889
2901299
2873330
2810843
2795391
2997615
3563079
3282096
3552275
3294023
3119012
3136272
3121344
3063201
2802808
2997221
2770094
2956342
2667059
3356942
3828145
2944014
3179125
3525768
3179471
3103772
3203641
2975083
3088155
2999789
3083931
2582751
2923496
2830594
3051195
2872855
3008046
2758628
2778128
2667446
2640641
2576386
2878610
2951269
3164326
2689157
3106722
3095965
3089148
2574136
2772075
2647402
2787078
2726563
2801038
2896053
2748954
3319046
2660324
2984179
2911089
2638268
2666530
2706650
2706618
2887128
2591692
2788687
3331800
2689156
2685428
2824386
3001097
2440190
2570881
2609244
2525611
2514732
2870259
2844876
2807154
3302751
2845014
2654680
3569591
2584466
3081652
2677076
2852793
2541000
2821065
2687543
3123706
2898391
2741525
2357623
2944550
2417657
2746277
2550316
2660484
2682889
2544317
2273551
2526390
2469299
2493483
2949711
2524124
2655033
2599114
2354752
2373250
3005508
2691450
2466431
2595342
2559473
3161090
2525424
2925182
2390022
2770327
2284681
2424836
2544722
2588288
