448240
424027
444033
436149
398873
407814
398609
440227
411018
397187
416776
418303
415196
412566
452179
422106
350666
430399
394036
403817
415413
372322
440183
405441
442409
394727
418066
364968
377057
359572
409557
441704
384879
411837
382690
389491
428150
399271
409756
407159
397756
429783
370779
422968
368618
365014
398303
402498
376204
391388
417322
394203
377057
356202
406361
391597
383542
379527
375376
405178
380722
410508
377323
389416
362828
392463
390847
396992
387549
410574
424756
399407
436682
369743
428305
401034
409066
404995
423170
364878
403141
361886
385156
385164
446699
406897
406100
383542
389692
347619
354417
403330
381022
393526
424175
383877
408987
377895
412007
366167
346189
374068
388606
377500
403518
437316
407899
384918
380281
350041
415177
417725
384134
413958
353082
406552
408983
412915
408706
366956
373428
409479
343303
358751
398070
395429
386858
360648
425978
371484
353943
389066
406295
382468
478329
414830
400634
398442
422037
435892
393280
379526
379755
393513
412887
373277
375543
369059
412690
372163
362994
412525
393350
372059
422936
383977
