562389
550079
561043
560541
522297
514194
513859
553385
520530
493457
532607
555817
522035
517742
538353
527202
478704
547748
510949
514453
508802
490654
562185
511748
535174
498618
531158
462353
484846
466597
518996
571041
497953
526651
481183
525123
528233
505346
531427
512828
516980
538487
473781
528911
461059
466951
488111
518467
495136
505525
513574
493244
497212
468780
526582
530950
493485
493614
489726
518622
472814
508158
481413
511647
476151
513247
494732
514321
477452
530847
541154
500765
528826
469152
521876
536701
527831
512235
566421
473019
503707
455835
513391
492410
549374
519020
516136
515629
493311
476721
480842
521339
504876
513507
539943
495231
515015
485429
516469
477135
453334
499316
502011
467095
507705
567967
527292
493260
500766
470947
512496
527178
477113
520490
443024
521809
512243
536241
523296
481425
479508
517651
444544
456732
518792
507773
505351
470728
534445
488297
461686
489411
513939
499336
562970
536098
519363
518652
545071
536966
514858
500048
482838
504497
491177
484234
493302
486002
527428
495346
474132
522190
506117
490831
554946
498054
