2626281
2597479
2371417
2424695
2651172
2814707
2968154
2371237
2429698
2292139
2378228
2695356
3960894
8239952
7788576
6634882
5826920
4351387
4738587
4297017
3488232
3917718
4198272
5283267
4757198
6230866
6056863
4932726
3983220
3906019
3275457
4414787
3781895
3627118
4441239
6671947
5521458
6644530
6057888
5895981
7234732
6854881
5949917
5525539
6381410
6814083
6234372
6458107
7085977
6775103
5845551
6893085
5525376
5185980
5636855
5081381
3986996
4058271
3888942
5182316
3703288
3959134
4274612
3405465
5048317
4100866
3856408
4356970
3746562
3565296
4349362
3921377
4364876
4318503
5020378
4524370
4206191
5292614
4728270
4128064
4478578
4517659
4858980
4612476
5409245
6697492
6656046
6348373
5951016
5767416
4452078
4475491
4299441
3830802
3953196
4050897
3676222
5721808
4949908
3323874
4185755
4608494
3599618
3586868
4601527
4084516
5075056
4932380
4946888
6003886
6331310
4906737
3799529
4513590
4214052
3730489
3701764
3614507
3828054
4302816
5244954
4678125
3639689
3639986
3451829
3943638
3743773
3612724
3657143
3668372
4107757
3689933
3546839
4225611
3945419
3252161
3921020
3578181
4349855
3862191
3847992
3757083
4141755
3401241
6855206
6525177
5028271
6379206
8514486
9237457
11170228
11303904
10381211
10355328
