2631910
2622225
2380080
2432126
2663123
2822346
2972807
2378229
2437738
2301484
2385654
2701994
4029025
8248118
7793721
6691225
5832206
4355929
4745681
4304762
3493704
3923794
4206700
5294896
4762936
6238658
6062556
4938259
3989752
3912715
3279502
4421799
3791194
3636498
4450092
6683042
5528092
6660963
6062872
5902549
7239714
6865163
5957405
5530339
6389539
6820284
6248933
6463278
7092675
6784216
5850687
6899967
5532323
5197008
5649973
5093415
3997186
4064170
3895275
5188121
3708104
3966745
4280592
3419049
5057276
4105558
3862114
4365011
3753631
3571806
4364757
3927985
4371588
4323705
5027067
4531406
4217019
5299395
4739723
4136905
4484182
4523794
4865172
4627294
5416093
6720691
6663145
6356759
5959303
6605948
4463461
4480703
4305671
3836397
3963221
4056724
3682089
5727124
4954139
3329992
4192055
4615716
3604605
3596386
4606680
4091687
5081331
4941454
4953710
6015823
6336367
4912045
3806243
5101657
4219245
3737687
3707997
3622043
3843361
4310570
5250497
4682576
3646403
3646147
3457966
3951388
3750573
3621532
3666736
3682677
4113578
4317093
3553968
4233571
3955423
3269659
3935613
3585429
4356633
3869426
3854323
3764107
4149488
3412469
6870978
6530026
5033749
6389041
8528172
10165625
11175243
11309436
10388837
10361001
