27659
40128
34112
30341
28091
29056
34378
30416
28480
29430
23627
32580
15426
29109
19631
21305
33805
28365
30790
28110
34028
34935
29998
31456
29567
30350
17286
30559
28067
30173
33148
29214
35175
29549
22033
32382
14577
28226
28270
30730
23929
32282
28989
24384
37270
29411
30464
29063
32893
26155
27570
31659
35403
35172
27674
20848
14154
31026
27776
29593
36469
22179
31836
31347
27129
18377
31254
27892
34526
29200
25777
14301
31286
30611
22200
32437
28531
27685
30158
39268
31627
39999
28841
40471
33118
20483
30513
13828
32330
27698
28818
30335
30886
19585
34677
29883
30778
29844
17858
19654
28380
30788
18891
23436
15095
29899
31824
28922
20979
15939
28636
31521
21409
36403
24518
27216
31439
19956
23614
29150
24277
28208
30677
28425
37897
29398
28465
30880
29098
15210
29777
30470
26070
28997
27152
33236
28271
36607
22436
35187
32644
31210
30105
35481
14438
30417
13386
34323
29137
28609
15741
29516
30655
29923
32005
49824
