35157
48842
42394
55356
35386
37146
41735
38899
36284
37665
34962
41109
22749
35905
25561
33072
40341
40575
37083
35137
41569
42973
37464
38350
35676
38040
23466
36443
36930
40798
41053
37916
43830
36387
28685
40507
23328
35468
38496
37955
31571
39060
35205
30530
44084
39999
39051
36294
41735
31777
34558
42122
42794
42525
34296
26503
21213
38192
35694
36013
43694
28977
38070
39441
34774
25531
38151
34335
41825
45757
32182
21763
40379
38716
28637
37745
34651
34721
38157
46006
38633
46628
38725
48850
42980
26377
37200
20012
39592
34417
35802
38195
38718
28988
41950
37718
37664
36524
22384
26991
36460
38352
26316
30970
21524
37814
39015
36001
28926
22191
36475
38099
29587
44108
32447
35186
38841
30482
31150
36356
32739
35232
37995
35181
44097
37236
35488
38083
36458
21606
37432
36767
34780
35870
48663
40234
36033
45896
31118
43353
39113
40894
38216
42733
22691
37504
19586
42680
35287
205290
22179
38438
36875
39354
39895
56379
