745496
725485
744447
750332
781206
864386
889767
790737
824235
777432
791211
746355
1944922
893199
1430673
1256555
1206535
1227231
1144017
904572
908939
979453
939489
908827
1114125
828250
1178796
957678
957495
1080695
964745
871360
1047678
970068
1128692
1070282
1312156
1038483
1094494
1067100
1278446
1295415
1140574
875629
927962
1063433
929322
910682
1391350
980498
1057657
1049642
1017475
1089078
791475
1138719
1080408
940907
1093100
858745
1248081
879893
980567
972510
906324
1093916
1028070
906834
983615
836584
780317
897430
1045997
950590
973795
974328
1134258
943449
1206319
900863
904480
974006
942883
848279
1134917
953930
1302781
939887
1311158
938871
913767
1037046
1126372
950189
1140862
936340
1023896
860815
1092957
877085
1164645
1080929
841960
846320
1143921
892787
858422
1253078
1502605
1018856
1065264
926658
1007207
998875
985159
879980
955718
793848
877681
841913
1249281
712297
854792
862145
808209
1194599
823903
919060
1056978
796677
840648
1229204
896193
918905
1076288
760586
1056546
741251
850815
759369
886151
930088
781400
867531
938907
778673
809512
974439
846407
848369
1039604
809866
844835
741389
753536
878974
