756060
733364
752034
757849
789163
872438
899657
805792
833282
784669
799102
753778
1954273
900530
1437122
1263604
1213590
1234951
1150738
912345
917092
986180
947316
915118
1120588
836571
1183862
964002
967264
1087554
973559
879566
1056390
977575
1135411
1076170
1326090
1045296
1101488
1073656
1284491
1302221
1145358
881232
934061
1070240
936337
917089
1406884
986925
1062974
1055520
1023882
1105283
797269
1145458
1085920
1328072
1098872
867164
1252358
887629
986310
980629
913133
1100461
1037612
913272
991164
842562
786297
905211
1056370
958235
980654
981559
1141046
951082
1213242
913201
911540
980107
952914
862946
1141660
960517
1308702
947989
1318643
946802
921040
1044627
1134359
957805
1149130
942790
1030714
867401
1100445
884028
1180663
1088962
848033
852475
1150376
900061
868514
1265025
1513384
1025108
1072534
935792
1025376
1005716
997339
890053
961983
801169
889759
848240
1278094
719800
884778
869610
814699
1201335
832427
925635
1063216
802521
850452
1236209
901396
926644
1082815
771600
1062919
747696
860181
766366
892715
935818
787520
874621
945361
785980
818298
980357
853863
854609
1046074
815734
851092
747618
760976
886059
