2235949
2357145
2169679
2324196
2391921
2344847
2330778
2353165
2436601
2273899
2221509
2372336
3323749
2763363
3363467
2942420
3691694
2437225
2650680
2524143
2429904
2461470
2528328
2429193
2823087
3492406
3249564
3304681
3415699
2801227
2976823
2568993
2765851
2871097
3263651
3251933
4076800
2998354
3318648
3108218
3586901
3249345
2949815
2735348
2993007
2846383
2854366
2846635
3249133
3910645
3362697
3378789
3454701
3146360
2968598
3138658
3021505
2858574
3043043
3002577
2852697
2623422
2919354
2934323
3047171
3079163
3238551
2698871
2770112
2557363
2832828
2997045
2997718
3501464
3467698
3063710
3248919
3292487
2733938
2811641
2656708
2694535
2826498
2834389
2979768
2900210
3031541
2939661
3012945
2661508
2685683
2683887
2755197
2959868
2910682
2522700
2985224
3620789
2602633
2745830
2979447
2832381
2318316
2692058
2336223
2290080
2651913
3210027
2743433
2872347
3077660
2463979
2735766
3164462
2778192
2604766
2712950
3079041
2765442
2519676
2694047
3253971
2975807
2940248
2560583
2732012
2724575
2555842
2611527
2462920
2694439
2547430
2528590
2345630
2579616
2556392
2688225
2519276
2419023
2355450
2204007
2385657
2745386
2649487
2661234
2708581
2771739
2893239
2798785
2493108
2433296
2641083
2453498
2522835
2675430
2506728
