2240502
2371509
2176316
2330470
2399293
2351430
2340506
2361810
2444072
2282003
2227793
2380086
3330636
2769625
3369962
2951001
3697361
2444609
2656648
2531075
2444921
2468288
2535128
2435110
2830434
3497979
3256801
3311734
3422043
2808282
2984836
2575823
2773295
2880353
3274128
3258961
4083212
3006352
3327106
3115022
3595773
3256405
2956832
2742138
3000088
2855612
2865246
2854098
3256075
3921237
3370307
3387004
3463263
3152352
2975482
3145632
3028231
2867171
3048408
3010260
2860205
2631473
2926329
2941252
3053764
3084567
3246567
2706650
2775967
2574748
2840860
3004155
3006690
3509667
3474643
3075520
3258178
3299715
2741009
2819148
2664082
2701242
2833361
2840212
2986610
2906252
3041478
2945271
3019122
2668317
2692080
2692329
2765988
2966574
2918305
2529259
2990375
3626319
2608556
2752338
2988143
2840704
2324823
2699402
2341740
2296932
2657551
3218878
2750426
2877544
3083729
2471334
2743752
3172276
2787078
2611109
2719483
3086827
2773375
2526920
2702289
3265511
2982862
2950510
2567979
2738635
2732562
2561401
2618181
2469880
2701276
2553642
2536200
2352021
2586700
2563793
2694822
2525012
2426851
2362143
2210076
2391866
2750737
2655355
2667628
2717270
2777980
2900271
2804885
2499451
2439659
2689338
2459265
2530928
2682490
2518447
