4805720
4823034
4684602
4710990
5427757
4735725
4787344
5033989
5018046
5623399
5519253
5600876
5574700
5678846
5585636
5593274
5615714
5334145
5392210
5483423
5118160
5079866
5029909
5019811
5047842
4959966
5038254
5516806
5128747
5278630
5197887
5160955
5209314
5150978
5034460
5111251
5172749
5701962
5474542
5215295
5463273
5216906
5259628
5556033
5692573
5398157
5517894
5532898
5581989
5737670
5545196
5574899
5388695
5535312
5545725
5314731
5473773
5425592
5457464
5425658
5359632
5278964
5434234
5322144
5453369
5368608
5241595
5291047
5193029
5209617
5309246
5279002
5118559
5324617
5369025
5526688
5387544
5244830
5357224
5393207
5287791
5357083
5290680
5480407
5437024
5521436
5689829
5399096
5422240
5327817
5409187
5450961
5384896
5394383
5382234
5309001
5516106
5345343
5316626
5229509
5603735
5450818
5383596
5349839
5531151
5507724
5458790
5592526
5576008
5635602
5546198
5544545
5496994
5256458
5070015
4985370
5147800
4977499
4909280
4901664
4901318
5233155
