4875947
4876064
4743621
4743846
5480917
4788754
4829962
5091030
5058538
5679508
5565983
5644787
5611458
5745506
5632724
5647585
5650311
5388118
5435089
5541562
5172179
5137207
5076124
5059943
5083615
4995829
5068023
5563957
5177884
5316579
5260891
5202709
5248459
5187089
5179118
5158871
5210846
5746144
5531377
5261066
5500550
5257060
5316155
5604446
5740797
5436374
5553763
5584151
5624205
5775140
5593597
5625870
5435060
5571152
5600244
5368657
5513913
5492143
5493022
5473961
5397331
5327706
5487585
5364781
5511853
5413740
5288014
5328704
5235072
5244461
5346291
5342544
5560854
5365283
5412198
5574207
5433666
5286858
5399836
5444370
5326733
5394036
5324408
5528982
5484957
5567923
5719922
5444464
5476632
5376686
5450130
5496055
5438642
5428583
5416967
5363817
5550623
5394974
5355134
5282269
5649611
5504031
5450222
5395646
5574901
5557019
5511535
5637452
5632518
5683694
5592551
5595521
5536069
5300948
5113887
5045595
5200144
5021952
4955649
4949969
4933647
5283541
