305130
316230
324399
309145
288926
169279
185073
352688
340467
196853
175421
203371
336424
358175
341426
397474
324242
354107
342826
167081
335064
179445
318894
342479
331569
308994
310760
301707
339563
341706
318673
342139
284966
332871
300923
366424
303389
358289
374605
379488
334763
205730
355355
350092
371659
386254
363442
231576
377841
390379
365515
302067
333910
356413
342671
299546
366507
386124
365356
397305
344705
361482
362406
279734
396165
304438
201800
369991
351906
299966
293172
374626
296387
343890
363542
313727
182260
327231
336070
365993
357441
256729
219300
359082
358626
267020
355977
295535
401902
309021
359621
360634
415019
377296
384388
221829
355514
351452
356703
390619
314762
370970
398003
192219
205013
343033
374140
323675
367714
419942
434515
367787
413447
295484
199293
338227
415111
284837
368928
172846
435586
318105
357734
341430
343562
365421
331769
181098
350452
307388
368183
388253
230132
305525
336839
359851
196738
387705
308533
330774
352411
297794
253293
361207
299887
321825
187727
346378
344487
344541
341454
207287
336169
361200
351407
368738
