330860
324867
332872
317560
298249
177122
191950
364548
348740
205693
186876
216030
343291
364910
347639
404461
332848
361184
350182
175965
348683
186405
329727
352222
338707
324258
323760
308722
345907
351968
324411
352944
296186
338956
312446
371356
315174
365932
379132
385749
342447
215482
360519
359248
379933
396796
368912
240366
386411
400651
376803
309185
344983
365733
349061
308192
371776
397081
371137
405810
374237
380541
374267
293922
405161
309485
730082
377901
372211
307372
304047
381979
307078
352014
369777
324718
189080
337129
342731
374928
365173
264597
227918
367215
364948
282568
361658
301957
409444
322923
365462
366526
420961
387291
393283
229011
360313
361827
362530
399900
325659
377082
403256
197513
213621
354359
380915
333818
377287
424587
442420
373457
421736
308807
207434
346016
420194
292258
376897
183522
441351
324991
362810
350035
351429
376165
341751
189555
356063
317657
376212
393777
239920
313251
343922
368445
600334
394779
322102
337697
360607
310666
259770
368754
311227
338177
202057
353641
351775
348654
348472
218707
344330
369086
357651
375858
