38046
47399
32364
41790
34059
42622
36640
34010
36702
32256
48452
37294
45390
19923
34746
55756
29227
31259
39928
22886
34273
31595
35868
30222
27707
28413
23276
22019
20718
37872
26213
35226
57477
24908
21327
23825
22741
27673
18881
27619
36526
23962
31903
35672
22451
27256
27534
20429
19393
27114
23681
22266
27526
28645
26889
26285
34649
38017
19945
33251
29062
31399
42391
33992
47249
33852
27184
27714
19596
29042
33262
33260
35500
26796
35341
33169
34076
45584
36429
27277
20630
34214
36867
21018
35747
29689
23591
24375
41853
25499
19439
20381
21273
18819
39835
30177
68945
19656
23433
24193
39259
21698
24793
18434
28139
21518
31157
28044
58206
20686
32199
32487
30965
24552
26353
23731
38745
36415
21361
36700
25566
24914
38985
28928
22811
52623
20110
37606
22583
41443
32470
46036
36041
34665
26742
33663
29941
37016
30377
32080
20466
31129
35326
47805
21713
40510
23418
21974
23893
19803
22344
22160
34867
44803
28208
26207
