63462
57000
41659
54590
41953
50950
46194
42408
44784
42878
59182
45792
54675
25766
42488
63789
35269
37573
47391
29612
45012
39314
40116
38556
35656
35348
38538
34073
27572
47036
39691
42670
63962
35331
26656
38217
29619
40058
28306
32871
49522
40044
41399
43778
32711
34489
36260
30372
26488
42037
34079
29540
32605
33769
32049
33772
43440
45261
27175
38106
38709
39608
59278
39531
55729
45418
33177
33515
24928
35557
39503
40916
44618
33578
43784
43325
40992
53199
49773
35461
28358
42091
44195
29780
43017
36560
30827
30572
45989
31312
24883
28010
26565
25544
47998
37216
733187
28094
33055
32816
48757
29178
34663
26738
34365
29821
37226
37783
65867
30674
37494
36833
36658
30425
37068
29088
44589
43204
34805
41444
35786
32637
46043
39775
31049
59671
26558
45964
33172
47445
45742
54210
41868
45675
32610
40778
36950
43343
40185
40908
25853
37488
43413
56534
26074
58060
28391
29361
36633
25433
32154
27765
43053
50599
34073
32216
