8706711
8552309
9037845
8676398
8433337
15035703
18329470
21053650
24164535
29296428
30007810
30006456
30001227
30007823
30008048
30006214
30006172
30002566
30004005
30002020
30004955
30007751
30004174
30000229
30003066
30012738
30005297
30003518
30002135
30002364
30002652
30005180
30006200
30005147
30003651
30003355
30004662
30002805
30005152
30006935
30003030
30001629
30007933
30005364
30011167
30001648
30002325
30010477
30003346
30005459
30003401
30003703
30005073
30001333
30003283
30003422
30003500
29999484
30004692
30002059
30003653
30005304
30005832
30002568
30007897
30007821
30002800
30003738
30010263
30001332
