317329
308965
291437
330787
310798
279920
292335
326288
329201
313290
311805
306958
274721
317576
354226
293899
297777
331104
276883
292447
311282
283064
259093
290641
301657
266158
301366
350252
283846
273379
316008
301453
284361
286958
287568
332585
342859
311219
301189
363795
324871
291730
389598
312598
346287
324072
333095
295223
357867
297755
294191
298294
308239
358348
291188
289810
339057
288817
291477
311967
285091
263681
269942
297280
289654
320585
286551
277822
276679
325299
265726
308695
263128
305831
319511
267810
272684
306966
287382
264448
282604
311823
308301
305670
254109
274325
297211
340063
283094
319603
284320
296241
301068
276599
278503
310414
268531
357944
296949
299306
284066
326555
274972
302845
275786
359118
277750
279020
350097
304678
299440
328875
319698
296463
266108
329728
279733
322957
336222
296479
300541
279662
291558
249753
284341
294773
270471
313634
283484
306249
320682
333991
268803
323911
330584
325885
314079
329108
295233
287703
319231
318237
281428
295753
279268
273795
290845
348982
340001
272159
337912
311113
385909
309435
312641
296011
