325981
319739
319356
341548
321884
299505
301349
334796
339239
329793
320241
317171
283803
327703
359553
300755
309173
340653
284634
299503
320596
408097
268018
297594
307175
274924
309521
362300
289206
281272
324858
308828
292800
295600
295302
340154
352629
317505
306493
370926
332226
299038
394538
326578
362497
330200
341476
305491
369789
312899
304599
305367
316305
370530
298618
296955
346164
297924
299206
318629
291521
275367
282431
305664
308634
328725
292614
285327
298786
334127
281165
323226
271585
321582
328699
276546
289590
313169
293204
271343
291265
319162
319485
314539
263628
283079
312637
347192
293947
327815
290265
308205
306215
282025
286085
317332
281027
365790
302495
310076
289161
339745
281492
308942
285009
372519
283957
289130
371698
320449
304977
337706
325973
303912
275482
339608
285720
330876
346591
305391
309448
288035
306338
257972
292553
302572
282692
323956
292206
315051
327075
340449
282386
338985
339400
334668
321616
336868
304585
296007
329337
330662
292363
305737
289038
280870
296845
357623
351254
281329
348369
316416
392372
319329
325076
306356
