38944
31876
44618
36158
18673
19144
45208
37043
22931
36012
38171
35517
29945
23077
21994
40236
44391
18959
44760
25849
39812
22704
33091
28134
24422
26795
32181
34748
45415
22068
28596
32088
22545
57283
37386
33307
27667
37039
22702
39873
26427
33877
28376
23443
19645
28868
29600
28319
32971
31025
38037
28973
25801
41374
24746
28471
40689
39690
41033
42267
33169
26477
35208
39856
43537
31294
31067
67396
41336
45368
39957
38087
29340
36460
32734
26229
40240
54893
51157
35690
36890
19449
45830
42989
35224
24606
19241
36057
30445
26234
23005
18829
29166
22253
28381
40601
37469
26954
21265
19136
32413
31787
21429
30009
24388
31265
23943
33072
18727
20384
29008
35508
18998
31860
20418
21919
35392
28809
33820
42922
20421
35860
35793
34744
23552
31042
38822
40298
26722
20846
47077
36984
43859
26167
22589
18584
28289
35685
34094
19327
46425
31629
38084
37317
23296
18982
39825
23756
27206
29273
24452
38541
36210
33922
32189
28564
