61957
42239
53282
45364
28112
27893
53939
45027
32444
48054
46305
43542
37968
28937
28456
46087
52403
26754
56874
33110
47977
29286
39723
37804
34847
52430
43033
44791
53271
30854
35018
37350
32950
64114
42937
44245
33401
52451
30285
49055
35493
50210
41471
32548
27437
38539
37661
37335
41656
38109
47626
40813
39453
47221
30457
42158
47139
47315
49516
52238
42886
38767
42292
49460
50295
41226
39646
103149
47580
52716
49564
47001
42277
44054
45222
39025
56765
63018
59778
43948
44381
29437
53000
50584
42981
30683
40219
42720
49403
30826
32091
24671
37745
26815
38014
49418
45625
32422
29569
24772
42381
38156
31552
35734
30101
39346
31935
40032
26345
28946
33786
44609
24849
42770
33047
28177
50667
36419
44137
49054
29000
46241
41939
41356
31752
40329
45962
48991
35774
27662
55221
45051
50979
35592
28225
25389
37997
41805
43726
142500
54238
38914
46470
50032
33778
25582
47359
31973
33252
35484
29908
46987
42460
40791
38917
34490
