2453876
2300352
2118622
2226937
2369071
2551865
2616188
2448210
2393814
2518250
2319564
2260510
4169129
2948737
7365065
8226062
7466573
7165555
6358355
5417860
4257232
4069265
5015091
5391370
5135907
5752354
4778242
5339420
6575661
6131314
5229242
4506485
4339163
5386094
5688298
6142684
5370083
4292551
4695401
3381449
4091714
4741157
5250753
4585571
4865746
4404548
4717973
4667070
4218231
4754470
5245334
4425544
4184568
3908873
2621285
3649330
3325814
3414266
3140607
3417414
3087700
3536730
3019162
2940921
3642537
3149295
3192145
3159259
2864517
2890045
3510522
3863354
3331401
3803333
3441122
3838700
3941479
3356891
3191029
2872515
3134649
3624278
3752420
4183810
3363608
3441890
4866651
4089237
3275638
4614341
4024246
3546970
3510682
3711768
3845924
5049928
3888387
4063584
3940399
3303327
2974398
3906071
2846542
3527115
3960259
4232694
3832593
5127411
4412870
4777980
5576756
4220718
4376933
5664783
4818340
3358711
3182296
3669854
3582376
4140549
3210493
3152061
4005949
3124750
3351641
3404330
3606409
3484137
3162525
3266823
3673537
3319291
3622238
3678819
4330110
3747629
3909916
3496739
3732856
3448366
2938840
3415007
4223730
5632627
5195405
5356592
5194249
6587119
8073924
8727615
11179840
13775431
13092949
14170469
