2460063
2309642
2141637
2234804
2377605
2558730
2622519
2456396
2402953
2527767
2325487
2270370
4174672
2958111
7382008
8240661
7475973
7174166
6369574
5424194
4268471
4074917
5023667
5399989
5145712
5759836
4797642
5348052
6587061
6136520
5237237
4519102
4346314
5394156
5693706
6151862
5387770
4301154
4700879
3386377
4098158
4748072
5264355
4589090
4875525
4412096
4723870
4671953
4223585
4760827
5251308
4431631
4194497
3914001
2626921
3656226
3333384
3422398
3146949
3425539
3093335
3544685
3025080
2949730
3648699
3173334
3197864
3169933
2871915
2901938
3519611
3870893
3339334
3810608
3450010
3854435
3954615
3363783
3197762
2882063
3143274
3634644
3759299
4193155
3370072
3449682
4876604
4094530
3283877
4619951
4034876
3552220
3524700
3719614
3855728
5056226
3898411
4076450
3946204
3308550
2982891
3918434
2854508
3531978
3966992
4239091
3840324
5147710
4420914
4785196
5583017
4230978
4383276
5669728
4824807
3363513
3193312
3678557
3588139
4147485
3218234
3179317
4014220
3136446
3360015
3410262
3614348
3490395
3169885
3274019
3683174
3330616
3629068
3684675
4336177
3755785
3919006
3507232
3739305
3454646
2945142
3426666
4239839
5655134
5209561
5371895
5200691
6596835
8080363
8743061
11190102
13780223
13108874
14184387
