323997
321853
336472
321304
327409
319340
298340
323845
322674
312759
324698
305313
311210
327755
311506
285318
287038
320745
316202
317979
305476
330411
310081
324630
277727
332257
321688
307379
314115
313496
277988
315875
300164
298744
300214
303524
283534
300774
327493
343701
309711
277350
337912
295568
322542
313644
287554
315387
313690
312848
280274
303764
317393
301470
323076
339677
320832
321927
295314
299588
306267
313001
281881
307607
273280
286605
278916
318144
320103
295366
321014
280326
317652
299806
314264
286660
310984
286276
280178
292535
309715
320615
310264
303408
304387
323693
281973
279897
325463
321769
317934
320489
315278
284786
293136
310080
297282
317796
293803
308702
291664
281602
316771
306237
312725
307596
303092
320644
293070
311437
315853
319394
346564
318300
304302
299331
320658
284702
315555
335052
290319
320001
303955
315637
299549
307968
321549
317968
315726
313553
309202
313460
321718
266515
326574
306606
285263
318128
321889
305500
317397
320518
307826
301962
307652
326704
303637
316759
320388
291884
319444
268154
277646
296014
336992
317497
