349010
331886
346127
333220
339391
329469
307866
333185
331789
323183
334536
314910
323251
337516
318877
293428
296198
330524
326012
327226
315420
339916
319845
333739
288145
340895
331165
316221
323312
322113
287429
325655
309441
307897
310100
311847
291389
310760
337812
352815
318668
285932
346271
304225
331402
322617
297610
324259
323957
321522
288809
313822
326951
310124
331850
348907
329647
331751
305083
308807
316094
321764
290326
316427
285107
296917
287964
327117
329725
304919
330115
290180
326508
308717
324383
295609
320184
295241
290565
301963
319032
329760
317978
312987
313602
332451
293467
288549
333537
330741
326245
330381
324292
293164
302382
318413
306299
326269
303940
318181
300088
290153
326606
315014
323646
316784
311503
329357
302059
320436
325553
327050
355494
326993
313266
308304
329633
293940
325041
343741
300260
329255
312998
324561
309573
317327
330968
326795
324722
324188
321782
324302
333653
276560
335316
315906
300193
328492
330632
315023
326771
329325
316519
311122
316964
336544
312279
326915
330221
301347
332033
285585
290102
304594
345471
326586
