aes-nodejs-100000-101000

Metric              10             200            300            400            
cpu-cycles          3067870881     3181326453     3165366676     3177640639     
instructions        2970881261     3098247476     3007756451     3067550383     
context-switches    20573          18824          19329          18299          
cpi                 1.03265        1.02681        1.05240        1.03589        
ipc                 0.96839        0.97389        0.95021        0.96535        
user-util           8.86000        29.37000       49.08000       50.26000       
system-util         9.67000        12.50000       17.15000       17.38000       
idle-util           80.60000       57.53000       33.20000       31.76000       
issued_req          156            156            156            156            
completed_req       156            156            156            156            
dur-mean            94671.00000    96047.33333    98509.13462    96055.40385    
dur-stddev          12775.14774    16446.75289    18256.70544    16179.00620    
dur-min             58696          47327          53647          62017          
dur-max             136665         145005         172224         167050         
dur-p25             88115.00000    85327.75000    86717.75000    85631.25000    
dur-p50             94283.00000    96679.50000    95055.50000    93349.00000    
dur-p75             100395.00000   107073.50000   108287.00000   102478.00000   
dur-p95             115920.50000   121798.75000   130507.75000   128693.00000   
lat-mean            128753.85897   127211.36538   134802.55769   126285.87821   
lat-stddev          13257.10145    17768.64369    63731.80475    21287.87720    
lat-min             93925          68798          88857          94618          
lat-max             176958         173373         660448         285380         
lat-p25             121582.75000   115665.00000   111731.75000   114541.00000   
lat-p50             127724.50000   128274.50000   124908.50000   122717.00000   
lat-p75             135188.75000   140487.75000   142009.25000   133053.25000   
lat-p95             149761.25000   152153.50000   168150.50000   160766.25000   




aes-nodejs-700000-707000

Metric              10             200            300            400            
cpu-cycles          19693627623    19906813966    20094831161    20112230937    
instructions        18973628167    18942079363    19093073214    19247475160    
context-switches    61366          53353          50343          48960          
cpi                 1.03795        1.05093        1.05247        1.04493        
ipc                 0.96344        0.95154        0.95015        0.95700        
user-util           9.17000        29.48000       49.02000       49.96000       
system-util         9.72000        12.57000       16.97000       17.14000       
idle-util           80.21000       57.37000       33.41000       32.30000       
issued_req          156            156            156            156            
completed_req       156            156            156            156            
dur-mean            384400.51282   400112.58974   414308.98718   410243.64744   
dur-stddev          22364.54613    25273.26792    39822.95421    32885.31562    
dur-min             338270         348870         358787         352162         
dur-max             445152         468637         603887         521630         
dur-p25             366458.25000   379331.75000   390159.75000   387515.25000   
dur-p50             383723.00000   396687.00000   404533.00000   404682.00000   
dur-p75             397770.50000   420435.25000   430502.25000   424902.00000   
dur-p95             424181.50000   440980.00000   477568.00000   473643.25000   
lat-mean            498688.91667   512557.37821   519464.01923   523038.48077   
lat-stddev          23518.49338    26340.23740    43748.67965    72832.80897    
lat-min             451234         455200         446193         450871         
lat-max             572964         580293         724255         1250202        
lat-p25             482098.00000   493219.75000   493425.00000   488624.50000   
lat-p50             496604.00000   510611.00000   513090.50000   512796.50000   
lat-p75             515558.50000   530992.25000   535746.00000   540233.25000   
lat-p95             539221.50000   555534.50000   591852.75000   605406.50000   




aes-go-1000000-1010000

Metric              10             200            300            400            
cpu-cycles          28610222973    28311375432    27833646884    28311803378    
instructions        27077354296    26828057012    26595417519    26932027596    
context-switches    79860          62326          52362          53822          
cpi                 1.05661        1.05529        1.04656        1.05123        
ipc                 0.94642        0.94761        0.95551        0.95126        
user-util           13.19000       29.93000       49.03000       49.88000       
system-util         10.16000       13.00000       17.05000       17.14000       
idle-util           75.78000       56.50000       33.35000       32.39000       
issued_req          156            156            156            156            
completed_req       156            156            156            156            
dur-mean            67647.51923    62794.82692    57382.08333    57516.43590    
dur-stddev          13242.29384    13010.75650    13928.34440    15062.59137    
dur-min             31682          30099          25482          27767          
dur-max             114343         103044         91829          136899         
dur-p25             58360.50000    53979.25000    46959.75000    46694.25000    
dur-p50             67732.50000    62489.00000    57118.00000    56292.00000    
dur-p75             74428.75000    71493.25000    66016.25000    65648.50000    
dur-p95             90230.75000    85784.00000    81368.50000    82660.25000    
lat-mean            216401.37821   211724.73718   196315.07692   199190.52564   
lat-stddev          15553.80976    29754.57057    23607.22512    39279.55741    
lat-min             178916         150875         143029         136357         
lat-max             269569         479740         293830         593654         
lat-p25             205766.75000   196895.75000   179294.75000   180158.75000   
lat-p50             216253.50000   210687.50000   192194.50000   195659.00000   
lat-p75             225934.00000   222424.50000   211955.00000   212163.50000   
lat-p95             242454.50000   245021.00000   236173.50000   237951.75000   




aes-python-500-505

Metric              10             200            300            400            
cpu-cycles          21505552178    18961752413    18636811367    18848051119    
instructions        7367011879     7464185081     6902745344     6816677211     
context-switches    484350         492413         453378         444687         
cpi                 2.91917        2.54036        2.69991        2.76499        
ipc                 0.34256        0.39364        0.37038        0.36166        
user-util           8.94000        29.16000       48.99000       49.99000       
system-util         9.62000        12.58000       17.11000       17.50000       
idle-util           80.59000       57.71000       33.31000       31.94000       
issued_req          156            156            156            156            
completed_req       156            156            156            156            
dur-mean            30124.17308    27645.91026    25544.38462    23890.56410    
dur-stddev          2509.44392     6460.84972     7334.98267     6417.49296     
dur-min             19877          13291          13211          13407          
dur-max             39580          45604          44246          40441          
dur-p25             28884.25000    23591.50000    19621.50000    18461.25000    
dur-p50             29762.50000    28487.50000    26214.50000    24489.50000    
dur-p75             31195.25000    31598.50000    29581.50000    29132.75000    
dur-p95             34432.00000    38428.25000    39672.75000    34197.50000    
lat-mean            38488.17949    35493.87821    33733.81410    38084.72436    
lat-stddev          3118.33680     7140.97842     8415.14826     53757.43744    
lat-min             27319          18605          18512          18803          
lat-max             58847          54582          56952          657688         
lat-p25             37002.25000    30615.00000    27285.25000    26008.50000    
lat-p50             37958.00000    36475.00000    33868.00000    32175.50000    
lat-p75             39634.00000    39246.25000    38887.50000    37999.50000    
lat-p95             43824.75000    47761.00000    48627.50000    44951.00000    




aes-python-45000-45450

Metric              10             200            300            400            
cpu-cycles          288691684862   287267535976   288557267239   290075669846   
instructions        188803889525   190221620962   189327007018   189126059961   
context-switches    483416         475911         464622         469803         
cpi                 1.52906        1.51017        1.52412        1.53377        
ipc                 0.65400        0.66218        0.65612        0.65199        
user-util           10.17000       30.02000       49.34000       50.48000       
system-util         9.60000        12.38000       16.90000       17.18000       
idle-util           79.32000       57.05000       33.17000       31.75000       
issued_req          156            156            156            156            
completed_req       156            156            156            156            
dur-mean            1036318.57692  1146070.99359  1212649.27564  1212782.78846  
dur-stddev          54200.42987    76765.44555    101760.64977   88693.06298    
dur-min             967626         1007849        1014335        1039005        
dur-max             1514656        1714328        1916224        1949122        
dur-p25             1003008.75000  1099742.50000  1170414.00000  1165399.50000  
dur-p50             1024569.50000  1137006.00000  1203008.50000  1204098.00000  
dur-p75             1053204.00000  1185112.75000  1242261.00000  1243087.75000  
dur-p95             1098630.00000  1246620.50000  1316198.00000  1337029.00000  
lat-mean            1057572.14103  1164713.31410  1235005.21154  1242091.21795  
lat-stddev          53984.50729    76692.12360    107679.92656   128867.05675   
lat-min             990285         1023082        1035604        1063058        
lat-max             1535164        1734905        1935478        2104155        
lat-p25             1026431.25000  1118639.75000  1191657.75000  1183485.25000  
lat-p50             1046036.00000  1154452.00000  1224053.50000  1224196.50000  
lat-p75             1074629.00000  1203729.25000  1260691.25000  1269240.25000  
lat-p95             1120169.75000  1267630.50000  1344104.75000  1355585.50000  




aes-python-200000-202000

Metric              10             200            300            400            
cpu-cycles          1071094476816  1022482825594  1004209651518  958976308934   
instructions        722075623830   688952015118   672668139293   640527305240   
context-switches    489562         457734         509548         518762         
cpi                 1.48335        1.48411        1.49288        1.49717        
ipc                 0.67415        0.67380        0.66985        0.66793        
user-util           12.63000       32.93000       51.78000       52.67000       
system-util         9.35000        12.23000       16.51000       16.78000       
idle-util           77.00000       54.31000       31.17000       30.01000       
issued_req          137            131            128            122            
completed_req       136            131            127            121            
dur-mean            4498599.17647  4996759.43511  5281483.74016  5289593.14876  
dur-stddev          92121.32514    146027.14173   196803.77658   282545.24937   
dur-min             4335908        4557250        4583520        4715000        
dur-max             4917740        5411098        6352083        6655600        
dur-p25             4444026.50000  4911987.00000  5188973.50000  5078334.00000  
dur-p50             4478099.00000  5007926.00000  5281328.00000  5300685.00000  
dur-p75             4538961.00000  5078021.50000  5392025.00000  5434665.00000  
dur-p95             4652659.50000  5203878.00000  5536685.10000  5660556.00000  
lat-mean            4551768.26471  5046800.04580  5331576.21260  5342735.59504  
lat-stddev          92123.22785    146507.13917   204185.52852   289375.39076   
lat-min             4393840        4614033        4630733        4769227        
lat-max             4972620        5442497        6393115        6716504        
lat-p25             4494187.75000  4961098.00000  5230574.00000  5126011.00000  
lat-p50             4531881.50000  5060809.00000  5328397.00000  5359379.00000  
lat-p75             4595035.00000  5131942.50000  5439736.50000  5493139.00000  
lat-p95             4710545.00000  5253358.00000  5594756.20000  5712582.00000  




fibonacci-go-70000-70700

Metric              10             200            300            400            
cpu-cycles          263221078      260425177      291523160      288944685      
instructions        133197614      130289328      130086482      124986850      
context-switches    4928           4504           5247           4369           
cpi                 1.97617        1.99882        2.24100        2.31180        
ipc                 0.50603        0.50029        0.44623        0.43256        
user-util           8.73000        28.98000       48.68000       49.91000       
system-util         9.62000        12.45000       16.99000       17.29000       
idle-util           80.76000       57.97000       33.75000       32.19000       
issued_req          156            156            156            156            
completed_req       156            156            156            156            
dur-mean            49407.33333    46563.13462    43611.94231    42875.43590    
dur-stddev          8089.08754     8463.94302     8274.04329     9510.60752     
dur-min             28086          28367          27584          27740          
dur-max             67115          65298          64066          82269          
dur-p25             44261.25000    42715.25000    37625.25000    35242.00000    
dur-p50             46245.00000    45633.00000    43677.50000    42585.00000    
dur-p75             56106.25000    53079.25000    48721.25000    47816.25000    
dur-p95             63877.25000    60869.25000    59814.50000    60342.75000    
lat-mean            58623.28846    55260.46154    52914.52564    51951.89744    
lat-stddev          8363.20285     9232.98978     9669.82449     10313.90414    
lat-min             32285          34355          34814          34135          
lat-max             77482          82657          84019          97451          
lat-p25             53103.50000    50273.50000    46200.75000    43749.75000    
lat-p50             55753.50000    53754.50000    52859.00000    51588.50000    
lat-p75             65635.50000    61674.00000    58714.50000    57169.50000    
lat-p95             73387.50000    70452.75000    68924.50000    72027.50000    




fibonacci-go-200000-202000

Metric              10             200            300            400            
cpu-cycles          350004655      338426641      362981585      364730087      
instructions        187550964      186216154      180132625      198293756      
context-switches    5382           5477           5635           5490           
cpi                 1.86618        1.81739        2.01508        1.83934        
ipc                 0.53585        0.55024        0.49626        0.54367        
user-util           9.33000        29.28000       49.19000       50.12000       
system-util         9.69000        12.47000       17.04000       17.09000       
idle-util           80.12000       57.68000       33.18000       32.21000       
issued_req          156            156            156            156            
completed_req       156            156            156            156            
dur-mean            308474.27564   302407.75641   304512.98077   299381.58974   
dur-stddev          16095.04715    19520.70867    25811.69764    22568.78739    
dur-min             266515         250707         248930         250890         
dur-max             346564         352820         440684         353285         
dur-p25             299184.25000   290060.00000   286041.50000   282905.50000   
dur-p50             311471.50000   302905.50000   302065.00000   296305.00000   
dur-p75             320413.25000   317918.25000   318827.00000   314441.00000   
dur-p95             330872.50000   332714.75000   345649.50000   342432.00000   
lat-mean            318056.24359   311232.53205   318642.57692   313844.92949   
lat-stddev          16056.98145    19803.51480    49496.09868    63064.24622    
lat-min             276560         259511         256373         260239         
lat-max             355494         362903         780202         1045519        
lat-p25             308202.25000   298092.75000   295629.75000   292549.50000   
lat-p50             321643.00000   312823.50000   311539.50000   305553.50000   
lat-p75             329636.50000   326398.25000   329055.75000   325325.75000   
lat-p95             341606.50000   342232.00000   359740.50000   353977.25000   




fibonacci-go-450000-454500

Metric              10             200            300            400            
cpu-cycles          452159326      449382995      506635512      455490473      
instructions        274286235      292366568      331882838      255081887      
context-switches    6462           7146           6828           5760           
cpi                 1.64849        1.53705        1.52655        1.78566        
ipc                 0.60661        0.65060        0.65507        0.56002        
user-util           10.30000       30.64000       49.91000       50.76000       
system-util         9.50000        12.42000       16.74000       16.88000       
idle-util           79.29000       56.37000       32.78000       31.77000       
issued_req          156            156            156            156            
completed_req       156            156            156            156            
dur-mean            1688208.35897  1673218.97436  1657558.05128  1685675.99359  
dur-stddev          44268.07222    52754.68270    63416.55902    82560.07709    
dur-min             1573087        1553818        1504734        1529935        
dur-max             1816345        1880138        1879788        2076698        
dur-p25             1658408.75000  1642107.75000  1614947.75000  1629142.75000  
dur-p50             1688653.50000  1667249.50000  1654883.50000  1668342.00000  
dur-p75             1715626.75000  1703968.00000  1693151.75000  1720491.75000  
dur-p95             1766881.75000  1764610.00000  1763240.25000  1831421.75000  
lat-mean            1698715.80128  1686867.36538  1668872.25641  1703498.35897  
lat-stddev          44464.32463    65239.21953    64537.34427    102261.46985   
lat-min             1583374        1562652        1512754        1537097        
lat-max             1826555        2046175        1900091        2319192        
lat-p25             1668492.00000  1652462.75000  1624323.25000  1640590.25000  
lat-p50             1698288.00000  1678137.00000  1666923.50000  1682094.50000  
lat-p75             1726286.25000  1713767.50000  1703213.50000  1730822.50000  
lat-p95             1777581.75000  1783819.75000  1777738.50000  1892699.00000  




fibonacci-python-20000-20200

Metric              10             200            300            400            
cpu-cycles          22687685246    20194052448    20261594915    20248340144    
instructions        12941636875    13003865262    12524590477    12409733287    
context-switches    482691         489750         450664         443547         
cpi                 1.75308        1.55293        1.61775        1.63165        
ipc                 0.57043        0.64395        0.61814        0.61288        
user-util           8.98000        29.24000       48.75000       49.57000       
system-util         9.62000        12.55000       17.17000       17.31000       
idle-util           80.52000       57.65000       33.51000       32.53000       
issued_req          156            156            156            156            
completed_req       156            156            156            156            
dur-mean            36465.55128    34053.13462    31160.00641    30951.75000    
dur-stddev          4298.24357     6956.61954     8480.16465     8916.25767     
dur-min             18903          18654          18436          18434          
dur-max             47806          51219          55944          68945          
dur-p25             35301.50000    30503.00000    23893.50000    23718.50000    
dur-p50             36729.00000    34947.50000    30321.00000    29815.00000    
dur-p75             38183.00000    37814.75000    37177.25000    35777.25000    
dur-p95             42607.25000    45500.00000    46320.75000    47286.50000    
lat-mean            45051.26923    43607.60256    39648.54487    43446.98718    
lat-stddev          4877.03078     18718.05641    9102.82071     56140.99694    
lat-min             26354          24708          23570          24883          
lat-max             68639          257755         68499          733187         
lat-p25             43402.25000    38898.50000    32584.50000    32608.75000    
lat-p50             45320.00000    43047.00000    38545.00000    37944.50000    
lat-p75             46853.25000    45860.25000    45828.25000    43886.75000    
lat-p95             51154.25000    54246.00000    54826.25000    58340.50000    




fibonacci-python-200000-202000

Metric              10             200            300            400            
cpu-cycles          220617959476   219013024071   217898119848   218911702415   
instructions        601657930914   601932604516   599493375483   601947563161   
context-switches    464248         464770         448797         440798         
cpi                 0.36668        0.36385        0.36347        0.36367        
ipc                 2.72715        2.74839        2.75126        2.74973        
user-util           9.94000        29.97000       49.27000       50.31000       
system-util         9.56000        12.47000       16.75000       17.26000       
idle-util           79.60000       57.01000       33.39000       31.85000       
issued_req          156            156            156            156            
completed_req       156            156            156            156            
dur-mean            779821.55128   840092.27564   863096.53846   868896.07692   
dur-stddev          36074.05079    44886.15613    39282.89344    37464.44428    
dur-min             731765         753627         748357         783185         
dur-max             936365         954505         982110         976456         
dur-p25             754272.00000   807364.50000   833060.25000   842292.75000   
dur-p50             773414.00000   834749.00000   859386.50000   869335.00000   
dur-p75             794170.00000   866711.25000   889389.25000   891212.00000   
dur-p95             843327.00000   923591.00000   940294.75000   938345.00000   
lat-mean            789280.88462   849655.53846   881824.51923   883190.28205   
lat-stddev          35969.29325    45236.20652    94500.75927    65055.95875    
lat-min             741202         761067         758234         791624         
lat-max             946352         974208         1734300        1534105        
lat-p25             764087.75000   816307.50000   845219.75000   851374.25000   
lat-p50             782662.00000   843003.50000   869258.00000   877587.00000   
lat-p75             803028.00000   876879.50000   898280.75000   900095.75000   
lat-p95             852002.50000   931718.75000   953860.25000   954278.25000   




gptj-python

Metric              10             200            300            400            
cpu-cycles          1697557772     1732711944     2076911061     2063554818     
instructions        484101765      489623925      474473449      447521569      
context-switches    28475          27013          27490          24615          
cpi                 3.50661        3.53886        4.37730        4.61107        
ipc                 0.28518        0.28258        0.22845        0.21687        
user-util           8.84000        29.12000       48.72000       49.41000       
system-util         9.46000        12.46000       17.12000       17.17000       
idle-util           80.83000       57.85000       33.57000       32.82000       
issued_req          156            156            156            156            
completed_req       156            156            156            156            
dur-mean            2526.28205     2211.83974     2588.93590     2775.51923     
dur-stddev          952.94107      533.20633      1600.12694     2159.10744     
dur-min             1506           1171           1129           1236           
dur-max             10447          5464           12481          16945          
dur-p25             2246.75000     1924.00000     1721.25000     1649.75000     
dur-p50             2366.50000     2207.00000     2121.00000     2160.50000     
dur-p75             2513.25000     2399.75000     2553.50000     2735.25000     
dur-p95             3151.00000     2818.25000     6293.25000     6612.75000     
lat-mean            10535.12821    11996.40385    15438.94231    13643.75641    
lat-stddev          1658.38765     21361.74058    40708.44268    31020.86236    
lat-min             7899           5591           5068           5508           
lat-max             23572          273972         410614         396203         
lat-p25             9777.25000     9092.25000     8651.50000     8632.25000     
lat-p50             10118.50000    9561.50000     10257.00000    9958.50000     
lat-p75             10880.75000    10419.50000    12255.50000    12307.00000    
lat-p95             12861.00000    14622.25000    20003.25000    21311.50000    




image-rotate-go-3

Metric              10             200            300            400            
cpu-cycles          240458895      235315804      263254345      264955472      
instructions        107763298      113289275      113382356      109626615      
context-switches    3519           4776           4279           4107           
cpi                 2.23136        2.07712        2.32183        2.41689        
ipc                 0.44816        0.48144        0.43070        0.41375        
user-util           13.45000       33.16000       51.76000       52.90000       
system-util         9.22000        12.12000       16.21000       16.46000       
idle-util           76.36000       54.13000       31.45000       30.05000       
issued_req          156            151            155            156            
completed_req       156            150            154            155            
dur-mean            3425972.20513  3629648.54667  3744946.31818  3753375.14839  
dur-stddev          69829.00231    100028.79141   120905.49941   129362.38020   
dur-min             3312918        3499724        3551226        3479358        
dur-max             3775278        4095304        4161792        4552905        
dur-p25             3385797.75000  3565588.00000  3669992.25000  3672392.00000  
dur-p50             3406275.50000  3594686.00000  3710119.50000  3721884.00000  
dur-p75             3455509.25000  3663265.25000  3784382.75000  3814822.00000  
dur-p95             3553239.50000  3813547.00000  4035014.20000  3979058.00000  
lat-mean            3434332.89103  3637914.79333  3757005.57792  3774411.99355  
lat-stddev          70344.42277    99849.49518    125409.46723   158405.40246   
lat-min             3320976        3507445        3560608        3487807        
lat-max             3784914        4102509        4169432        4650501        
lat-p25             3393778.75000  3574549.75000  3679461.00000  3686262.50000  
lat-p50             3414370.50000  3602561.00000  3721472.50000  3729913.00000  
lat-p75             3463119.00000  3673142.75000  3805244.75000  3824636.50000  
lat-p95             3561861.50000  3823279.80000  4063757.95000  4023962.00000  




image-rotate-go-6

Metric              10             200            300            400            
cpu-cycles          221731115      270837272      261876676      271548159      
instructions        112756725      169028331      124757323      111711322      
context-switches    3956           4622           4181           4309           
cpi                 1.96646        1.60232        2.09909        2.43080        
ipc                 0.50853        0.62410        0.47640        0.41139        
user-util           10.17000       30.15000       49.69000       50.36000       
system-util         9.35000        12.30000       16.84000       17.12000       
idle-util           79.60000       56.97000       32.89000       31.95000       
issued_req          156            156            156            156            
completed_req       156            156            156            156            
dur-mean            743641.60256   780441.00641   809768.87821   810303.63462   
dur-stddev          25546.73889    38202.26800    50651.92347    56674.72369    
dur-min             701150         726204         737167         727548         
dur-max             853337         1008386        1183806        1218542        
dur-p25             723070.00000   757548.75000   782170.75000   773868.25000   
dur-p50             739885.50000   774432.50000   801597.50000   802161.00000   
dur-p75             758388.00000   795867.50000   823746.50000   831762.50000   
dur-p95             792174.75000   836080.25000   882138.25000   894840.75000   
lat-mean            752213.38462   788902.16026   822291.82692   831948.69872   
lat-stddev          25792.36514    38041.64126    67524.85611    93368.11190    
lat-min             709397         732996         745119         732743         
lat-max             862188         1015606        1372001        1435293        
lat-p25             731481.50000   765623.75000   789161.25000   784240.50000   
lat-p50             747777.00000   782358.00000   811116.50000   810723.50000   
lat-p75             767817.75000   804072.75000   833759.00000   844329.00000   
lat-p95             801027.00000   843832.50000   893835.00000   925927.00000   




image-rotate-go-14

Metric              10             200            300            400            
cpu-cycles          239814078      250060488      260738933      256093615      
instructions        109402128      136016164      114272627      110379030      
context-switches    3957           4633           4482           4250           
cpi                 2.19204        1.83846        2.28173        2.32013        
ipc                 0.45620        0.54393        0.43826        0.43101        
user-util           9.23000        29.31000       48.94000       49.57000       
system-util         9.45000        12.38000       17.15000       17.16000       
idle-util           80.47000       57.73000       33.33000       32.68000       
issued_req          156            156            156            156            
completed_req       156            156            156            156            
dur-mean            30206.33333    27762.18590    22142.33333    23488.06410    
dur-stddev          3328.62425     5514.15407     6992.62517     8309.90249     
dur-min             11852          11275          11262          11800          
dur-max             41556          38054          39715          58190          
dur-p25             30082.25000    25192.25000    15532.00000    17012.25000    
dur-p50             31065.50000    29687.00000    21615.00000    22380.00000    
dur-p75             31759.00000    31301.25000    27755.75000    29441.25000    
dur-p95             32836.25000    34883.50000    32684.00000    35132.75000    
lat-mean            39373.27564    38104.03205    34874.81410    36382.32692    
lat-stddev          8858.91548     26354.92988    54677.64545    41139.83060    
lat-min             18253          17426          16448          17612          
lat-max             138084         357514         708238         511344         
lat-p25             38305.50000    33045.75000    24131.50000    25001.00000    
lat-p50             39279.00000    37503.50000    29677.00000    31265.50000    
lat-p75             40273.00000    39604.75000    36699.00000    38530.00000    
lat-p95             42658.75000    44293.25000    43749.75000    45670.75000    




image-rotate-python-7

Metric              10             200            300            400            
cpu-cycles          44631723143    41878198899    42153931819    42209682833    
instructions        46405236818    46400753297    45806212639    45899352809    
context-switches    482404         488926         443752         442374         
cpi                 0.96178        0.90253        0.92027        0.91961        
ipc                 1.03974        1.10799        1.08664        1.08741        
user-util           9.40000        29.49000       48.70000       49.86000       
system-util         9.60000        12.49000       17.08000       17.44000       
idle-util           80.16000       57.47000       33.63000       32.12000       
issued_req          156            156            156            156            
completed_req       156            156            156            156            
dur-mean            114596.78205   116463.36538   122858.62179   121165.97436   
dur-stddev          6034.68006     7903.81452     18697.28378    13626.84145    
dur-min             98058          99319          100355         100686         
dur-max             142194         139722         238539         172174         
dur-p25             111956.25000   113415.50000   110593.25000   111551.50000   
dur-p50             113913.00000   115913.50000   117953.00000   118486.50000   
dur-p75             116062.75000   119152.50000   131039.25000   128368.75000   
dur-p95             123462.75000   131533.50000   154665.75000   148486.25000   
lat-mean            122949.95513   127266.45513   138596.56410   136540.71795   
lat-stddev          6605.08862     32326.65428    68000.33615    54700.86062    
lat-min             110759         106234         105120         107868         
lat-max             163099         504065         830558         626410         
lat-p25             120357.25000   120741.00000   120185.00000   118134.75000   
lat-p50             122352.00000   123866.50000   126517.00000   127971.00000   
lat-p75             124485.50000   127167.00000   138174.50000   140137.00000   
lat-p95             131478.00000   142428.25000   170197.25000   163012.00000   




image-rotate-python-11

Metric              10             200            300            400            
cpu-cycles          939877009049   948057211219   956889794614   945489658496   
instructions        1742223710413  1744758228744  1746581880998  1741729064764  
context-switches    412034         406604         392707         404164         
cpi                 0.53947        0.54337        0.54786        0.54285        
ipc                 1.85367        1.84035        1.82527        1.84215        
user-util           12.37000       32.45000       51.32000       52.10000       
system-util         9.38000        12.29000       16.54000       16.83000       
idle-util           77.29000       54.71000       31.58000       30.49000       
issued_req          156            156            156            156            
completed_req       156            156            156            156            
dur-mean            3308601.83333  3526803.58974  3632997.95513  3608302.15385  
dur-stddev          34353.63150    57410.60570    99286.50903    115381.22829   
dur-min             3232586        3381550        3438717        3433036        
dur-max             3451903        3734663        4273996        4298338        
dur-p25             3287361.25000  3489534.50000  3584267.75000  3547556.00000  
dur-p50             3301983.00000  3524525.00000  3619767.50000  3588730.50000  
dur-p75             3323485.00000  3559630.50000  3663051.50000  3631621.50000  
dur-p95             3377736.75000  3626565.75000  3749962.25000  3761258.75000  
lat-mean            3316876.73718  3534786.68590  3642381.32051  3620966.89103  
lat-stddev          34662.08464    57275.99271    100521.96950   121457.54402   
lat-min             3239778        3405532        3447314        3444097        
lat-max             3459795        3745510        4280221        4306630        
lat-p25             3295518.75000  3497924.00000  3592539.75000  3556773.25000  
lat-p50             3310338.50000  3531485.00000  3628935.00000  3600842.00000  
lat-p75             3332018.50000  3566683.25000  3669015.00000  3642215.25000  
lat-p95             3387344.75000  3634567.00000  3758425.50000  3894718.75000  




image-rotate-python-17

Metric              10             200            300            400            
cpu-cycles          124312778009   122087647801   123008279006   123207802778   
instructions        156629328719   156993080591   156580494990   156466524289   
context-switches    470169         477373         440992         432911         
cpi                 0.79367        0.77766        0.78559        0.78744        
ipc                 1.25996        1.28590        1.27293        1.26994        
user-util           9.65000        29.59000       49.02000       50.00000       
system-util         9.57000        12.37000       16.99000       17.20000       
idle-util           79.91000       57.47000       33.41000       32.21000       
issued_req          156            156            156            156            
completed_req       156            156            156            156            
dur-mean            399794.88462   420706.99359   436657.96795   434750.79487   
dur-stddev          11906.82417    14644.57613    36481.15371    22314.28338    
dur-min             381950         393329         399113         399548         
dur-max             457658         472793         800232         517049         
dur-p25             392638.25000   411136.50000   417989.75000   418288.00000   
dur-p50             397061.50000   417572.50000   430287.50000   431520.50000   
dur-p75             403886.75000   429787.25000   446497.00000   444391.00000   
dur-p95             422848.25000   446365.25000   476455.25000   476095.50000   
lat-mean            408052.05769   431231.39103   446768.74359   450872.68590   
lat-stddev          12304.43484    35661.46665    41657.34585    67111.29035    
lat-min             389073         399797         406665         409848         
lat-max             464989         836985         808256         1048255        
lat-p25             400732.75000   419029.50000   425405.25000   426084.25000   
lat-p50             405180.00000   425575.50000   440009.50000   439480.50000   
lat-p75             412195.75000   437890.75000   454304.50000   454980.25000   
lat-p95             430834.75000   453216.50000   493339.25000   489796.25000   




rnn-serving-python-20-20

Metric              10             200            300            400            
cpu-cycles          3496858594     25786274428    25675618624    25354093417    
instructions        1088431534     10102358685    9486343644     9467890481     
context-switches    92258          493305         452542         439455         
cpi                 3.21275        2.55250        2.70659        2.67790        
ipc                 0.31126        0.39177        0.36947        0.37343        
user-util           12.60000       30.04000       48.85000       49.74000       
system-util         9.96000        12.91000       17.13000       17.40000       
idle-util           76.59000       56.51000       33.44000       32.28000       
issued_req          91             156            156            156            
completed_req       91             156            156            156            
dur-mean            69718.70330    70718.08333    70732.26282    72402.03846    
dur-stddev          12172.49859    14036.32185    29480.83619    19148.62161    
dur-min             38933          37265          34030          30773          
dur-max             100666         100562         367973         149722         
dur-p25             64167.00000    63644.50000    57812.25000    60722.25000    
dur-p50             72591.00000    71612.00000    68067.50000    72513.50000    
dur-p75             77049.00000    79384.25000    79579.75000    82907.00000    
dur-p95             84568.50000    93638.25000    97680.50000    103133.00000   
lat-mean            81633.09890    78649.48718    88146.94872    94287.36538    
lat-stddev          30126.81469    14107.64024    61462.67212    92782.91963    
lat-min             47994          46090          42232          39619          
lat-max             342286         109852         553112         907198         
lat-p25             75101.00000    70823.75000    66912.75000    67912.25000    
lat-p50             81107.00000    79370.50000    79140.50000    81539.00000    
lat-p75             86600.50000    87244.25000    89537.00000    91906.75000    
lat-p95             94179.00000    101663.50000   118078.00000   117850.50000   




rnn-serving-python-100-101

Metric              10             200            300            400            
cpu-cycles          69493303926    66050138121    65743920233    64942611611    
instructions        29719376129    29574612946    28777606589    28007401459    
context-switches    506823         513470         484805         484513         
cpi                 2.33832        2.23334        2.28455        2.31877        
ipc                 0.42766        0.44776        0.43772        0.43126        
user-util           9.29000        29.54000       48.76000       49.57000       
system-util         9.55000        12.46000       16.84000       17.02000       
idle-util           80.29000       57.43000       33.84000       32.82000       
issued_req          156            156            156            156            
completed_req       156            156            156            156            
dur-mean            297099.89103   309509.98077   309486.35256   312922.01923   
dur-stddev          56000.16694    58247.66808    62585.26049    71667.58196    
dur-min             168175         164376         166071         164618         
dur-max             417886         441112         421134         486306         
dur-p25             277849.50000   286694.50000   290630.25000   275077.50000   
dur-p50             308692.00000   324074.00000   323163.50000   328955.50000   
dur-p75             330590.75000   342827.75000   347484.75000   357086.50000   
dur-p95             373502.00000   387168.25000   395394.00000   409913.50000   
lat-mean            305361.46154   317431.26282   325589.22436   325610.01282   
lat-stddev          56049.52745    58092.38774    76671.01469    79119.98023    
lat-min             176057         174130         172770         173058         
lat-max             425570         451121         845496         678812         
lat-p25             285151.75000   294463.50000   299968.00000   281492.75000   
lat-p50             317360.50000   332004.00000   334028.50000   340790.50000   
lat-p75             338352.75000   351292.00000   358947.50000   373090.00000   
lat-p95             381506.25000   395704.75000   417379.75000   428460.50000   




rnn-serving-python-1000-1010

Metric              10             200            300            400            
cpu-cycles          498804648034   515332847579   517398253798   515263988968   
instructions        239894618665   246560207859   241431774176   243117022725   
context-switches    710942         725899         815434         820322         
cpi                 2.07927        2.09009        2.14304        2.11941        
ipc                 0.48094        0.47845        0.46663        0.47183        
user-util           11.62000       32.07000       50.95000       51.74000       
system-util         9.38000        12.36000       16.55000       16.75000       
idle-util           78.12000       55.03000       31.95000       30.94000       
issued_req          156            156            156            156            
completed_req       156            156            156            156            
dur-mean            2727556.18590  3049782.32692  3116019.22436  3071793.92949  
dur-stddev          591557.38314   559212.38314   638978.86072   587087.85097   
dur-min             1539503        1651160        1785719        1644048        
dur-max             3622954        3946503        4353721        4079125        
dur-p25             2342587.25000  2912518.50000  2885096.25000  2968980.50000  
dur-p50             2876689.00000  3183944.00000  3266530.00000  3208062.50000  
dur-p75             3174892.75000  3420791.00000  3583865.50000  3448112.00000  
dur-p95             3502334.00000  3752692.75000  3841580.25000  3804025.00000  
lat-mean            2736315.16026  3058244.94872  3125837.48077  3081027.57692  
lat-stddev          591674.49689   559059.79818   638787.93753   587075.39860   
lat-min             1547379        1666844        1802164        1652726        
lat-max             3631613        3954625        4378388        4085460        
lat-p25             2351814.75000  2920672.25000  2894954.75000  2978115.75000  
lat-p50             2885514.00000  3191432.00000  3274928.50000  3216643.50000  
lat-p75             3184429.50000  3427952.00000  3594526.00000  3454099.75000  
lat-p95             3511007.75000  3761679.50000  3851722.00000  3811110.75000  




video-analytics-standalone-python-10

Metric              10             200            300            400            
cpu-cycles          N/A            443922043155   448672753613   444386670729   
instructions        N/A            382188995169   383187758636   381849875974   
context-switches    N/A            9393244        9863298        9489142        
cpi                 N/A            1.16152        1.17090        1.16377        
ipc                 N/A            0.86094        0.85405        0.85927        
user-util           18.74000       31.72000       50.04000       50.68000       
system-util         13.42000       14.04000       17.66000       17.73000       
idle-util           67.29000       53.74000       31.75000       31.03000       
issued_req          54             156            156            156            
completed_req       10             156            156            156            
dur-mean            1382335.00000  1774178.26923  2381828.94872  2425861.65385  
dur-stddev          82231.84989    209346.83135   416075.54667   430874.79663   
dur-min             1194036        1212096        1308601        1210177        
dur-max             1502775        2369855        3602434        3422331        
dur-p25             1352625.00000  1639632.50000  2181380.50000  2194224.25000  
dur-p50             1386136.50000  1795593.00000  2366460.50000  2447825.50000  
dur-p75             1417565.25000  1898120.50000  2686776.00000  2743499.50000  
dur-p95             1493605.80000  2117592.25000  2953259.50000  3056308.00000  
lat-mean            261472.77778   1782753.15385  2394044.18590  2439534.16667  
lat-stddev          540973.97321   209296.88584   418703.56652   429836.58473   
lat-min             2914           1220230        1318175        1218957        
lat-max             1512298        2376304        3631483        3430306        
lat-p25             3801.50000     1648316.75000  2188391.50000  2204836.50000  
lat-p50             4123.50000     1803280.00000  2385246.50000  2455837.50000  
lat-p75             5033.75000     1909605.00000  2699055.75000  2759685.75000  
lat-p95             1429882.55000  2124286.50000  2959544.50000  3063411.50000  




video-analytics-standalone-python-30

Metric              10             200            300            400            
cpu-cycles          1218946555443  1217887488715  870894136532   865658860611   
instructions        1016128290906  1043845805613  727188777271   729088725952   
context-switches    23185566       30524067       20802243       20551480       
cpi                 1.19960        1.16673        1.19762        1.18732        
ipc                 0.83361        0.85710        0.83499        0.84224        
user-util           18.11000       35.79000       51.49000       52.22000       
system-util         14.57000       16.45000       18.53000       18.44000       
idle-util           66.84000       47.33000       29.46000       28.77000       
issued_req          156            156            152            152            
completed_req       156            156            29             23             
dur-mean            3611775.30769  8051294.53205  12589651.06897 10744749.73913 
dur-stddev          178028.13083   2729889.71419  8863916.36910  7985573.45019  
dur-min             3169618        3537334        3674724        3566180        
dur-max             4161463        12309742       29511373       29509857       
dur-p25             3507408.50000  5072617.75000  3830998.00000  3851979.00000  
dur-p50             3619932.00000  9239578.50000  10957328.00000 7768506.00000  
dur-p75             3726172.25000  10238437.75000 19725424.00000 15640167.50000 
dur-p95             3891020.25000  11640787.25000 27382534.40000 26236163.10000 
lat-mean            3620934.74359  8059475.07051  26552117.79452 26971470.52055 
lat-stddev          177830.56828   2729460.80056  7991140.84570  7695571.37128  
lat-min             3177796        3562561        3682995        3575794        
lat-max             4170592        12316647       30518391       30008899       
lat-p25             3515588.25000  5081500.50000  30000607.50000 30001594.50000 
lat-p50             3635632.00000  9245586.00000  30002925.50000 30003623.00000 
lat-p75             3734539.75000  10245039.75000 30005014.50000 30004928.75000 
lat-p95             3899956.25000  11647004.25000 30009182.50000 30006432.00000 




video-analytics-standalone-python-70

Metric              10             200            300            400            
cpu-cycles          1343421243886  1198956827956  879934164263   831815960259   
instructions        1107873043052  1011698044652  739981876602   692188979182   
context-switches    24635563       27219989       21304897       19176586       
cpi                 1.21261        1.18509        1.18913        1.20172        
ipc                 0.82467        0.84382        0.84095        0.83214        
user-util           18.89000       35.92000       51.62000       52.37000       
system-util         14.92000       16.33000       18.71000       18.72000       
idle-util           65.75000       47.31000       29.13000       28.36000       
issued_req          76             74             73             72             
completed_req       75             31             10             9              
dur-mean            8250574.68000  18045223.09677 15117868.60000 14394808.44444 
dur-stddev          390631.54906   7432814.22373  7320184.48666  6329331.14228  
dur-min             7417170        8250806        8424639        8811300        
dur-max             9104503        29819067       29286797       26470174       
dur-p25             7901427.50000  12771033.00000 8675286.75000  9101706.00000  
dur-p50             8299520.00000  14396737.00000 12029630.50000 9947816.00000  
dur-p75             8524430.00000  25673348.00000 20364645.25000 18946997.00000 
dur-p95             8825169.90000  29664310.00000 26974536.80000 24726629.60000 
lat-mean            8259469.34667  24787479.12676 27879488.98571 27972341.57971 
lat-stddev          390362.16853   7697555.19062  5895027.97264  5727540.48245  
lat-min             7426394        8259313        8433337        8834254        
lat-max             9113139        30010487       30012738       30074566       
lat-p25             7909827.00000  18533098.00000 30002029.75000 30001401.00000 
lat-p50             8308344.00000  30003077.00000 30003509.00000 30003444.00000 
lat-p75             8533830.50000  30005322.00000 30005435.25000 30005073.00000 
lat-p95             8833044.60000  30008589.50000 30009266.25000 30010695.20000 




video-processing-python-70

Metric              10             200            300            400            
cpu-cycles          353099997364   345845713577   326733176382   311925518452   
instructions        334694040473   337908117781   333631149847   326965730751   
context-switches    9585822        14217172       17148262       15997308       
cpi                 1.05499        1.02349        0.97932        0.95400        
ipc                 0.94787        0.97705        1.02111        1.04822        
user-util           9.92000        29.89000       49.18000       50.38000       
system-util         10.49000       13.35000       17.87000       18.10000       
idle-util           78.76000       56.21000       32.39000       30.95000       
issued_req          156            156            156            156            
completed_req       156            156            156            156            
dur-mean            268316.37179   337040.94231   545981.61538   548406.14744   
dur-stddev          43001.26666    82507.55077    158554.66029   213683.73247   
dur-min             197325         214558         222040         228639         
dur-max             563328         625960         1300374        1342151        
dur-p25             237974.25000   281172.50000   455788.75000   388064.00000   
dur-p50             264982.50000   316231.50000   521837.00000   491486.00000   
dur-p75             291618.25000   374643.25000   626140.25000   704932.00000   
dur-p95             319423.50000   496366.50000   796803.75000   896616.50000   
lat-mean            275820.66667   344258.89744   556263.25641   556115.77564   
lat-stddev          43161.43746    82850.35878    161170.78287   213542.58162   
lat-min             201556         222229         229156         235638         
lat-max             570687         634978         1305141        1350540        
lat-p25             245251.50000   288364.00000   464689.50000   394860.75000   
lat-p50             272252.50000   323074.00000   531868.50000   502665.00000   
lat-p75             298517.50000   381860.25000   654037.50000   710632.00000   
lat-p95             332240.50000   502496.75000   832539.00000   904617.25000   




video-processing-python-450

Metric              10             200            300            400            
cpu-cycles          1745095749742  1216473955640  1025409562038  943461093272   
instructions        1187244248515  1032555271005  977792569148   932869135593   
context-switches    30723626       65632735       81052858       69577913       
cpi                 1.46987        1.17812        1.04870        1.01135        
ipc                 0.68033        0.84881        0.95356        0.98877        
user-util           13.27000       31.56000       49.74000       50.87000       
system-util         13.29000       16.24000       20.37000       20.13000       
idle-util           72.66000       51.68000       29.34000       28.44000       
issued_req          156            156            156            156            
completed_req       156            156            156            156            
dur-mean            762304.82692   985739.76282   1497707.70513  1561541.90385  
dur-stddev          57762.77626    197178.97628   384758.21367   526781.25073   
dur-min             648441         702581         660637         759536         
dur-max             961278         2376114        2821740        3722165        
dur-p25             718254.75000   853660.50000   1278682.50000  1228972.25000  
dur-p50             759269.50000   953710.50000   1475660.00000  1449700.00000  
dur-p75             807906.50000   1073875.50000  1765205.00000  1755770.75000  
dur-p95             837946.00000   1306748.75000  2166935.75000  2553465.00000  
lat-mean            769796.19231   993206.95513   1505808.37179  1572297.94231  
lat-stddev          58080.79427    197645.49861   384664.88986   528229.75862   
lat-min             654878         709834         667492         766751         
lat-max             969273         2388806        2826717        3728368        
lat-p25             724872.00000   859625.00000   1286594.50000  1238624.75000  
lat-p50             767290.00000   960829.00000   1484335.00000  1458862.50000  
lat-p75             815220.25000   1081006.25000  1773526.00000  1770907.50000  
lat-p95             845650.25000   1312899.50000  2173171.50000  2561885.50000  




video-processing-python-1500

Metric              10             200            300            400            
cpu-cycles          5856693400169  3952229274344  3093562080105  3114130296303  
instructions        3970961042159  3382318706003  3087127409928  3106283894705  
context-switches    89637751       216542010      235852885      244876096      
cpi                 1.47488        1.16850        1.00208        1.00253        
ipc                 0.67802        0.85580        0.99792        0.99748        
user-util           23.83000       37.02000       51.92000       52.59000       
system-util         21.06000       24.58000       26.92000       27.47000       
idle-util           54.59000       37.99000       20.71000       19.48000       
issued_req          156            156            156            156            
completed_req       156            156            155            154            
dur-mean            2259760.01282  2791616.53846  3968645.26452  4806959.96753  
dur-stddev          109980.28991   378811.53913   857396.31031   1631916.84208  
dur-min             1957031        2193111        2192290        2292139        
dur-max             2778183        4492043        6812905        11303904       
dur-p25             2193849.00000  2517523.00000  3411239.00000  3763286.00000  
dur-p50             2273843.00000  2739370.00000  3824872.00000  4350621.00000  
dur-p75             2333298.25000  2923773.25000  4442215.00000  5609026.00000  
dur-p95             2389568.75000  3495175.25000  5477205.40000  7428577.40000  
lat-mean            2267330.31410  2799058.35897  3980797.79355  4834792.27273  
lat-stddev          109935.17166   378975.28478   856543.82499   1652204.47980  
lat-min             1964281        2202233        2200824        2301484        
lat-max             2785126        4499883        6823952        11309436       
lat-p25             2201492.50000  2523869.75000  3427923.50000  3794956.25000  
lat-p50             2280906.50000  2746832.50000  3875942.00000  4360695.00000  
lat-p75             2340606.75000  2930761.25000  4452325.00000  5620560.50000  
lat-p95             2396883.50000  3501575.25000  5484807.10000  7433616.45000  




