85518
75461
76998
72645
87098
56072
49983
82055
55181
77428
70510
296516
50261
74407
55616
43694
98391
52328
56279
68864
36151
67078
40746
54747
42179
68057
42618
74291
58241
81042
51015
47069
45587
40706
81746
48328
35570
32239
69809
52908
55243
41483
81487
54900
36362
52776
57267
44374
49146
65975
52935
80909
42221
58203
35922
52382
68581
74208
59634
45143
35739
54664
63723
54398
67972
66826
75440
75290
53043
59832
48645
56517
54548
57544
52464
49724
62844
46436
40631
91466
59094
43198
68292
67751
35696
49426
34055
39793
32640
46086
47926
38336
50446
43448
43243
46611
83782
41643
43463
43493
64898
78226
61961
73945
59254
84150
53890
43769
41113
51938
54203
52099
52670
35399
57885
56989
48502
43921
55013
41857
77668
22641
46170
98885
39322
34909
70344
79975
56031
49747
43648
52041
64722
56897
72366
67014
54188
49691
85068
54532
53927
87966
37553
60843
73765
30364
47370
48110
62261
117034
53606
63803
40935
79304
54174
63772
