209579
230322
214577
227626
224672
215812
202880
219411
210601
224425
238066
463155
214295
227864
186557
163360
246398
197581
192134
219574
163529
215781
192317
168127
167159
185054
206494
210762
203443
218446
186641
180605
183880
168225
191123
182969
183283
174339
186856
191352
185556
168141
214382
187937
674645
170820
189556
183827
167658
229732
172677
211859
162444
196078
173249
183086
195418
206033
203756
185763
205888
189585
221834
202408
208416
228195
263472
220525
182836
203305
186404
192049
198493
206348
197851
186578
176315
150396
186309
213670
180191
188445
211097
222222
174575
188713
171576
171015
179901
158017
189719
163200
200153
162073
174113
156771
476575
161204
168054
187125
235353
220276
193008
186976
179531
221698
171256
170723
170689
156830
194519
203366
169485
150702
205430
176498
213986
154125
200172
202794
200400
157904
177525
237651
154384
153900
227723
246091
176946
184918
212983
180857
206701
213392
270238
212846
225487
185536
224455
204181
182453
239502
190063
229722
195048
187687
167779
186405
182154
259838
168890
191548
161641
197590
184314
173768
