9140363
8345213
8666125
8592461
8259313
11367244
13441310
13257872
13018339
12541411
12499212
13392492
14043283
13766491
13702499
14406698
16312084
18062403
19003793
19830105
20845017
22578257
24825222
26538670
28082507
29651631
30008560
30004678
30007293
30003077
30006330
30005053
30004717
30009653
30010487
30008288
30002716
30008289
30009411
30004685
30004174
30002990
30005294
30002899
30003767
30004967
30005314
30006468
30003644
30008619
30006782
30005580
30005940
30004279
30003931
30003951
30004740
30004950
30005330
30004729
30007121
30006853
30006155
30001997
30003365
30006304
29827414
29703491
29381974
28547715
28057029
