311402
312862
289112
304471
335727
319302
323901
315236
314120
305294
289849
296833
285085
282907
293473
277439
282896
278677
299100
311993
331376
323789
365331
268434
272093
273703
294959
295024
283885
297365
265432
278761
275564
295224
275689
302948
307865
277922
273881
299608
280869
273460
289826
285696
293900
299097
297423
303655
298306
283631
333969
342117
327321
305843
323540
299955
313555
293484
303448
290398
296671
292005
314147
303966
264529
278059
283517
311956
273351
296481
279393
277564
300398
278118
280810
275714
266898
272379
300403
298163
303484
302298
314209
317472
286719
391654
335435
269454
330052
297491
290021
261601
296934
285114
291564
290421
319070
295641
301683
276037
301554
282361
273533
265697
291060
278105
275277
277194
268054
310620
301177
277723
296624
300920
269218
319430
309597
291656
296570
316396
291976
331423
279598
304326
313466
282876
303577
319016
287960
313772
284559
277318
322721
300288
318938
331032
309691
282500
302931
312415
321467
303758
307211
275236
281963
282351
283538
255364
279600
303072
278509
271107
275285
261426
297223
319808
