320178
322962
296969
313219
351482
327617
333827
324135
324078
317323
299780
305597
292766
289718
300563
284971
293948
290907
310230
323773
341265
331511
380110
277675
282159
302695
302898
304954
288235
307273
271498
284623
283283
300717
285142
309383
315122
287305
284207
309239
286316
278867
297563
294926
304386
310323
304979
313017
344544
288525
339559
348795
338088
311639
331820
310208
328263
300652
309737
300309
306123
303572
335755
320303
301131
285481
296725
322996
280746
304071
289574
287774
322685
286673
288916
283824
292469
280640
310415
308591
318359
308934
327097
330918
295136
398240
349730
277526
336965
307470
298075
270250
304900
289905
296941
296125
330236
301815
315348
285186
309781
288024
283980
270867
297889
286543
281150
283868
274311
320764
313295
283169
301145
305453
275310
333451
317755
299872
313978
324688
322889
338632
287317
312363
320975
291125
311706
330403
298787
320991
299758
283869
330357
309960
326667
338655
317936
292752
317893
319209
331167
314815
320056
282297
289262
294525
299117
263238
284994
311344
285504
282660
284158
267990
306419
326113
