53742
44461
43964
56968
50250
47262
44867
35480
49982
51074
39296
56344
48146
44498
47324
40695
44415
31707
34538
44058
39615
42893
48676
44259
34132
55684
42078
45099
40735
31288
28402
66901
41404
32505
29813
45333
31473
42427
36527
40450
28351
31799
46168
28224
32384
51654
30579
45877
49101
43866
58823
29769
38916
42920
56442
45782
44803
51487
55658
36509
57425
42436
55620
43739
43968
49245
29557
36670
41592
40589
43352
53630
55133
44549
57837
43786
56428
29492
43154
53645
45313
44836
41083
45999
39841
46100
34200
56371
32824
52972
30595
58022
30204
58973
51245
31862
45692
46587
29480
41084
30725
30088
59481
35520
34627
36515
39389
42021
55973
28748
31315
38499
28812
43000
46096
30855
36740
60343
29710
27968
54443
30164
28108
38791
53163
36763
30840
48949
31650
46504
34004
39086
56497
64307
45696
46085
53331
43358
51655
57117
43379
45087
62171
31844
37233
52163
29277
42225
41381
28730
29950
51659
44030
52602
36857
30631
