61439
53634
70806
66455
60293
56339
59449
43855
63141
60841
47792
67145
57183
52052
53856
48287
51160
41924
43946
52701
47047
49337
55227
49915
41208
63514
48612
60603
49530
37598
34981
71856
47560
36908
35980
273271
37488
49501
44585
166044
34163
37209
59637
34102
37541
57594
35818
51778
54417
52147
65871
35375
44463
48856
67496
52011
53161
59631
62914
50321
67349
51880
64453
51863
51186
56838
39372
44472
52431
47400
50514
66977
61832
52286
64965
52517
63503
35684
52126
60698
57207
56295
47067
53696
53377
52861
39537
61956
39822
62738
36861
69369
35988
65950
71866
42123
51300
58588
34472
52154
37404
40365
71026
42036
40729
46482
46092
58936
63686
40491
38802
49155
34643
51818
59051
37800
45966
67041
36631
41193
65087
40435
35664
46958
59221
45981
37622
55491
37898
53433
47066
46770
63876
70751
51810
54258
59660
52720
61770
63263
51890
53674
72099
38104
46466
59147
34812
53434
47922
34484
39520
61987
53711
58319
41774
35659
