3850732
3825639
3877052
3804000
3797497
3809086
3512532
3606769
3567141
3513206
3507398
3913324
3823430
3862841
3812317
3706372
3689577
3764589
3616846
3829788
3855071
3787132
3875523
3888367
3836578
3970560
3701630
3781155
3761792
3807369
3719848
3832858
3749440
3720321
3797328
3881526
3938778
3686028
4024832
3913328
3734358
3804771
3744354
3902205
3702536
3834132
3768002
4157792
3677758
3891423
3692765
3745443
3690497
3823530
3660290
3607285
3859513
3625768
3682285
3748980
3715687
3694770
3666677
3802160
3790590
3972287
3653846
3594380
3631031
3763483
3636766
3623291
3652396
3900356
3675464
3665956
3706853
3911430
3673524
3584634
3644891
3643046
3701706
3806109
3790764
3828311
3874804
3766013
3897401
3761685
3722000
3747930
3651331
3761328
4092165
4291742
3719523
3977349
3773598
3805722
3866009
3823594
3690151
3733879
3863027
3705140
3761205
4064797
3707777
4090274
3786998
3727569
3932150
3845230
3717766
3644245
3658882
3710746
3605792
3805030
3624855
3588767
3657105
3616010
3609056
3650824
3765045
3645766
3750454
3574315
3668093
3726152
3611698
3786605
3681186
3765360
3673592
3575864
3696372
3647068
3595322
3682883
3613799
3846788
3688035
3670623
3646291
3830222
3636375
3939789
3754113
3737891
3648443
3713633
3780497
4014245
