3858714
3854350
3885889
3812840
3806157
3817530
3520196
3615244
3574872
3522625
3516516
3923549
3831498
3879225
3889911
3725304
3698174
3774074
3624160
3836306
3865474
3796681
3881797
3897982
3844244
3980068
3706558
3787438
3768450
3818233
3728076
3838612
3756959
3729895
3809875
3888234
3944834
3691431
4030984
3918186
3740250
3811435
3750496
3912907
3707721
3840207
3777015
4170758
3689930
3896174
3705642
3750730
3696680
3831435
3667709
3615179
3872712
3637766
3687629
3755921
3722391
3711623
3672269
3808167
3798353
3989183
3662938
3603912
3638497
3771528
3645952
3630156
3660515
3906392
3684528
3672278
3712627
3917945
3679607
3592373
3650417
3653712
3708124
3812153
3799778
3836037
3881085
3773392
3903950
3768409
3734232
3753615
3657346
3768287
4098501
4305972
3729321
3983349
3783174
3810381
3876060
3829209
3698892
3739190
3867822
3710830
3768776
4075165
3716645
4108791
3793500
3739278
3948416
3853696
3727942
3650455
3666149
3718379
3612928
3827198
3632540
3596140
3663677
3623279
3616135
3658282
3772902
3652538
3759803
3584070
3673506
3738538
3620745
3793330
3692154
3772275
3683267
3581822
3703573
3654353
3601397
3700166
3625659
3855249
3697498
3678030
3654471
3840235
3643328
3948431
3760783
3745768
3654407
3718623
3786914
4019964
