3427477
3529407
3532338
3513692
3554068
3574996
3471102
3538451
3473060
3529231
3480053
3801832
3650259
4080854
3691671
3761668
3645554
3628994
3654945
3767278
3647560
3646392
3693158
3714639
3606369
3765149
3633339
3816100
3557089
3744004
3652514
3695815
3653977
3685347
3713818
3892474
3702928
3779441
3615740
3634419
3713097
3782630
3742453
3668004
3711537
3645001
3659748
4030132
3709500
3836081
3778722
3719163
3773875
3724164
3644811
3685173
3788252
3669432
3640005
3713088
3768890
3764030
3644566
3661743
3691458
3677640
3649608
3634045
3713786
3588845
3662811
3629425
3678175
3727685
3573404
3707357
3739839
3617865
3576079
3623446
3582015
3597310
3713792
3654193
3721006
3778412
3701062
3663200
3633621
3667774
3718757
3711233
3664623
3634892
3671702
3737074
3626134
3653880
3719308
3678545
3632770
3630383
3643014
3722748
3790899
3620033
3614147
3752183
3714101
3840462
3664552
3620993
3680240
3756728
3993393
3648654
3634831
3649632
3722272
3708289
3804417
3707658
3646650
3713910
3670462
3659853
3656939
3606591
3668516
3555782
3639356
3631413
3625045
3602644
3576420
3703582
3570303
3574474
3609368
3621566
3541395
3559998
3619209
3817061
3770304
3905287
3668400
3699141
3652050
3780488
3623698
3581937
3634036
3673293
3695082
3799254
