3434898
3555381
3541520
3522278
3561179
3582831
3479242
3547837
3482319
3538215
3488540
3814269
3658252
4090352
3699528
3774383
3656503
3636159
3662154
3774406
3654395
3654873
3703786
3730557
3613343
3770934
3640257
3824345
3566224
3750597
3657981
3702555
3664420
3690274
3718854
3897153
3710489
3785126
3624479
3639764
3723522
3787704
3747681
3678182
3717616
3651793
3667788
4042386
3719983
3841273
3790784
3731079
3780138
3729915
3652887
3693482
3793999
3678155
3649022
3718279
3786262
3777275
3659103
3670379
3710839
3684396
3666364
3643659
3720293
3599352
3670572
3640553
3687832
3739494
3584012
3715128
3748262
3627323
3584274
3629806
3587898
3604101
3721990
3663444
3731331
3790138
3715908
3669170
3639110
3679935
3723129
3716447
3673380
3642078
3684445
3746918
3642652
3659929
3726260
3683847
3638138
3636797
3648536
3730407
3797218
3634010
3621109
3759878
3719576
3845175
3683840
3630733
3685295
3762837
4006386
3656487
3641211
3669774
3730219
3714679
3809953
3713023
3654407
3722662
3682531
3666743
3663329
3616714
3675162
3562710
3655119
3638609
3632941
3610222
3584929
3713362
3576250
3584307
3616520
3634338
3549703
3565914
3625520
3823668
3783399
3913271
3674582
3705353
3660622
3787431
3628544
3589309
3640754
3681572
3702585
3804809
