3514326
3757350
3889186
3780320
3942689
3827366
3582636
3573333
3507016
3519089
3575979
3837315
3599630
3765518
3619908
3655120
3633674
3586925
3582554
3540894
3581269
3547718
3567025
3638653
3589323
3768273
3589438
3568723
3568876
3618866
3690034
3599914
3565796
3620172
3638870
3696860
3607590
3674102
3569022
3589702
3618192
3642391
3562922
3588561
3571452
3628663
3597163
3611803
3590946
3730180
3609836
3594701
3623895
3643017
3592650
3539817
3551739
3569150
3528013
3696405
3552306
3605088
3694833
3594397
3703414
3645776
3519397
3605595
3539120
3571082
3589718
3707384
3541153
3599004
3579046
3573423
3544260
3618558
3535182
3588175
3557771
3561491
3528892
3628376
3529716
3660094
3514405
3568022
3588014
3510366
3595076
3666654
3533304
3565799
3541841
3655931
3581934
3603201
3607450
3612251
3561587
3534763
3549377
3534418
3530127
3551820
3602134
3758042
3556468
3587326
3582958
3612413
3600621
3590383
3563582
3596398
3562512
3595069
3583088
3621302
3740135
3621095
3503201
3537352
3569590
3555346
3503741
3535274
3569216
3486191
3633257
3591160
3572960
3564871
3518871
3547525
3578617
3624560
3487856
3580658
3565327
3533071
3566015
3660097
3524162
3627076
3539343
3595252
3515015
3566148
3505273
3538431
3531662
3496911
3520659
3726574
