3539026
3765988
3896315
3788480
3949970
3835412
3591410
3582102
3517029
3528800
3584403
3848255
3607710
3778063
3627663
3664244
3640365
3593924
3590081
3548639
3589534
3553995
3576296
3647141
3597190
3774951
3596306
3575803
3575728
3626304
3697769
3606920
3574913
3627460
3648871
3702974
3615025
3688522
3576319
3597647
3629633
3650724
3570354
3595876
3577573
3635479
3602629
3618633
3597157
3735581
3617589
3603675
3632473
3652035
3611961
3547382
3558465
3577686
3535438
3704191
3559662
3614063
3701990
3602395
3710424
3651062
3527439
3612628
3547014
3580499
3596904
3723379
3547819
3607351
3585704
3580648
3551567
3625352
3542455
3596159
3565049
3568218
3536152
3635659
3543205
3666040
3520152
3574118
3594548
3517828
3603874
3674990
3541125
3574068
3549064
3664785
3589064
3608979
3614698
3619584
3575000
3687657
3556205
3540587
3537492
3560099
3608886
3765243
3563359
3593758
3591707
3619203
3608636
3597194
3571746
3604069
3570080
3603219
3590305
3630562
3746543
3628854
3511020
3544922
3576730
3563793
3511549
3541252
3576104
3494952
3641640
3598759
3581345
3572152
3526623
3555059
3584473
3634295
3495010
3587433
3574757
3539877
3572423
3667807
3531227
3634354
3548366
3602595
3523030
3573176
3512850
3545921
3538622
3506098
3528459
3734546
