1707139
1699796
1703944
1694151
1768822
1638531
1803097
1739134
1722272
1746059
1740109
1755064
1714408
1756589
1747877
1670190
1691171
1658723
1677939
1826830
1721190
1696956
1593525
1745270
1628362
1713290
1648191
1589791
1644848
1713719
1634526
1651312
1574187
1670492
1690946
1636004
1618683
1635069
1656179
1587829
1615085
1644195
1591134
1629967
1583312
1659331
1567348
1715846
1594036
1619256
1634739
1635092
1642137
1607497
1652005
1763840
1607555
1608888
1749197
1732138
1685881
1674681
1690336
1662579
1669034
1709650
1679328
1630206
1696622
1660166
1617574
1622066
1618106
1673946
1687286
1705705
1602080
1639234
1657737
1692504
1658538
1661818
1700297
1746188
1712391
1748830
1647578
1674385
1620537
1673917
1786326
1693685
1653605
1729205
1662498
1625496
1664219
1583945
1672384
1643425
1598587
1669252
1677726
1662830
1682178
1566514
1680203
1678457
1594120
1594411
1666404
1693196
1661555
1700388
1622944
1739000
1649646
1653054
1680181
1707577
1613311
1646199
1675156
1676401
1705153
1670559
1737752
1717583
1719635
1662689
1662754
1699366
1636797
1686474
1635217
1703107
1731965
1651903
1785888
1631312
1706573
1707736
1665918
1698134
1694737
1723167
1612624
1668517
1581341
1668720
1721178
1653336
1645421
1735669
1691121
1660965
