1717538
1719252
1717339
1704189
1789586
1648974
1813616
1750677
1731293
1755300
1750953
1763982
1722693
1765512
1755586
1679288
1697898
1668985
1687167
1836400
1734595
1711004
1601893
1758951
1636119
1721915
1669771
1599413
1652925
1722942
1809925
1660171
1581256
1678411
1699260
1645020
1627496
1654620
1667530
1595760
1623670
1653081
1608410
1639413
1592507
1669379
1575991
1726830
1605219
1627984
1646165
1644865
1652421
1616942
1661432
1775400
1616738
1621096
1758962
1741310
1695633
1684918
1698678
1672243
1681128
1718589
1687229
1639204
1705817
1821673
1627977
1638107
1628835
1681396
1696000
1723455
1611093
1653002
1672401
1703575
1667809
1671560
1710209
1758893
1720473
1758076
1656807
1683620
1637227
1684064
1795066
1705463
1663794
1741990
1671701
1634387
1673075
1596952
1682235
1653044
1607257
1683645
1688305
1671906
1692207
1580321
1690266
1691640
1603482
1603054
1683650
1703768
1671757
1709896
1630474
1749254
1659705
1665416
1690737
1716240
1626127
1661389
1683205
1692936
1716917
1680536
1747976
1728000
1727867
1674496
1671750
1706431
1645671
1696146
1642818
1715843
1741065
1662959
1795671
1641010
1715223
1717964
1676282
1706528
1709875
1733520
1622410
1676854
1589605
1677628
1732960
1663147
1654992
1743771
1700545
1670283
