1720417
1733750
1654103
1677859
1666972
1621445
1645457
1606140
1667241
1682763
1611853
1601977
1667258
1688703
1664246
1682609
1584561
1693914
1671440
1629138
1675808
1652844
1669032
1651719
1634252
1728128
1676094
1664053
1618556
1669430
1747001
1645847
1657213
1652264
1714536
1626089
1681301
1722986
1693352
1768282
1624939
1640966
1640036
1700759
1667816
1654082
1636806
1690656
1638569
1697732
1710365
1696408
1679096
1711583
1623292
1646166
1695093
1702975
1687097
1651721
1688126
1619613
1707485
1684454
1707120
1692233
1651424
1614149
1686604
1673536
1736015
1695267
1675857
1664249
1671855
1693242
1685574
1693618
1683097
1610771
1697857
1674234
1693858
1673852
1701968
1655972
1643642
1642455
1659519
1663113
1684212
1649591
1680559
1696708
1644887
1689613
1696381
1653313
1680192
1716125
1723247
1708053
1675304
1634313
1670128
1670864
1706895
1615806
1630337
1674988
1691984
1720126
1698570
1673014
1677815
1646527
1713118
1659509
1690060
1697432
1706050
1682137
1738106
1669024
1746246
1755957
1646052
1622556
1652391
1708614
1701428
1672270
1701797
1663415
1716466
1680291
1703801
1592329
1641261
1630864
1687968
1640843
1723931
1681419
1720205
1701308
1690420
1662740
1644140
1584469
1697795
1701987
1645309
1672281
1671592
1749752
