1741739
1747789
1671479
1687755
1676688
1633216
1656117
1616146
1678862
1693201
1622284
1612619
1676877
1698507
1683034
1691586
1594923
1704591
1683413
1647299
1685330
1663081
1679086
1663240
1645434
1736428
1686342
1673403
1630492
1679888
1756094
1656004
1668130
1663057
1723906
1636888
1691464
1733702
1704163
1778240
1635324
1652106
1648760
1711905
1677988
1664433
1646662
1701010
1650341
1713650
1720815
1706534
1688785
1722461
1634887
1655628
1704992
1713335
1697818
1661663
1697433
1629006
1716091
1695222
1717107
1702272
1661273
1624477
1696978
1683446
1745594
1706241
1686274
1676181
1681271
1703335
1695289
1704294
1692600
1620934
1707197
1683668
1705697
1684239
1712203
1666359
1654695
1652788
1669594
1672800
1694564
1662730
1691072
1706913
1654133
1700374
1706278
1663533
1690474
1725481
1733508
1719388
1685270
1644372
1680894
1682272
1716623
1625959
1639665
1686487
1702781
1731071
1708683
1683377
1688310
1657553
1723341
1669711
1699899
1707927
1715314
1692324
1748736
1678991
1756270
1765618
1656103
1632911
1662467
1718530
1710284
1682218
1710796
1673722
1725638
1689689
1712730
1603129
1650892
1640094
1707655
1649040
1736529
1691098
1731825
1712775
1699858
1672911
1654283
1598875
1708968
1711022
1655602
1682569
1681366
1759301
