846954
779915
775144
816655
806032
839542
782939
778167
761527
762536
793197
758295
940472
801229
883415
914507
855347
934679
939786
899767
949126
818592
948406
806919
811016
815114
832454
835599
923768
904244
830019
787280
892162
806596
891196
773245
954505
850542
831464
822269
834928
860312
923532
847774
857847
789639
822369
803554
876539
816266
813438
867360
791533
814196
844812
791232
917623
787787
838495
854156
874465
921528
786909
850977
777950
886197
839154
860689
802915
851363
818066
833016
859640
816104
842205
850358
814910
831840
868671
851454
836077
793961
809744
778863
894758
789837
929228
895701
780637
897441
814618
819940
863796
827684
792936
885800
905426
902506
848686
812653
877527
921272
807513
808541
835212
816906
879060
880386
865828
802042
866495
843183
831263
832739
854976
789448
836417
811768
868342
857332
861728
833874
872722
886577
814414
782661
852420
778025
864297
802634
801567
843778
834570
798700
899237
821671
827939
837995
795017
878692
815662
840571
821010
778855
903988
753627
864035
795250
818538
901408
829010
781704
841809
847253
828151
832040
