872436
789079
784928
828685
815530
850371
793496
787177
771562
771562
803615
770442
947323
808506
894914
924266
865030
941798
947960
910669
958686
827172
956469
816400
817316
824075
842607
842650
932546
914297
837871
795480
905914
816030
899756
781770
974208
862378
839415
830690
842879
867968
931443
857750
878774
796875
830541
811780
884932
825742
821129
876826
808326
821923
852963
800053
924588
798269
846296
866267
882896
930629
796913
877040
788107
896916
848294
870307
814163
861580
826985
841715
866723
826195
850772
860239
823122
840231
876281
859006
843377
803513
817863
787160
901630
797451
938853
906223
792045
905379
823227
827781
872266
836522
800723
895756
912523
910094
855943
820954
891038
927619
815771
818164
843128
825210
888725
889308
873117
810383
873825
853281
839816
844404
863332
796942
843467
819989
875713
866513
869895
842107
881414
893769
826027
792419
860801
786380
872270
812552
811143
852679
844040
806854
907378
830456
838069
848085
803525
886283
824763
848751
828860
786892
916576
761067
873205
802706
826878
910955
838991
788880
850468
895066
837488
841027
