421858
400552
393053
411909
386873
360442
422099
397028
397352
403610
404614
406853
424849
357213
368532
384883
358841
389784
362791
369188
379904
381767
424288
380400
417852
376092
408336
414271
402991
373802
405385
388302
381664
377120
355018
363387
394081
359567
384054
351475
388494
357240
376298
383392
421738
393838
394465
409565
377446
374887
389379
415540
389157
402488
363421
353027
388677
386180
338915
370637
429571
382236
396538
400202
356247
397380
407034
376834
393825
368348
399389
385633
351617
372977
351130
429395
379751
392934
404160
379026
360568
384653
381757
357219
423993
411948
380186
392689
367513
378747
350185
354481
356023
427978
372859
366591
393149
396646
359427
394376
371891
396977
380428
397478
347405
364701
380106
359771
401111
361821
422404
353282
386442
385709
407622
401252
338270
377930
424146
380100
375133
439886
378067
433977
358627
350884
349536
388469
349765
386859
371309
364351
413028
392907
386074
381925
362367
400910
379122
398648
366060
384549
356461
355515
363262
394159
386107
445152
379221
392072
376822
392167
348302
403625
359821
380416
