547267
529996
499400
522762
513010
486368
536205
511447
511985
507256
519329
526907
537791
473416
485986
501320
468039
500115
481687
477458
511001
492712
541538
496560
528880
489525
521408
527648
523692
482649
520429
498093
497095
494929
467984
466759
495230
472982
495742
467526
508090
462964
496689
484821
538748
505133
515523
526785
487399
488967
511308
535336
490766
517339
486171
478296
504028
500413
451234
482235
540642
494827
518124
507471
466498
498695
525254
495059
505994
484712
508424
498090
463453
490712
463000
531839
493011
511238
517879
496648
477668
498028
489398
477360
559193
515779
488635
510117
480112
500893
469346
464848
495313
550154
486833
481254
519710
520088
465353
501940
477464
517676
488231
508235
460861
480727
494311
463293
506829
465137
527656
459974
489570
488357
533628
520687
455047
492130
535134
486987
499808
546244
496686
546916
466188
466683
464054
511353
480008
505840
484002
475806
530714
506163
498551
493121
471202
520003
493849
515665
486906
497223
466978
467227
483810
496176
489647
572964
479086
507056
491320
501173
471274
520293
477737
495848
