74838
72825
80722
47272
38933
58806
62679
90289
68025
76221
78972
54799
83333
76695
76316
74599
82447
71934
84778
79586
72929
71236
50536
52111
77937
73489
71220
71408
47172
84629
100666
76515
59336
64953
72869
63381
76443
69523
71775
82453
83342
43362
46492
46822
49888
77665
43878
49839
66432
62708
74011
56511
67181
61637
83220
45105
70082
51422
78817
76878
73568
78814
66798
72682
84194
75091
69448
75954
77030
84508
71870
77068
54495
85217
74383
69519
71695
71075
68564
70740
67457
76604
76067
79600
77216
79877
72023
45526
72591
72631
72155
