102845
81018
88778
342286
47994
69133
71182
98808
77149
87327
90598
62364
93338
84594
85143
84291
91435
80749
95020
89648
81729
78877
59634
59894
87446
81972
80096
79430
55357
92961
109105
84350
68180
79799
81126
71269
84978
77516
81231
91230
91694
51053
54592
54115
57529
85941
53128
58264
75442
68907
82024
64468
76009
70074
90952
53303
78128
59423
87422
85027
83351
87260
74760
81124
91857
84834
78546
83843
85205
92438
79413
84958
62235
93166
83880
77484
79304
78693
76902
78861
75965
84921
84264
88681
85469
88018
80258
53779
81107
80290
80371
