138121
113495
131203
112223
60685
104273
70164
63337
89115
65781
71228
87799
77504
71293
65860
90394
124812
100348
55145
87480
106609
106835
98663
91251
146684
105635
83403
83024
81511
85111
77422
88743
72134
89402
85372
107081
114410
82783
89017
88018
126720
111354
116148
78792
99654
97311
74690
114309
129881
80502
86661
142306
76342
92800
73227
147949
118022
81231
81087
123045
103133
108186
76874
89490
76850
93642
93822
81308
128802
88135
118879
69001
83290
83757
85019
77469
110881
123276
111069
110821
92880
102904
96848
100314
95087
119941
82649
93290
76273
89799
94493
85692
87982
82808
77510
100064
154612
105843
92535
99115
84228
110579
82446
88362
86573
123289
91904
84143
130243
95274
81255
115839
120166
85159
104466
92063
104105
97488
95400
86445
107583
122005
82341
99648
90854
110530
93832
103224
86183
90153
93575
92342
85189
101801
92955
104576
91883
86591
93450
90402
96151
83198
104927
112449
90622
115292
86520
105959
98239
80266
99159
80722
115673
95552
103501
88043
