175098
152243
165980
150380
95060
146139
102136
93120
123300
99980
91788
118370
113916
104725
97452
114731
147475
125537
87588
123530
132145
124863
128544
118441
172914
137738
108406
102770
110925
101736
93210
114751
88385
112405
104876
137651
131270
102291
140705
116878
161804
130287
138298
110795
126529
130847
99454
136702
184921
101167
106859
158726
106041
117139
89744
172951
149196
122558
108923
145533
129139
145758
113139
121088
121583
122041
115551
103862
158364
115423
148843
92835
107564
110587
100560
105342
144825
147469
133639
143135
120704
138916
123808
119642
126285
139464
102629
120127
94677
119798
124111
111864
111212
103122
97625
128547
183988
125861
132224
125779
132798
136674
100010
108870
123793
149703
121971
104669
184401
113033
111091
141202
153338
109818
136734
131359
127682
132577
119973
120533
132952
160900
99619
131790
118262
129443
132277
128030
115454
118706
136410
116881
102585
126632
122485
138377
127584
117641
122134
129931
130992
102276
135611
149131
114694
147635
108018
130470
116812
100322
118683
110325
146045
124417
126564
117502
