3815491
3704533
3905405
3654829
3712454
3702921
3588666
3720314
3575195
3670614
3569415
4063129
4110966
4133206
3671749
3887121
3892914
3725054
3736909
3712597
3645037
3865416
3675423
4085107
3892251
3918291
3697187
3927665
3712892
3717428
3653638
3665681
3911261
3687225
3795932
4023593
4061468
4161792
3772090
3785039
3779863
4130661
3773456
3736274
3729588
3828054
3865954
3847878
3757986
3730279
3725415
3711030
3809587
3725095
3606627
3685206
3637720
3832454
3637039
3669785
3917393
3735792
3680429
3672809
3704173
3852763
3641617
3842482
3635061
3654117
3779008
3718093
3741319
3636359
3700762
3622469
3704131
3764836
3611442
3689869
3678198
3607816
3734647
3652030
3729205
3759907
3716018
3702482
3877805
3755157
3687360
3687805
3724000
3973948
3802709
3707823
3850980
3848923
3700193
3763402
3704937
3661814
3744437
3778163
3691369
3884071
4056225
3782414
3797478
3761194
3752839
3826508
3687265
3641164
3612087
3551226
3588785
3693346
3683484
3708379
3781716
3671856
3576645
3626054
3709209
3645188
3695973
3639012
3639469
3649347
3729895
3678555
3689053
3782066
3661405
3650683
3598815
3608942
3597624
3647863
3700157
3769849
3681170
3826370
3617998
3847441
3706349
3704308
3707611
3679483
3666378
3866228
3662611
3706044
