3823098
3734065
3920636
3663737
3721070
3712203
3596311
3728488
3582400
3679402
3578586
4072793
4119920
4145026
3679717
3901154
3912383
3734877
3744873
3718625
3655017
3875339
3682874
4093894
3902307
3929035
3707943
3933065
3723198
3724400
3659060
3670810
3926590
3692890
3804923
4030553
4066720
4169432
3778083
3805352
3785526
4142675
3792800
3741618
3738002
3832612
3880389
3858173
3764289
3736655
3739695
3721875
3817590
3730337
3614085
3692543
3658264
3842745
3647754
3677058
3925132
3743221
3687964
3679638
3714586
3864198
3653346
3853455
3642111
3660101
3791673
3726630
3748837
3645954
3708041
3644403
3719723
3771304
3625608
3696967
3686514
3614334
3744723
3662275
3736254
3765002
3726046
3710367
3883058
3759608
3693739
3692440
3729204
3985478
3809893
3719345
3860365
3853968
3709309
3774974
3709236
4162654
3749759
3785633
3700215
3891072
4062163
3789776
3809493
3766213
3757853
3833490
3692430
3647936
3618565
3560608
3594720
3703077
3696887
3720091
3788127
3679883
3587007
3633713
3715534
3651539
3704298
3644592
3646699
3655648
3737974
3691761
3695347
3792274
3672149
3656374
3605030
3615054
3605381
3654518
3712279
3778413
3690414
3834160
3624872
3853753
3716417
3710449
3714084
3689866
3677514
3873393
3667763
3715387
