3746509
4008799
3759599
3813611
4200350
4549640
3907001
4263728
3575794
3810955
3799273
7774066
9809144
11618190
12986515
13963685
15032396
16266137
17625077
19582901
23149520
26586474
29516137
30004378
30003127
30004357
30001958
30004851
30003583
30005600
30004148
30007887
30005681
30001528
30007356
30001818
30005007
30005975
30003713
30004110
30001305
30003759
30001780
30001008
30003498
30003775
30002430
30001423
30002462
30003103
30003864
30001789
30006062
30004341
30003174
30004480
30001548
30002219
30004177
30002191
30004775
30003459
30005941
30001140
30003990
30003411
30002736
30004601
30004733
30006089
30005850
30007532
30004407
30005545
30006030
30001734
30005371
30005167
30003372
30005239
30004919
30003134
30003891
30001945
30001146
30006767
30003107
30004735
30005201
30001803
30002333
30008899
30000160
30002250
30006423
30002756
30002929
30005975
30004168
30006435
30005045
30004001
30002938
30004267
30002979
30003914
30003032
30004593
30005008
30005489
30005540
30003663
30004131
30004844
30002514
30004932
30006420
30008499
30002409
30004574
30005788
30004544
30006378
30006393
30005204
30006073
30002662
30001412
30005008
30000487
30004530
30003354
30007894
30004272
30001384
30004956
30003528
30003771
30004770
30002488
30004046
30004339
30000008
30002179
30001520
29999852
