136462
89985
105524
108702
77461
102095
92115
92704
67119
66143
82598
68243
69661
77557
66323
65334
85897
66699
86566
63411
76645
69092
47327
65041
77018
118635
123656
117070
84674
103988
101828
115569
106681
83056
111817
98582
81342
112841
81301
110020
88839
93891
96623
125680
106523
98638
104020
100117
83423
100839
105273
121777
87822
86074
113514
101275
83354
88829
99406
89094
86048
86318
90630
98754
81070
107860
96100
112411
102951
95461
120132
71124
87986
114784
94831
80681
114222
106001
98982
79756
109782
95151
92614
99029
105065
91309
92052
104172
96327
85715
123683
98385
106743
84701
95292
118999
81282
145005
97072
85416
122640
97303
112240
89187
97047
103536
87021
109498
110496
97762
66156
110622
106176
107019
93976
86022
111619
81026
96736
67961
94982
73227
109639
97275
98217
108894
82745
112616
82330
118931
99006
75429
89794
113851
102411
112952
98611
121864
103711
82845
116525
80039
109472
85063
107237
100632
70365
117653
87643
95474
139422
100720
92885
92693
94918
93581
