173150
140595
140124
141757
113176
138978
127440
127073
100856
100887
116586
104105
99459
124330
85856
96202
118501
99958
110311
96986
144891
91788
68798
90602
106968
150050
154812
159630
107831
128594
135619
142870
141152
118924
141255
122731
98523
145191
114519
144892
120690
126277
122927
146971
143956
140452
134060
125080
120863
133353
128552
138629
118356
114391
146782
123741
117435
110764
132142
121440
112226
110922
113653
131955
111991
138758
117942
144803
134574
126426
151177
100202
115705
147898
128576
115545
140396
149272
122720
111237
141744
117481
127997
120369
129177
124784
126957
126787
129451
118838
153061
136413
138391
117509
115963
152422
100793
173373
131846
108403
152064
134709
144836
128821
116753
134779
104027
140281
140728
139433
98206
141429
133935
144696
130728
119053
142475
116809
133309
100500
124324
101461
146925
130691
131047
142435
107665
150878
114248
148605
136403
104291
110937
143222
136465
146319
129649
155100
135868
108620
150030
109987
131524
118333
137911
131234
102461
151031
122560
127673
172456
134091
124140
123534
131597
123119
