731054
703471
725876
718473
705811
864292
726520
744169
763528
744304
779920
727511
755312
759572
742393
718163
720234
737363
735535
718705
734819
698682
719567
728603
789243
744907
717615
700143
718815
759040
716554
711876
754696
713853
721586
728754
730079
709051
728070
694179
728104
711959
726752
710925
716264
683658
720374
717230
716244
708230
725233
722100
759124
719473
736060
710392
722056
701929
728522
768180
744460
716577
719136
734639
775390
782570
736842
781316
762606
702356
766434
718726
724705
700684
722280
729041
726079
717969
740352
744239
783133
775203
746605
756179
776394
718095
721169
738822
713340
719988
719018
697815
758283
747156
749401
741975
757615
741820
738903
760632
738820
749932
762374
700971
724576
714921
729854
708778
723952
702491
749648
739365
717092
708310
779174
708021
735305
731137
739782
693868
750473
697094
725377
720038
745450
705967
747926
702807
749954
744062
766778
751115
764838
774263
740738
757918
753185
714008
737944
747016
712881
725396
775296
742375
809102
743093
744169
743542
766096
702466
757138
706101
727900
726174
748629
714033
