738221
711296
750245
727026
714177
871569
734249
752519
771808
754558
787151
734401
763658
767720
749517
725847
727529
745393
742986
728460
742325
706620
727605
737787
796281
752929
726038
708267
726964
766801
724834
719911
763026
721290
728718
736234
737558
716798
735662
701938
736465
720042
734346
718642
724019
691718
728642
727155
724313
716078
732308
730576
767068
727193
744583
717906
729620
709413
735592
775696
751598
730143
725881
742835
784292
790041
744001
789171
770244
713173
774417
730642
732507
708348
730148
736719
734373
725849
748127
751974
791151
782733
754709
763842
783969
725719
728895
746899
721125
727980
726642
707842
766475
754334
757362
749645
765745
749644
746970
768308
746110
757636
769336
708321
732322
722248
738124
716622
731983
710783
757728
748293
725206
718037
786779
716822
743580
738472
747677
703688
758857
705189
732965
727811
753253
713516
755653
710573
757484
752953
775699
758546
772425
781615
747797
765201
760778
721539
744752
756058
720368
735863
782159
750260
816305
750186
751995
752003
775237
711943
764837
713921
735503
734026
755965
721409
