25993
36890
24629
32649
30462
23079
31097
30557
31473
27218
33286
31967
26371
32758
26357
28531
29750
31106
31695
31906
28325
31219
31824
31415
28371
30945
31284
33939
31863
31491
32350
31706
31145
31244
30475
33474
33236
26378
31304
31150
31804
31773
33165
31738
29026
31960
29943
32617
28374
31983
31308
31210
30121
32042
30145
30562
29707
31518
25405
32475
23785
31189
31545
32497
30210
26355
33792
31184
32110
19535
31663
31658
24269
27312
31033
30869
32255
23474
31109
31264
23860
30341
31976
29989
31476
32039
33374
31735
22104
29928
31285
30439
31463
30013
30992
30931
32715
30397
29638
29820
23118
26895
31405
25386
31182
30309
24718
28112
31145
25799
31008
31100
27198
30386
31915
25871
27608
31161
31275
30241
33097
30937
31614
29800
32826
30692
32450
30206
30893
31925
35237
23616
23907
29531
32140
31516
31121
30934
32048
31780
30319
30930
30992
31062
23347
29997
33582
22158
30602
30782
31706
29233
30567
30055
30930
25372
