50582
45711
31932
40997
38489
31344
39678
38720
40467
35852
41704
42539
34533
41170
33939
36472
37873
39432
41389
41047
37280
38968
40029
39555
41417
40953
38890
43216
40427
39817
41327
41582
39370
39736
38090
41470
41681
34509
39500
40752
40723
40196
41598
39964
37608
40381
38050
41811
35950
41795
41533
39218
38229
40837
38422
38979
38503
39642
34901
41282
31673
38672
39603
40672
38398
34510
41967
39541
40328
28010
40458
42712
32514
35616
39543
39216
41764
32617
39346
39617
32776
38245
39870
38184
38800
40003
40838
39866
30710
39105
40926
39080
40152
40006
39652
39084
39860
38918
37625
37864
31594
34989
45501
33264
39288
37827
32750
36028
39969
34105
40292
38970
35051
38548
39629
35049
35992
39682
40331
38371
41336
39701
41001
37961
41099
38347
40538
38772
39118
40002
44969
31912
32225
37384
40412
39593
39247
39789
40410
40763
38600
39152
39221
39104
30330
37755
41745
30445
38531
40043
40151
37100
39507
38295
39016
33142
