498991
416426
467996
398360
436075
390338
416379
438688
432623
431259
403421
395950
452781
407016
476256
603887
399739
411562
429954
410572
398984
362581
435272
404838
428963
445085
468047
417064
415862
475561
429214
421286
414392
387651
478156
400549
578695
379808
499448
403363
434562
413328
401585
477372
445940
415194
434145
406318
441713
416977
464745
431952
393520
431650
414057
445664
368778
389625
366152
390793
412713
382440
408466
372615
405912
408291
427430
467578
394380
464492
378160
376984
412099
398222
393704
395822
388366
374555
447285
413463
373617
408059
386696
358787
409161
399032
401144
423118
386188
453408
400775
402551
396317
401043
393308
377484
591905
400254
384956
381111
404558
370918
455667
381826
422388
361732
441474
379555
513005
370472
412873
394923
402729
399538
425252
393033
382119
399154
395662
399797
441431
381017
441016
391952
468920
387844
421232
385002
382504
363469
449079
388907
430250
408493
361038
397965
406185
379463
426859
398331
398801
393134
369890
383894
509960
380868
381638
371324
402778
409248
404508
402557
431315
411650
404014
359938
