611160
560515
584426
519536
559245
487484
532853
548581
549471
542001
522638
512534
555792
521071
582084
724255
554378
511568
535761
516160
484852
463603
524082
519000
537008
558894
597869
512708
594246
561181
535741
509147
540334
522563
563862
509779
698828
472317
591055
502960
515904
507096
486684
568781
544276
518466
534315
497837
529546
516254
570632
543371
517903
512182
513240
526889
465530
498731
463161
518281
523674
495458
526309
473586
504330
506388
504052
566119
533383
570872
500756
485644
505034
502279
484883
486928
539662
477085
540116
520787
481678
525331
496934
458693
516803
512028
521969
530917
488430
558394
499423
534554
505036
502503
513436
475644
679486
486925
482096
467182
501989
466667
541599
465435
499968
474150
542243
496000
683511
482574
536567
474797
497371
482298
519562
482243
468570
515095
512955
521225
569532
456213
534372
494335
573173
487372
514710
495547
496671
463045
545037
496053
528699
526643
465956
502039
508216
491727
529675
513226
493991
528225
490055
489480
622562
497527
475821
461928
485813
509382
496388
484946
530700
500213
500675
446193
