767424
751236
778048
751928
799197
894411
774029
761075
765240
763316
755998
770917
989616
838058
833966
884772
801735
902239
872905
872997
760517
790706
786159
814153
868000
842985
881763
819542
804910
851591
838369
788325
808433
883310
783121
788154
897577
807149
866993
868517
807122
872532
785587
851712
819170
806066
765169
849769
1218542
806048
932403
796850
858213
779611
790504
796351
823905
821106
818515
773313
906687
771189
746590
764823
846925
801950
802789
783030
808659
774270
773434
803824
811940
750189
774531
808357
807743
825978
785510
787319
795378
774112
781282
750574
823884
804667
841581
797053
801382
811218
795878
825339
780175
874354
742118
818871
1029101
821911
836157
790859
846026
834718
790614
771352
896130
818633
841000
778759
822215
811181
889292
840003
815946
790095
828288
765370
747383
764947
802372
808029
837611
785892
774633
787175
769941
750079
760467
762455
774013
782774
760757
767608
796810
764535
805008
750675
835882
727548
772234
751917
756689
802549
789413
745836
830797
757592
839008
824065
811846
789706
816769
766679
831028
762670
767388
851465
