791330
761654
786792
759829
807359
903137
781362
770067
774905
775718
781820
779826
1003423
850459
853716
900218
809027
910149
883110
880719
768934
799975
794577
825429
877040
851141
888284
1156205
809720
862354
848779
802335
814686
892022
791588
801151
903007
814959
877257
874066
814348
881185
800091
858009
833495
1435293
773529
859739
1236332
812284
941722
806393
864574
785416
796675
803174
830393
828544
829580
778276
920662
779390
758841
790457
854772
808406
809863
1236995
825210
787141
781526
810826
824875
757650
781718
817885
819176
832341
794486
794884
804602
783963
787571
1277319
836805
816391
848036
810764
809011
820309
804820
831713
784894
879959
751796
825916
1040599
828453
843372
797759
853599
842347
796984
776919
909587
828411
847103
800850
842027
818468
894153
845250
822022
804647
839439
772050
753356
772950
810683
815615
859547
791237
784333
797639
777713
759382
768524
769966
784637
790953
766254
775883
803550
775889
825855
756638
842449
732743
780570
759702
763636
810989
800555
754641
836352
765104
844022
830785
825147
795342
835565
772822
836028
769551
773305
861892
