1128024
1097203
1102622
1212203
1153641
1059930
1204177
1056462
1063961
1278026
1108698
1039005
1410949
1305403
1310533
1949122
1216849
1151795
1228710
1351168
1189250
1228604
1218125
1211206
1347322
1209576
1261245
1155595
1261639
1237088
1238265
1326674
1175977
1292351
1222417
1135503
1303095
1222892
1352562
1294441
1236222
1339060
1259162
1220485
1222182
1202861
1233067
1153725
1336352
1299623
1298865
1208280
1176910
1260828
1342586
1289310
1131269
1202052
1261602
1243837
1400334
1221235
1260384
1314766
1215817
1206762
1200135
1230886
1175755
1144153
1145941
1178138
1163357
1163517
1206514
1204659
1174880
1267852
1193372
1186589
1158858
1187430
1254049
1196628
1179459
1184048
1265963
1189892
1188635
1156429
1215845
1236579
1160433
1196512
1169759
1232812
1224338
1176919
1152107
1240764
1279036
1210516
1167428
1258123
1163112
1254233
1228584
1242838
1293873
1210725
1299867
1281142
1159639
1215613
1177888
1167799
1223782
1184623
1185964
1175170
1201104
1300705
1212562
1186650
1187869
1187005
1276039
1181487
1148079
1223938
1188522
1179195
1142348
1149784
1195863
1082470
1249580
1231483
1155730
1156060
1134385
1212199
1240618
1191741
1165585
1204019
1099426
1133280
1073006
1196788
1121118
1127078
1164843
1194856
1119922
1145732
