1151650
1121604
1122221
1233038
1188834
1079633
1217465
1080794
1087382
1297859
1128909
1063058
1427909
1327740
1330831
1968216
1229664
1164264
1250590
1364533
1207315
1249276
1237610
1230346
1362802
1228684
1279493
1169727
1280842
1252837
1249051
1336887
1194889
1305593
1234487
1150353
1318238
1244955
1365411
1311886
1259646
1350678
1279821
1241232
1235486
1222019
1244976
1165946
1349064
1318905
1312438
1220534
1194008
1270969
1353180
1300759
1150025
2028233
1285300
1256886
1423122
1236534
1278125
1337240
1235772
1227877
1223908
1249508
1190131
1163749
1162797
1202441
1177354
1178471
1224485
1226540
1192412
1290059
1213723
1204912
1176651
1209244
1275167
1217578
1195468
1198050
1282701
1209829
1215184
1183091
1231860
1254010
1171820
1220354
1180796
1246420
1243293
1198910
1165140
1261349
1297178
1222224
1183390
1273067
1176038
1271324
1242528
1263142
1311007
1224844
1314505
1305220
1171405
1231916
2104155
1189507
1244704
1206959
1206653
1187095
1216430
1317140
1228901
1207441
1201352
1210125
1291339
1225896
1170770
1245126
1201245
1201395
1160854
1178848
1221725
1112485
1265471
1268664
1183517
1175503
1147175
1229157
1263078
1215129
1189764
1220056
1110542
1144748
1084478
1209544
1140569
1140354
1179194
1219527
1139154
1159617
