3609773
3566542
3610195
3569944
3748268
3483690
3413372
3630570
3333041
3501474
3442493
3473628
3401034
3454235
3403647
3419074
3386519
3424279
3470085
3456250
3558802
3473046
3462538
3550762
3421272
3450406
3412870
3506673
3381945
3366888
3497031
3371575
3432894
3457681
3430881
3368817
3393556
3487052
3368993
3501781
3401829
3387386
3451552
3423615
3394501
3420783
3443420
3379657
3378507
3389494
3378510
3331269
3401476
3497159
3407385
3392539
3369154
3425987
3350502
3516747
3390574
3443387
3366954
3349571
3381454
3415568
3373453
3403711
3425241
3387832
3466865
3505806
3362549
3461217
3462307
3396672
3388582
3439177
3335511
3387730
3371418
3394588
3367017
3481242
3444860
3466513
3412746
3348314
3375602
3487260
3346633
3369823
3417054
3400707
3347290
3388628
3340986
3404281
3415945
3452501
3434475
3391156
3483441
3427103
3448967
3428591
3384669
3376737
3402006
3368809
3361668
3405570
3359229
3392487
3370517
3390335
3396114
3442035
3439590
3359463
3328781
3392879
3387593
3466159
3380410
3371496
3335919
3418015
3427272
3356432
3359363
3477277
3383950
3426507
3349411
3346766
3387274
3395738
3478781
3357673
3339155
3389575
3373491
3478965
3404033
3431099
3360752
3410909
3377350
3363273
3399874
3434937
3344145
3344161
3363813
3382807
