3622583
3575263
3619247
3580057
3756559
3492105
3421569
3638733
3344458
3509911
3450411
3480860
3408777
3461487
3412212
3427618
3394218
3432248
3478609
3464958
3567411
3480552
3470768
3559029
3429196
3458040
3420949
3514878
3389485
3376417
3505382
3379683
3439828
3464721
3438613
3376682
3401343
3494886
3376142
3509431
3409842
3395483
3458996
3432106
3402615
3428839
3466534
3388550
3386664
3397822
3386642
3339011
3409517
3506186
3415143
3414507
3376771
3433334
3358128
3524734
3400788
3450661
3374275
3358633
3388798
3423626
3380248
3411431
3432898
3395461
3478961
3515582
3370116
3469003
3470377
3404620
3396195
3448033
3343082
3395610
3382078
3402409
3374896
3488183
3452810
3474292
3420818
3358882
3383278
3494899
3355460
3377567
3425179
3408647
3355096
3399764
3350656
3412380
3426699
3463086
3442352
3398825
3497800
3434621
3456901
3436279
3395138
3384277
3409987
3377095
3369687
3414351
3367451
3400150
3378406
3398586
3404973
3449943
3447858
3367240
3336668
3401278
3395592
3474315
3386548
3379034
3362388
3425666
3435108
3363696
3366866
3485202
3391106
3434449
3357353
3354297
3394888
3403494
3486529
3365467
3349357
3397345
3381171
3488038
3411390
3439269
3369066
3418303
3387984
3370825
3408412
3443038
3351662
3351857
3371814
3393251
