53138
64899
83740
72517
74184
80248
67450
63474
41812
69083
55936
67729
37130
59827
58682
34719
49604
60431
47325
71686
48030
66427
68489
78253
78410
73256
65445
41616
56203
76266
43506
104163
39896
82964
50193
82443
50099
70133
49043
69586
64720
55653
65994
52283
85101
44567
55264
70525
46235
36762
46342
69495
70323
45826
38334
68545
40113
54461
58930
69852
59115
75821
91470
75590
53282
74187
61585
79917
65609
49160
78672
58495
40131
57446
44653
59297
73132
83983
50457
71776
66313
63768
59003
62200
81187
59640
39755
76613
57518
67056
71063
58667
67932
57279
68890
46400
49758
88161
42866
72972
82728
74585
60011
56894
68568
56450
43302
81270
58862
64767
50678
63740
34404
57565
59135
48236
45391
51040
65348
55481
46687
40811
65493
62189
54649
50849
49987
69550
71048
67924
77792
62116
63214
83722
51140
89067
58466
37879
73959
70853
55350
47040
36301
48459
66858
52868
74593
50862
73717
41268
57726
64344
46747
74616
88256
52036
