258835
228011
255963
216187
224299
230025
210679
221825
174169
213811
213719
218691
175763
186522
186351
186307
202964
206973
205073
223657
190938
211010
225470
238978
249713
215949
186640
202376
196097
246995
177764
237617
173079
208129
199675
222617
175887
219012
193282
215455
230307
197510
214242
210626
228298
195445
197687
216972
193994
183473
180604
200187
232455
189007
171907
212979
189984
205510
189459
196276
197930
216299
215769
220194
201561
234316
196681
223706
199127
205950
225750
201978
173087
201616
193608
205921
209803
249856
200433
224182
240730
209662
194595
188386
208339
213530
170744
227260
199839
221653
227773
197710
203073
206576
236323
221577
179201
235106
176000
222680
229607
249456
209690
190862
205016
192162
162940
211850
184578
209681
194380
218633
189213
193956
211623
180593
197305
175678
206060
185501
184700
188980
200522
191316
192630
209038
187058
223615
215469
228731
214302
220283
198797
251534
199619
252476
214512
173197
213174
244664
222206
210111
203568
209751
204812
199421
208474
193012
206825
196633
196802
221145
179965
221964
235307
218165
