316510
279844
287841
283835
319913
202942
301169
339475
306695
264897
299538
274818
341754
315171
354300
341908
321068
347260
313600
364496
324980
320206
396647
330465
350022
320497
322527
310811
306595
295353
352584
358309
193926
324330
322853
323158
292276
350657
362634
172060
189314
317061
370233
180227
346470
332232
311298
220264
306336
228252
327139
168639
367767
355600
350813
213360
308757
409845
324401
324876
348125
189854
311126
369357
346759
332837
273394
274571
335321
159930
313776
330653
301557
294647
211101
224759
321289
317099
281135
328141
192576
367159
330170
184380
335514
355859
203815
169182
266766
302074
288708
369663
340467
314794
335104
305403
416817
293209
357144
194803
345058
317208
328834
359457
359646
381026
207963
317256
303091
333445
305518
316217
363535
352419
336656
180436
253000
382072
382766
347716
319084
320272
401814
399203
182798
260175
298499
297752
281610
341223
363193
308722
348972
369230
422751
332983
364489
308538
381861
353823
185362
320267
396487
336884
316840
322580
313298
319702
354304
272131
313154
309029
296593
166582
193631
293612
