323342
306750
296301
293590
329861
210694
310477
347732
315010
273261
310715
283986
348730
323564
359198
346879
332755
357616
320904
372013
330620
328095
405230
338249
357848
328773
333350
317070
313587
301665
362140
367690
200981
339439
330272
330559
298865
357806
369136
179063
195703
325159
377814
187718
353854
344565
318609
228759
314360
236070
338682
173933
375391
362299
357824
220716
315891
417202
331729
334319
353814
196507
318719
376854
356282
338797
282965
283035
342734
167952
321543
337751
307355
301721
219529
232845
327662
322758
288213
334622
199910
395277
337482
191267
341320
365121
215976
175842
273101
308636
295510
377145
349646
321207
343666
312861
425915
299928
364304
202281
350744
324746
336944
367954
366817
389245
214156
324346
309625
340609
311643
323724
371042
359209
343570
187431
260236
389482
391207
354904
327240
327025
410851
405983
190153
268148
308142
304641
288433
349062
370982
316224
356473
376152
433911
340509
374429
314663
388683
361344
192406
327876
406008
344012
324857
328883
324264
326953
363218
280373
320384
316239
305274
173296
201900
303377
