48889
59320
41682
64031
30863
55544
53852
44765
35841
44942
52813
45863
46179
55350
45994
28517
58428
43047
56354
35824
42642
38386
28547
61769
39600
39584
32813
45089
46554
49992
28152
32064
41182
33334
37610
40473
39630
36002
58096
56944
41448
40797
49071
33189
73718
45858
45819
36352
41450
46031
31870
40783
55428
43474
49861
45530
35365
41474
43746
47419
28486
50351
58589
52119
44684
53995
46557
32530
44077
39002
41157
36637
53000
43077
31609
48285
60990
48396
39039
56922
45805
35885
32715
39277
45746
60540
46607
34454
46236
40749
46390
48556
37137
31523
43461
39118
35559
41930
57135
43129
33992
35310
28595
29882
44707
47237
28717
38881
43439
38105
40400
51440
32696
29903
38542
51985
41969
37299
57012
42301
32926
50157
40865
33711
41664
53452
52280
59110
42020
45573
28804
50644
45867
35778
50010
33227
43790
45381
42220
51635
28467
45655
49833
44024
35940
44480
43163
56653
30623
33714
64838
39588
48335
40156
37272
33968
