57362
81662
51067
72846
39007
63982
65209
51742
44481
54198
64335
56166
55076
62660
55336
33937
69026
52243
64836
41476
49845
50774
34904
81240
45013
49751
42179
52745
53371
69233
35122
43047
47806
38588
42873
45537
52146
49609
67182
81440
49415
54911
54248
44083
79758
53039
52114
41889
48827
55568
37720
47055
64822
51080
57883
60055
53696
53161
51038
53957
46640
58321
67996
61424
52494
62694
57783
44127
53261
47280
58318
44333
62487
51921
42315
56933
77104
57205
44946
64221
51911
44198
42238
47332
53079
66986
56002
40401
52727
52697
52626
54390
42755
38896
50748
44986
54115
47896
62765
50925
39828
44487
36067
44732
50758
53782
33313
58295
50981
46684
46401
61722
38604
34918
45066
60700
50762
46265
63663
49950
44421
56283
50607
42066
48622
60935
60988
67310
49689
53504
37668
59932
62216
53599
60332
42764
49144
54490
49376
64861
39191
53719
57426
67758
46738
57823
51057
63598
35455
45338
73487
46340
59010
46009
46464
43014
