2287691
3447247
3170441
2988211
1830188
3275888
3650104
2696764
3383131
2853309
3045579
3193125
3229942
3035254
3249918
3173799
3049719
1793441
3151059
2365342
3297173
2393876
2990407
3295675
3376865
3670714
3200561
1609119
3180179
3120591
3001825
3675926
3065766
3034509
3032945
1621997
2818541
3078635
2795609
3172322
3054577
1632668
3111609
2914026
3550303
2923756
2774234
1690844
2972449
3577170
3116978
2730661
2978496
1634339
2335699
3327074
1829471
3590448
2911428
3644668
3299130
3231055
3297984
3349867
3264954
2892725
2825359
3186054
3381968
3617204
3080577
3628272
2843676
1801738
2314534
2867541
1826633
3385321
2741080
1878633
2340703
1744314
1787235
3434765
1782597
2790674
3129965
1797025
3239828
3601035
3235720
2932709
3355507
2866637
2932777
3172665
1797074
1668491
3430567
3484147
1737031
2824971
1725627
2750151
3362762
3498486
2445223
3410114
2827566
3242206
2996423
3312451
2829030
1880094
3012968
3513087
1664551
3022805
1864232
3277786
3476911
3002993
3280395
3229964
1677728
3602333
2979392
2906370
2896002
2995729
3696759
2876749
3646393
2845310
3680140
2938505
1838241
2847383
1875569
1827981
1712501
2393060
2829336
1791901
3217665
3390474
2973550
3216274
3561274
3223125
3243018
2956992
1768934
2999105
1805217
3336272
