2295477
3456766
3179157
2996653
1855875
3284594
3663133
2706664
3392282
2862362
3054124
3201136
3238371
3044319
3259466
3182173
3058089
1802285
3161234
2373865
3305951
2402096
2999344
3303756
3385242
3680578
3210278
1617880
3189128
3129097
3011553
3683947
3074524
3042994
3041208
1629724
2827059
3086381
2804009
3180660
3062440
1641045
3122986
2922857
3559179
2932869
2782185
1698866
2980573
3585302
3124822
2738919
2986913
1642554
2345388
3335252
1838102
3599017
2919977
3652307
3307002
3240431
3306948
3357764
3272885
2901076
2839506
3194435
3390584
3625533
3088559
3636783
2852170
1809978
2322526
2875552
1835127
3393461
2749662
1886986
2349293
1752742
1795913
3443030
1791529
2799330
3138013
1805788
3249594
3609529
3244362
2941021
3364082
2875325
3147947
3182217
1805221
1677048
3439076
3493922
1745634
2836061
1734163
2758243
3371785
3507016
2453227
3418912
2835268
3250741
3004648
3322296
2839412
1888343
3021315
3521520
1673169
3031151
1873675
3287222
3485846
3011181
3290237
3238851
1686275
3610773
2988359
2915113
2904233
3004011
3705772
2887661
3654796
2853913
3688954
2946978
1846853
2855383
1882781
1836739
1721476
2401528
2838772
1801987
3227047
3399362
2982005
3225146
3569715
3231831
3251007
2965527
1777002
3007502
1814600
3345264
