771093
739213
715978
744113
774447
837072
790289
732686
793072
797772
752298
767953
901161
815358
779016
841685
867958
804936
764171
790899
739321
781005
728674
736833
806457
776945
779061
732632
734063
756988
756327
767012
764398
773561
797909
758126
840437
777286
806702
748136
798652
801897
774139
756121
755789
758637
771369
746401
794677
760196
732779
766169
822383
758049
766671
772140
752411
740578
754572
779504
799864
774624
803641
747634
739781
783230
770467
771633
759491
726408
731854
766878
814647
767793
789033
803278
736425
741664
752038
747928
783433
767187
765825
718497
786904
751497
771149
795111
747651
747973
744747
775647
750866
753729
779884
757369
809409
785746
752628
753013
768077
785175
783486
739069
740291
758232
736466
750811
771357
778265
756965
784470
740649
742297
804912
770511
767457
751306
738118
745566
801568
744969
752018
729970
732364
737443
734073
741362
744338
743061
764405
782074
790880
745636
808873
759537
749840
779023
749477
759392
734215
738966
762370
777275
759431
772916
756210
749284
750871
766996
773666
771753
767384
752045
750850
736728
