779012
763544
724008
752405
782515
847227
797599
741220
800403
806766
760500
779986
907783
824900
785707
848381
876053
814857
772569
799189
746649
788468
736388
743864
811490
784420
785638
740811
739033
764085
763886
776181
776008
781469
804490
766060
846990
785301
814423
755759
807838
809013
784318
763247
762379
765643
781467
753667
803029
769212
749343
774097
828391
765900
780425
780151
758540
746594
761915
790772
806539
782383
810758
754147
746727
788740
778260
778800
765959
734216
739523
775113
822119
774201
796046
811034
743865
749418
758624
755921
792992
776937
772354
725405
793359
759564
779789
802142
755170
754925
751781
784337
757233
764605
786520
767913
825584
794910
758969
762921
773091
792632
792239
747657
747127
765406
743882
758135
775492
785319
761518
794005
747931
750951
812298
777162
774696
758108
746008
752151
813072
752073
760545
735748
740177
747642
742027
748277
752558
750123
771787
791557
801156
755882
816701
766603
757404
786410
757700
765903
743843
745223
769267
784722
765910
780179
764008
759587
758593
774849
780395
781443
774227
761964
760839
744340
