8834254
9957259
8964049
9109239
9491001
15736037
18956284
22245370
26479760
30002169
30012144
30000961
30000918
30009515
30003991
30001603
30006168
29999953
30003727
30011482
30002449
30008912
30008833
30003905
30001089
30005414
30001777
30000773
30004368
30007619
30013423
30004577
30001018
30074566
30004587
30001401
30003444
30002094
30001743
30005943
30002819
30003969
30001771
30003476
30002883
30003584
30008270
30005160
30005906
30004576
30003408
30004408
30004145
30005661
30004588
30001946
30002301
30005073
30004206
30006447
30003700
30001762
30004126
30002507
30000804
30001681
30005861
30000288
30002424
