294129
272679
288942
351440
231197
318326
324433
167221
299139
189823
286722
291181
232610
396581
375361
354652
406600
390219
321393
409757
205737
370176
368456
231594
339343
359215
364532
345641
375679
312009
198747
350012
390063
378234
230677
296082
417453
377290
336710
362457
244467
279770
244891
285312
385869
327134
365374
348962
426451
429548
381547
368764
457386
330441
256475
215078
425915
348034
226940
408169
359064
362931
331830
382333
357386
339458
381724
343037
371481
377703
335758
330020
328457
374591
328923
241000
328869
348551
343412
369921
223983
325280
307106
380056
360281
195778
260231
435152
317803
327569
314200
363319
300633
354370
286205
313638
338544
382898
331297
354589
182070
416798
477070
305214
262353
333444
407556
174336
341409
397673
384441
365569
202368
351336
372690
317695
300183
429708
332617
210809
361508
301242
343364
411943
348330
244788
216999
332662
353233
170667
315902
352468
362928
365971
434279
391942
325967
312996
334393
357072
374287
327440
374162
365965
295632
278419
356902
400803
331366
316639
431229
313884
327363
405342
339750
322736
