302326
281058
297641
358197
256176
326567
332540
175677
307147
196282
298095
299696
242225
416849
387326
361191
412862
395021
330238
420897
211992
377163
380837
248363
346928
363888
370852
355703
386914
318465
203608
362472
402887
387220
241056
302784
439142
388043
342446
367733
251396
288094
249714
298822
394833
332414
372626
364151
434707
440162
387981
374178
462500
335764
263137
220528
432872
357610
232647
420750
372755
369381
340873
388018
366250
345845
391210
803607
385134
384176
343443
341934
333340
382244
335606
249700
336266
355495
350078
379590
236152
333538
327324
389057
368759
207596
265969
444051
324767
333663
319389
374074
305835
360059
295583
324091
344931
390647
336719
359667
189271
422388
485580
315715
268849
339387
414220
179529
386902
403658
394098
371737
211543
356089
378141
322248
305772
438617
342604
219313
368009
307031
355320
423876
356119
258055
224387
340598
360060
177984
326488
360354
368596
373910
442671
401602
332736
319936
342168
367211
381123
335582
381140
372163
304578
288407
363201
408931
337824
328760
437126
318780
333354
412555
348068
331256
