22762
45604
29067
29207
24052
32550
29823
25805
26493
17867
24591
20245
38331
28556
14365
29833
26356
13291
35111
30425
29489
21906
30097
27163
31415
30274
19426
35482
20583
32425
28728
13672
16397
20138
31661
25890
14894
32085
27591
22999
31033
21351
29151
38720
28761
32005
30178
44649
36140
21061
16267
16728
17176
18948
27724
19285
31076
35826
13378
30488
27906
16189
27875
42108
23125
38130
31633
27096
27698
28774
28985
22152
42135
27603
26441
16528
31830
27378
28032
32959
28059
30354
24756
34268
31311
30773
34704
24541
36024
22843
32238
30218
22657
31949
31720
32408
27577
27038
14786
40902
32357
30300
29280
27683
29377
29960
32204
21492
23844
23838
31512
23832
29488
36178
22253
33307
28246
38833
27095
28238
29024
23747
27812
25734
41093
23999
28023
28607
21451
32355
29287
30195
16013
22060
31927
29954
32951
17700
29264
25188
22155
30426
28478
21463
16925
28497
31210
27501
28346
32351
14701
27549
32849
31639
21087
31587
