30466
54582
37464
53985
32705
42189
37591
35018
36150
26283
32406
28007
47513
34985
18605
38931
33874
19166
42310
38313
39711
29171
36821
35475
38739
37803
28326
40310
29050
39867
35727
20197
24807
26986
37263
39998
21972
39686
35210
30025
39094
28087
36490
47233
37063
49546
36977
52790
45521
26452
22964
22704
24290
26396
34461
25363
38569
41834
19226
39724
36897
23063
37071
53327
30492
44995
42759
35425
34617
35151
35012
28733
52240
35585
34663
23099
38250
33020
35309
42017
36899
40242
32630
40802
38633
38254
41078
31262
43484
32532
39209
40988
32635
39004
38797
38014
37090
35639
19858
48505
39143
38014
36460
37467
35974
36010
39358
28986
30308
30280
39399
32418
37739
45204
28773
39194
36767
45706
34100
34318
36512
30798
34604
33998
49837
30656
38039
35733
28742
39642
37711
36678
23486
29534
40051
37841
41105
30431
36695
32670
29316
37314
35948
28673
23510
35712
38544
33396
37786
39687
21538
35191
39913
42100
28534
39751
