3758733
3674119
4121240
3745921
3606395
4006579
3554813
3563147
3504124
3708922
3558712
4358580
4022278
4068017
3945190
4042432
3854715
3923580
3623412
3935685
3638811
3957341
3667713
4006266
3828850
4086406
3717349
3875569
3928954
3735997
3765458
3814718
3881337
3861083
3674525
4258253
3831027
3970132
3780910
3779766
3941789
3746017
3852777
3875997
4009048
3854329
3720714
4147036
3987969
3740820
3729221
3835498
3805543
3753851
3828369
3724415
3754066
3862522
3673352
3859405
3745307
3749354
3705639
3736629
3704066
4074760
3752680
3702086
3694093
3654711
3823230
3732091
3826121
3636944
3680834
3692709
3657292
3671388
3664676
3621238
3687509
3714285
3623263
3792056
3690313
3710279
3676929
3845411
3770987
3848865
3653053
3764150
3844730
3892486
3747128
4072932
3827370
3786272
3729670
3723692
3699737
3773343
3659777
3821932
3793403
3659494
3770809
3931787
3789870
3835446
3740209
3688361
3682432
3915236
3769623
3649349
3604340
3658148
3622489
4025858
4003792
3831048
3782941
3681785
3645089
3661474
3595501
3607738
3669972
3601490
3650942
3802009
3658486
3721836
3705435
3732397
3617388
3619506
3651602
3632702
3654372
3701615
3805152
3903650
3705517
4015341
3790694
3826187
3781681
3921741
3721853
3725106
3685900
3673694
3805714
3881155
