3765832
3681919
4147344
3753767
3614914
4016283
3562505
3571931
3511846
3718648
3565844
4368218
4027556
4077087
3957259
4060580
3861175
3938004
3629077
3942625
3647879
3969243
3675103
4020568
3839394
4094010
3726008
3883694
3941912
3741715
3771750
3825707
3896477
3865481
3680715
4266691
3838899
3976203
3787400
3791929
3947054
3754229
3857906
3882457
4447393
3864401
3730521
4162764
3994297
3748383
3737635
3846169
3814630
3764874
3833968
3735483
3765909
3877911
3679572
3870481
3752753
3757147
3726473
3744718
3718558
4090607
3762948
3711110
3700540
3673222
3832977
3738824
3833421
3651482
3690789
3706930
3665114
3684998
3671835
3628064
3695423
3726499
3639190
3800012
3697489
3717645
3682273
3853134
3779201
3856785
3660419
3774203
3852888
4393180
3758136
4080267
3833160
3798250
3735004
3729312
3707237
3785909
3665444
3830892
3799054
3668752
3788099
3939640
3794926
3843800
3746406
3696236
3691621
3922981
3781445
3655438
3612938
3665271
3633366
4032944
4017642
3837356
3789772
3700294
3653790
3673005
3604090
4073191
3677079
3608659
3657398
3809592
3665934
3729623
3712667
3741961
3624060
3627149
3661635
3639343
3661817
3709233
3812020
3914937
3711502
4021235
3799272
3836302
3790438
3933529
3953146
3732659
3691289
3679560
3818024
3890245
