2458916
2381936
2364185
2939167
2324092
3323375
2456663
2396871
2273025
2971801
2494838
2713595
4107904
6095967
5821745
5791053
4828400
3895741
3476089
3829021
3351704
3321276
3923968
4616265
4399085
4023604
5846548
5383044
5608903
5449591
6319539
5005241
5743852
6464443
5955883
8033389
7661549
7294117
6132089
6064764
5679455
6845316
6616730
6418137
6166453
5698320
5335111
5152660
4051572
4339996
4010191
5154073
5116700
6111879
5702593
6002800
4053666
3133082
3887453
4786199
3773867
4153830
3556827
2814114
3546258
3461200
3762255
3648601
3533235
3485602
3032139
3876161
3817435
3519118
3340980
3114866
4384091
3661298
3739330
4771005
3921510
4441473
3457615
4490882
3173712
4448066
3577208
3781233
3970364
3531924
3819415
3974383
2698806
3744312
3501970
5015867
3556524
3625307
3242608
3707310
3552233
3711479
4084382
3747132
3932059
3865645
3724498
4279944
4048884
5214962
4806483
4056745
4566617
3910700
4916503
4249906
4780828
4268748
3846077
5398771
4123030
3539403
3784712
4538710
3963240
3089065
3571647
3166344
3377202
3513242
3347433
4452973
3457965
3690602
3194707
3554586
3887970
3874508
3275403
3855196
4008133
3949099
4235782
5209767
6825208
7573419
7705085
8308047
8792756
8234462
7477280
6237648
5368458
3762672
4205872
4941063
