2465174
2390130
2371699
2946087
2342287
3329951
2462636
2405232
2280939
2978717
2503609
2722889
4113605
6106234
5831086
5796334
4838232
3905994
3483053
3836022
3636949
3330069
3930540
4628100
4403214
4030302
5852654
5388912
5613620
5457051
6325027
5019918
5749348
6474699
5962321
8043120
7666734
7307331
6140634
6071877
5685254
6850339
6622366
6423160
6171859
5704548
5345828
5157629
4065665
4359374
4017538
5159485
5131695
6117835
5738589
6008869
4060526
3154351
3906058
4799692
3790202
4160770
3564286
2822972
3552379
3471002
3768276
3655528
3540620
3493498
3040643
3883337
3823149
3526796
3347177
3121135
4389915
3672229
3745190
4779162
3928036
4448374
3464636
4496900
3183020
4453051
3591879
3795807
3974405
3537546
3828114
3983220
2707157
3761381
3509392
5024339
3565652
3631615
3248656
3712784
3821079
3717028
4091921
3755899
3938847
3872572
3730294
4289668
4058285
5236575
4820099
4065974
4574992
3916725
4927426
4255234
4785873
4276717
3854541
5405448
4129369
3557213
3793255
4543487
3972902
3100197
3582253
3460158
3383963
3521341
3353583
4460804
3464182
3698679
3201261
3563745
3893851
3883858
3287866
3860505
4016640
3956785
4246613
5219344
6848385
7583030
7709889
8318350
8799343
8240085
7492060
6255253
5375482
3769535
4216178
4951446
