37581
72622
64478
82879
63596
68564
66489
74787
42619
76167
63038
46891
65932
79260
75999
71263
41814
41508
76682
82192
78662
43555
34030
57820
62754
49714
81344
71484
60865
37952
81112
72038
67571
59099
78400
78337
83418
49991
101311
63208
75015
47062
83696
54114
76284
83670
64649
52856
64516
80402
87762
49681
56776
66420
55634
86436
94542
72416
67002
93257
66517
74347
57744
72118
83892
63655
68777
90144
44677
48237
38896
66390
47774
67240
65860
71787
63069
98243
47377
102442
42920
85845
84469
34780
57491
98904
66141
83016
80183
119580
108785
65986
72716
58033
84049
58930
71009
49932
79921
40722
367973
150202
89856
79466
66213
60702
38557
51550
97493
71649
65814
73952
64371
54779
56523
94448
59490
56539
65700
59015
45778
84159
68603
43332
74694
73471
63978
73326
72796
80464
78469
83098
76766
57789
60436
69875
59282
80914
77118
45970
64213
67396
53738
85093
93152
76988
57139
64751
90787
75382
77628
69823
67005
38441
82646
73627
