43958
98046
72585
91149
70866
76515
75632
82982
51328
84671
73251
63961
74184
87424
81348
78883
48480
52289
86944
91608
87096
49659
48852
67619
404740
57071
86052
75974
70530
42596
90119
432489
84651
68998
88125
86526
91796
56568
110678
71302
82485
55378
88998
60718
84301
91121
82389
65008
138256
93366
104957
57019
64882
75191
62299
92045
105441
83005
75470
105883
73995
80354
64314
78454
91342
71921
75258
96238
52495
56359
57530
81219
58642
75667
80665
78560
76428
115825
63359
109061
51887
92646
107154
42232
87271
106639
91063
97445
92331
124837
553112
72011
78624
64358
91460
64339
79537
56989
86722
47668
380198
163570
96201
85760
72790
66970
42973
58743
105332
81061
75556
81643
73371
60521
71078
104866
149204
62162
72930
66741
61882
96292
76008
53502
83523
82464
70332
79306
79565
89343
88949
90238
84440
64755
68351
75611
67410
86193
85416
53439
78975
77974
80634
92836
100894
89011
63545
71988
98116
80374
88107
80829
74835
45460
89219
77670
