3261343
1842362
2351237
3474900
1711853
3305861
3060666
3250148
2448371
1913517
1664673
3777297
4047879
3473638
3772845
3273011
3376511
3792220
3696653
2932743
3502953
3435077
3113657
1943763
2066739
3598064
3663709
1916491
3164931
3385386
3369454
2955566
1854891
3371944
3205556
3558816
3964546
2005952
1791286
3194094
1946401
3549052
3405260
1843545
3272370
3294513
3108562
3595872
3622571
3525383
3159296
3960719
3216039
3302704
1958967
3462964
3325584
2015001
3162426
3659560
2265517
3656758
3322180
1801973
1776492
3533531
2131516
3423032
3116690
3537378
2992940
3486012
3013239
1966343
3478763
1828650
3044455
3236356
2050833
3662209
3299310
2052915
3611058
2097728
3279541
3171425
1990157
3479584
1963797
3214686
3288414
1862058
3459903
3009074
1825662
3311421
3360569
3012868
3621941
3085383
2546580
3476723
3106758
3130247
3064088
1982704
3058752
3251130
3167207
3440162
3304942
3247172
4037567
3461863
3075453
1823181
3525116
3369618
2558406
3434379
3022038
3510735
3030566
3049121
3435787
3206735
3214733
3301317
3228051
3465999
2521791
2990368
3142577
1827132
3424239
3041275
3440051
3442416
3687564
3001212
1883989
3184104
3196524
2531830
3521586
3109910
3339691
3233639
3674861
3111461
3715005
1815564
3074617
3207403
3680393
1804074
