3289386
1852038
2359075
3485104
1721603
3314720
3068057
3272011
2458300
1922631
1675651
3786476
4055929
3481186
3785447
3280067
3388989
3805327
3703489
2951037
3511926
3442627
3122530
1952207
2084714
3604770
3669794
1923921
3174293
3391616
3374274
2964475
1870761
3382569
3213787
3565112
3974017
2517452
1802980
3202227
1952001
3554233
3418836
1851979
3282727
3301145
3115784
3601438
3627758
3535256
3166247
3975324
3225323
3309291
1965753
3470558
3331799
2021154
3172066
3666990
2271267
3664736
3332229
1808543
1782112
3539742
2142045
3431171
3125689
3547092
3000671
3496159
3418015
1974723
3489116
1836337
3051207
3252593
2070984
3672978
3307753
2066514
3618462
2104150
3291488
3179445
1998573
3487751
1971412
3222218
3300169
1870497
3469967
3018534
1830251
3316656
3365308
3018465
3630073
3091679
2554895
3488756
3115987
3136388
3071683
1988110
3066017
3262056
3178992
3447494
3309995
3263148
4045242
3467316
3082531
1832303
3533225
3378792
2567493
3442639
3037019
3518101
3036648
3055794
3443463
3213849
3221482
3310030
3239398
3477653
2529960
2999565
3150873
1837249
3434252
3049321
3448532
3454467
3695313
3008139
1891356
3193126
3207854
2543008
3534506
3118313
3347949
3239783
3686253
3119519
3720663
1827352
3530926
3213755
3688007
1812809
