3608584
3432216
3459912
3480094
3513508
3560881
3478609
3436252
3407721
3428158
3415685
3612589
3643639
3635594
3565799
3674360
3564175
3504745
3543663
3496201
3464674
3535785
3517381
3498748
3491052
3685657
3517994
3557836
3521930
3535913
3501057
3553215
3548952
3548275
3541438
3594490
3543296
3650393
3614809
3521133
3512469
3557638
3532201
3557256
3504925
3523043
3574284
3555506
3579803
3560921
3537408
3669572
3628556
3649326
3519802
3565861
3529409
3613509
3573406
3548205
3489223
3512624
3500778
3561632
3532128
3662654
3493781
3497348
3469378
3476461
3516351
3556524
3526295
3565744
3611718
3532097
3527354
3654249
3499461
3498634
3524012
3482221
3564009
3547233
3474167
3568487
3522981
3451590
3505558
3480027
3486432
3460733
3501183
3456662
3509226
3513132
3493561
3532493
3451213
3509267
3473772
3560040
3514045
3491898
3472479
3470136
3485430
3533744
3537266
3539138
3596382
3576419
3503680
3457890
3456400
3484298
3481651
3434555
3462654
3503261
3463253
3578404
3516776
3448671
3417940
3464185
3464166
3497155
3631150
3477856
3489569
3513851
3483872
3593439
3452250
3473022
3438394
3503012
3400067
3458546
3446996
3419486
3406879
3502739
3498895
3485339
3495315
3557733
3526126
3492451
3442418
3477943
3466502
3440919
3456480
3485734
