3615777
3456707
3468175
3488250
3520495
3567673
3486243
3444938
3416429
3436403
3424496
3623736
3650998
3640553
3578755
3680516
3571476
3511591
3550856
3502755
3471534
3543551
3524201
3507263
3497524
3694545
3536846
3564605
3539623
3543678
3507599
3562168
3556389
3555785
3548837
3603037
3551187
3656587
3622322
3528065
3519889
3567215
3543050
3564286
3511245
3531531
3580004
3562289
3588565
3567928
3544264
3678377
3637651
3656788
3526024
3575711
3536625
3621132
3579321
3555814
3497540
3519587
3507674
3567919
3538057
3670327
3500493
3505809
3476034
3484630
3522974
3566090
3532960
3572531
3619208
3538771
3534939
3661632
3506261
3505997
3531114
3497082
3570818
3554189
3480998
3574687
3529541
3458552
3511543
3487470
3493922
3469519
3509289
3464021
3516849
3519742
3499781
3541804
3458562
3515833
3480960
3566578
3523539
3499333
3481250
3477485
3492574
3541771
3544172
3545616
3602847
3584436
3513118
3466237
3464392
3491508
3487549
3442050
3470088
3512271
3470586
3586216
3523398
3456801
3424927
3472421
3471705
3504218
3638301
3484714
3496296
3522785
3491087
3608085
3460457
3479679
3445412
3509526
3417303
3466256
3454447
3426677
3418555
3510729
3506888
3492169
3504450
3564789
3532273
3499751
3451629
3485155
3473932
3449196
3463299
3493418
