118502
118049
125184
108133
117949
115397
141079
118396
118328
137995
116541
118577
122126
113077
108628
110729
117651
100555
131622
138892
111418
114579
115851
106183
115423
122689
129110
111004
105681
113284
123664
102401
112884
124594
114781
114781
136436
104986
120808
134690
121606
114475
141897
120824
109504
119435
122863
119720
159088
111896
125739
109652
119293
105608
115075
108693
130929
135177
117749
123294
116554
143123
121946
123166
107816
130591
121855
102471
132068
125432
120062
116170
122814
113835
138895
125313
135929
125340
109479
121845
119752
133282
103779
109518
109908
107129
123973
105186
141605
158378
117196
135274
118032
150552
113518
116139
110934
107947
153212
107844
123592
115385
146405
127963
117007
127449
125806
105948
119801
127415
115024
149632
121113
128421
114754
123601
118366
113952
116589
123417
110438
133983
118423
116752
125703
110380
149604
121056
105072
112267
115907
132611
119330
128104
107205
121842
102454
122083
118519
109792
110300
103718
115089
118823
134559
128468
107204
114718
106845
128881
102081
119674
104326
129046
113228
117605
