125936
126954
149445
115495
126323
131808
148594
127217
125418
145682
124497
130675
128206
120416
115425
115491
125639
114628
138065
148986
119184
121401
123100
129574
121567
150905
136554
125635
111557
120127
133754
107494
121638
129610
120626
119565
140779
112613
125894
141141
130163
119342
150640
132040
117095
126135
135653
127108
164809
121162
131785
114948
131673
110467
121561
113375
141827
141378
128614
134090
122040
150024
129228
138314
114691
136642
129945
107337
137820
132270
127911
129087
133081
122351
146715
132240
143640
132808
120254
130411
127040
140447
113992
115974
119192
117284
128840
112796
149084
165370
123287
140426
125322
155786
120135
122654
117190
117457
164425
116715
130064
125292
152438
138379
124564
148895
131918
112709
129998
133405
120988
158977
126373
136099
128802
128595
129859
120785
124063
130993
119694
141176
128196
123561
133290
121681
156378
130536
138772
122943
125684
141471
126015
136841
117318
128829
109163
128132
126441
116707
123675
110540
125687
128518
151436
137350
117900
126088
112424
135524
108829
126099
111135
137609
121742
128732
