841070
975018
762669
787290
838511
763155
827758
775131
836480
757211
849142
754459
975818
903310
873264
838497
876189
920924
845019
847954
819864
909485
893415
863971
919033
879823
956834
837516
831702
924502
881527
862502
889747
860168
874835
898593
975187
896538
930938
889514
881485
886473
857743
801518
903629
852335
878819
897260
950147
870372
972466
868483
877077
918736
864148
868556
936721
915265
953839
892248
966569
873943
882771
978338
892793
814079
918299
963169
890766
821361
817098
888448
848156
978966
957284
878159
879300
805785
917986
856782
812295
841184
827260
872635
947403
950615
842407
827788
848779
851379
852420
884883
892374
978530
875136
857139
1006738
876216
922158
854450
851358
864193
831056
804296
887030
825038
838803
890738
956619
937936
928441
876860
840896
775173
867309
829129
833000
876458
847969
885030
901751
836475
790092
862458
844684
879748
863593
777222
844058
802032
873480
818449
872338
823772
909752
868290
863299
869950
894134
854168
883540
894780
880039
826351
827952
886825
852298
885323
804121
818826
858459
831285
825393
840021
881598
828302
