849488
985618
772817
814782
851931
772543
837472
788837
846714
766446
858841
764950
983960
917481
879114
849761
890026
933777
851913
859127
829876
918271
900734
872423
926380
887544
966805
850964
839998
939785
892625
874484
897867
866917
898378
905197
985468
910084
938218
899170
889276
895080
864433
815192
914566
859206
887139
912878
955089
876762
978584
876162
897633
933827
870341
875011
944360
922948
964441
899331
972805
881970
894375
986702
908919
827160
930712
972467
902041
835358
825052
903175
857155
986593
963822
888328
885640
817274
925181
871614
819911
863329
841408
879929
956904
956108
858689
837803
857412
859966
865399
892850
907684
984949
881737
869040
1019181
888297
937922
864708
858327
870975
840244
811730
893301
830226
845551
899355
962497
943553
942732
883301
850939
780716
876671
839818
845785
885513
858490
891598
910085
846953
798297
874225
852313
886937
871618
791646
855726
811648
881896
828557
880648
833707
931088
878548
870538
878122
904077
862783
895573
902130
886930
834039
833602
899720
860474
901532
808829
823816
863787
850014
833641
849199
892922
835449
