3720287
4119940
3874773
3711661
3581526
3704786
3507444
3551174
3730584
3517247
3436364
3921548
3826556
4176665
3744939
3986667
3697315
3596803
3689700
3691805
3682334
3613737
3740653
3712655
3936447
3847890
3881537
3675872
3780446
3931537
3785796
3831931
3789564
3716506
3899228
3982067
3978479
3705369
3911722
3763107
3816357
3871052
3831032
3925775
3705059
3838496
3716129
3813118
3771694
3714989
3775763
3737912
3800300
3597045
3661648
3715521
3654714
3698628
3740526
3619188
3723701
3663634
3636354
3756480
3704226
3656919
3709119
3580614
3631366
3627459
3706983
3680752
3709021
3624840
3812245
3648252
3677253
3607250
3641322
3688213
3907231
3678788
3883609
3683635
3748700
3772131
3748321
4179459
3785058
3818910
3834813
3788360
3762674
3964005
3836942
3799820
3726754
3648623
3698986
3715586
3773223
3693504
3738691
3934374
3762707
3772297
3802212
3687929
3726172
3951959
3800484
3667022
3682251
3731537
3673695
3642219
3756616
3690364
3638667
3653164
3672767
3652804
3618921
3619943
3617279
3622459
3637015
3655196
3738636
3786335
3849451
3651465
3656640
3593367
3566599
3693560
3734844
3707114
3812881
3690235
3737748
3803443
3683450
3804521
3653868
3650041
3764959
3821107
3781401
3760820
