3744005
4128869
3883412
3719747
3589155
3712488
3518519
3559259
3741080
3526014
3444902
3932250
3834938
4181714
3753382
3999743
3707939
3611598
3706126
3700587
3690004
3619242
3748441
3719641
3943879
3856980
3891129
3686779
3786226
3936582
3791606
3838922
3795645
3723583
3905933
3995576
3984312
3716547
3919892
3770465
3821896
3880273
3840663
3934155
3710101
3844608
3726446
3822464
3780041
3721499
3787779
3757141
3808133
3605119
3669095
3733765
3662756
3705118
3749190
3628367
3730745
3687123
3644070
3763547
3711685
3677815
3716910
3587899
3638116
3636606
3714653
3691559
3721590
3631320
3819589
3661927
3683022
3621318
3649224
3701237
3914039
3686298
3903202
3689678
3756201
3778390
3755204
4186232
3790241
3824065
3843767
3793484
3772868
3970850
3853899
3807629
3732794
3652691
3708318
3721490
3777966
3702938
3746170
3939535
3769890
3779998
3807941
3697458
3734155
3958832
3806226
3676569
3689794
3739133
3687805
3654615
3763601
3697556
3652989
3660684
3680838
3659423
3629101
3627779
3623168
3630988
3644168
3662809
3751727
3792185
3859174
3661793
3663970
3600992
3577104
3701666
3749377
3715993
3825410
3699058
3742794
3810516
3689021
3810680
3660673
3654719
3770670
3826025
3787451
3766936
