766878
748131
801802
742526
755776
770492
738874
752333
760090
831254
737167
775562
887214
947929
870635
868076
806827
783090
817598
816154
829018
784563
834268
814183
869741
788080
825612
859877
798329
817207
843046
799821
781197
812829
793539
807213
1183806
815108
986059
893407
819930
814794
808850
788100
806647
796477
796595
803314
993958
929520
829498
785159
811063
817159
824099
764498
837788
815292
784485
760669
862044
766976
775691
772502
809463
787663
832872
761289
802802
882406
809308
738990
794738
784809
795544
829375
839459
810316
818261
778196
796383
755104
785925
761110
879561
777803
820422
842011
777076
880039
784901
801524
792515
801671
782330
775339
882049
812842
833452
784454
799787
802983
783007
818572
769801
797944
789771
793773
837792
848532
837578
858484
785547
853703
779126
837532
777338
768730
798041
804154
824566
799264
793060
793603
815258
787936
778015
805157
767903
782482
776284
824577
780062
823629
840844
791850
803699
814283
801877
771484
775669
766405
797274
772960
855909
792534
778294
797707
812118
806394
776336
801813
789068
804586
781693
814736
