774789
757264
827846
751225
764459
777124
745669
761673
768947
840012
745521
785488
893718
953773
881215
876654
814904
793707
840463
822941
839713
795725
842089
822377
877771
795491
835604
866753
811444
823842
848309
811181
786576
826563
800941
816928
1198933
821889
995110
901996
824999
820389
816857
801379
812865
804256
802354
812947
1000547
934067
838222
793516
819544
822741
831892
771109
847607
821258
805736
771590
868724
777133
782493
779441
816210
798577
1372001
768973
809961
889858
817596
745119
802635
791574
803302
836960
846311
821460
883860
785623
803873
762720
792165
768974
884690
784212
826957
857508
782292
885481
794021
807794
813280
815327
789105
782576
894186
818650
838602
793064
805313
825421
790486
825240
776371
804050
796920
803108
843322
856021
845815
864925
792851
860339
784367
844966
785664
776149
804684
811143
833605
807284
800268
806458
827180
799168
787399
822585
777546
789180
782486
832898
800208
834221
847057
802285
811090
821370
815254
779178
783132
772440
803683
784707
868463
803149
789014
802524
821077
816414
781735
812528
796763
809995
787647
826589
