341912
301989
327270
188946
325054
265847
349577
340320
215377
219235
314418
350636
296357
293497
296506
291946
318449
307486
170013
175993
184360
317862
308825
288718
330404
333262
328231
244167
406115
396591
338175
259614
270971
417886
314574
188654
309890
384950
363402
301245
300527
320178
342329
355583
319170
319373
352398
270518
306550
308859
300512
182864
283177
323772
181588
283973
312926
309820
306464
304761
316312
278044
321454
246929
372588
229968
383715
365185
292378
347481
352585
306442
351448
291539
292137
185903
338153
277266
181031
290692
308748
322746
268498
295321
307646
291953
310537
190325
327668
339836
342751
190011
272615
228435
290347
344601
383158
355671
290231
341875
183219
285466
376244
310387
353466
332375
328241
345084
193593
290281
372408
296709
308609
307923
306081
289068
377831
168828
300475
349310
352928
370687
170596
308636
168175
185436
314129
320201
309394
325417
318136
267463
322252
209755
317053
183141
331151
341416
288903
275098
275598
314582
271434
314618
326493
284879
286078
316215
270363
315167
183820
318647
338515
182278
290482
314560
