349243
326172
336854
196863
333767
274931
356741
347645
223619
227455
322280
361547
304985
301051
303054
300419
326387
315653
178030
183957
192856
325864
317746
296930
338240
341272
336442
252082
414231
404405
347311
267555
279290
425570
322318
196610
317778
393273
371187
309150
308035
330480
350352
363100
326590
326903
360668
278032
314792
317557
309206
189997
290988
331974
189300
291842
320783
317236
316341
313070
324821
285225
329670
254637
380652
238331
391708
372993
301895
354981
360991
314069
360943
299080
300008
193548
345218
284932
189229
300269
316898
330744
276822
303023
317945
300110
318405
199588
335484
347964
350712
197848
280666
235798
298181
353591
391170
364076
298250
349502
191467
293255
384069
318551
361984
340860
337708
352777
204045
298458
380207
304381
316995
315711
314330
297228
385107
176695
308572
357910
361276
378584
179662
316957
176057
193339
322025
328272
317485
333134
328072
274796
329946
218273
325093
190097
338691
349346
297200
282640
283802
324198
279283
323288
336979
292801
295868
324137
278039
323205
191617
326196
346389
190036
298834
322475
