3460399
3554549
3608259
3525598
3510947
3488080
3498053
3531421
3627561
3500165
3531237
3665915
3636757
3649010
3757610
3675149
3662951
3585507
3612163
3602882
3588248
3665046
3689331
3673067
3666944
3769535
3740756
3619147
3674852
3530474
3601918
3668816
3723374
3541731
3623211
3664277
3547679
3717497
3644856
3546497
3647094
3604971
3597868
3619313
3709369
3696797
3527589
3812288
3522079
3950813
3685031
3550825
3685115
3681504
3570990
3565625
3561580
3566929
3561206
3571158
3598479
3594764
3566941
3622461
3554669
3535727
3577043
3557044
3614729
3548791
3523830
3605041
3628890
3593988
3538959
3589382
3581049
3556288
3546031
3603094
3606754
3562354
3568582
3629636
3671037
3610409
3515976
3551693
3700537
3538135
3554812
3526088
3569870
3654405
3585959
3676854
3514626
3686990
3552785
3589356
3588176
3546074
3589020
3591346
3539708
3608354
3552860
3620131
3531926
3689816
3636703
3665175
3603348
3642571
3734463
3571322
3508163
3539661
3559216
3559655
3602692
3577248
3588583
3523698
3593021
3587263
3488452
3520676
3541633
3593548
3567022
3550233
3482275
3543322
3493550
3533170
3548543
3506254
3538219
3546995
3482078
3550306
3510197
3732032
3584325
3557068
3553078
3548387
3572852
3648470
3608165
3592389
3566344
3651664
3525548
3673023
