3486398
3562863
3615263
3533279
3517939
3496044
3505872
3540585
3634710
3508922
3539588
3673437
3647178
3659160
3764959
3682489
3671312
3590885
3617203
3612961
3597170
3672398
3698979
3688003
3674367
3789688
3751629
3625760
3680334
3535457
3623734
3673965
3728713
3546379
3632871
3669433
3554217
3726341
3649983
3551914
3652344
3614679
3605096
3628832
3724666
3712289
3533292
3818439
3527346
3956169
3690861
3559278
3689911
3688166
3579320
3573200
3566830
3576868
3567888
3577413
3605579
3605259
3573071
3627760
3564246
3543642
3585250
3564199
3623378
3570523
3534440
3616142
3639672
3602282
3549296
3595855
3588227
3563076
3557733
3620857
3626474
3569379
3576211
3635672
3677685
3619187
3520860
3565948
3706486
3544091
3560192
3532335
3574318
3662474
3590419
3681198
3519342
3700193
3566672
3594718
3594162
3554956
3598474
3596998
3546055
3613737
3564940
3628857
3539787
3700458
3643842
3678779
3614272
3652638
3740694
3582529
3515499
3544620
3572934
3577494
3612772
3584656
3597580
3529827
3601456
3597702
3494665
3525623
3549579
3605499
3575601
3558523
3489169
3548721
3503089
3540968
3555230
3515758
3545024
3553046
3488396
3566411
3518905
3739983
3594034
3563162
3558615
3554615
3583193
3652671
3613480
3606547
3576954
3655178
3532903
3690727
