1506364
1243498
1419197
1257396
1353570
1650248
1423651
1310685
1417485
1262699
1286598
1246744
2912622
2041890
2900087
2382352
2319262
2521137
2449876
2371443
2474150
2397577
2543500
2378658
3215826
2264728
2714864
2450057
2437832
2692265
2193641
2257173
2331899
2222829
2231264
2664704
3599485
3147330
3195075
2854986
2962578
2743962
2744660
2872233
3006080
2849146
3063863
3202106
3109259
2801287
3034289
2908140
2738856
2518158
2597269
2510474
2472859
2161079
2407270
2481301
2508676
2483356
2302102
2115052
2359670
2481069
2229462
2235517
2367047
2636738
2437225
2382193
2481118
2447799
2516854
2409438
2408119
2290486
2408613
2204106
2359672
2352924
2343997
2397488
2626559
2532354
3271270
2791087
2716025
3061774
2526202
2795946
2651534
2569170
2765210
2676862
2705374
2696594
2835356
2469295
2765906
2688233
2470712
2652322
2407849
2599299
2739391
2649032
3025904
2824642
3060520
2545638
2458197
2833019
2627110
2460740
2453341
2337843
2445510
2309198
2497320
3015969
2517887
2778315
2379968
2512967
2363692
2385506
2358634
2221965
2274492
2231317
2215664
2208733
2280309
2046241
2261637
2392864
2305928
2324141
2384995
2330567
2387313
3027606
2656753
2241937
2878981
2411082
2261597
2362537
2198423
1892325
2195999
2170331
2370708
2176865
