1531709
1252709
1429018
1265232
1361954
1658245
1431696
1318429
1428031
1272795
1295611
1255648
2923349
2054070
2913748
2394145
2329234
2534885
2457346
2377760
2488352
2406231
2559548
2385266
3220891
2276138
2721283
2458687
2445976
2699250
2200754
2263933
2340457
2229105
2239627
2671486
3623621
3154781
3204461
2859276
2968105
2749792
2755417
2878915
3012571
2856916
3070152
3216743
3114198
2813112
3041214
2918452
2745369
2528896
2605392
2518876
2479754
2174419
2419378
2492875
2514271
2490988
2309759
2123180
2367310
2488030
2238173
2244033
2382789
2644417
2446202
2393566
2487348
2454808
2526604
2429566
2417774
2298978
2420147
2210763
2366795
2360759
2356146
2406047
2632080
2539829
3279154
2797705
2721837
3216063
2533888
2803265
2660207
2576034
2771253
2682510
2710993
2706465
2842503
2476940
2772111
2696620
2476389
2661753
2414169
2608106
2746988
2659589
3032709
2833519
3066143
2557167
2819622
2840188
2637969
2478854
2459096
2346389
2462753
2321180
2503069
3027091
2526598
2785711
2385302
2526916
2373857
2392775
2366914
2232046
2283502
2239246
2222957
2216657
2287909
2054874
2272988
2405686
2311944
2334581
2393193
2337482
2393661
3034103
2664408
2256477
2883848
2417117
2271899
2374507
2204050
1901057
2202935
2176856
2380897
2182116
