306904
319862
280333
286013
242727
282675
322856
322011
326626
340966
325651
299350
320181
314419
329605
315714
233781
166058
185362
289906
283770
268184
358831
286322
352400
289329
315947
357741
292017
288465
318828
280455
314474
192508
347298
352845
320823
302520
242412
324080
167663
184074
290462
184514
305172
294795
314325
288080
329573
295379
289513
312733
268096
318240
365749
318125
226020
364419
316195
322034
287364
291335
354375
344148
285272
274396
193664
184069
313528
341910
172818
342679
323662
367503
200811
324493
341852
322344
284924
342800
344826
282034
351531
289848
295096
310041
301920
314563
321668
321088
280307
301837
292479
304155
343480
276685
322582
331074
286059
277562
273305
178223
315008
297630
195175
297198
278484
316202
295888
184671
321464
240160
295603
392405
236341
170982
340984
364485
313821
270141
183197
347359
317250
313876
316013
326745
306918
174155
288941
184979
293959
298544
346159
310117
307281
333940
288258
292696
236410
177935
180328
380730
287733
375124
204596
274081
324097
337882
183082
179544
285690
171999
165218
340941
343692
276597
