331765
328018
292095
294158
251094
290669
330071
330297
338681
349148
336371
307843
326430
321930
336690
323607
241946
174123
193289
297851
291501
275847
366858
294303
361230
297111
324050
365399
299765
297080
328670
288950
322424
199328
354720
360730
328621
310617
250467
332743
175626
191853
298175
193941
313431
302917
322060
296001
336538
303143
297409
320256
275570
326344
373437
325839
233631
372356
324073
329991
295547
300135
362215
352122
293021
282261
201437
192214
321816
350013
180641
350826
333091
375239
208838
332259
349989
330186
293039
352187
353501
290179
359847
297601
302676
317649
309646
322601
329523
329521
288086
309864
299779
311553
351327
284907
330913
340525
293807
285903
281471
185867
322676
305430
202652
305375
287765
324258
303522
192252
329299
248216
303503
399438
245770
179005
348641
372029
322548
277914
191317
355156
325041
320762
324163
335035
315206
181923
297023
193479
301374
308494
352782
317447
314943
341600
295947
300228
244550
185983
188266
388523
296307
385668
212984
282561
331347
345746
191590
192680
293603
179578
173112
348356
351305
284859
