314657
311349
303001
306516
300270
296298
321933
281158
278081
334751
283346
285924
294143
302562
304802
328225
316065
304225
271552
324155
310864
310102
281446
275967
258427
296004
309144
304331
327819
325572
302342
315517
327211
341675
343135
281653
279267
294112
303673
321362
306387
317492
296451
320527
310316
323824
322708
333232
301099
308215
317888
322379
298687
323423
300568
301696
298027
301570
293672
313699
307399
293203
342908
315091
295535
321765
302078
288877
311437
308083
307077
300140
289904
306508
294425
282733
315219
316610
285978
318729
297618
278281
325992
281636
307340
297622
314734
262559
321619
336662
318697
301390
305833
274507
331428
307683
305224
295630
320373
313681
320704
287108
324125
289644
314266
319202
329540
312096
285970
320032
313919
323294
321021
307297
318864
307838
343586
292764
314329
320998
315907
326594
309325
319557
313037
312013
316824
298808
302834
289298
258082
294929
307753
318273
304169
286279
327100
270270
302555
312043
249675
310460
295327
316398
262861
318480
321296
302201
331095
296962
314609
302218
281329
292006
326208
312700
