340019
320907
313094
320337
310223
305248
330493
290779
288039
343612
293241
298412
303167
311382
313138
337321
324757
313139
282082
336305
321015
318889
291895
285194
268065
304955
318419
312981
337068
334322
311476
324140
337860
350425
352295
290356
288873
304281
315449
331032
316394
327062
306034
329317
319654
333568
331766
342627
311996
316726
326453
331352
313156
332432
310149
310742
307069
310478
302981
323434
315552
301906
352726
324030
305416
332667
310991
297645
320004
316982
315143
309170
300381
315547
302332
291762
323731
325380
295673
328988
306038
287338
334691
290133
316842
307035
327460
271375
329682
345617
327234
310497
315422
283376
343061
317083
314440
304784
329109
323586
329673
295516
332597
299188
323039
327705
339490
321151
294208
330560
322300
332244
329493
317140
327785
319003
352404
301579
324131
330986
325744
335645
317129
328775
321422
322125
326651
308185
312154
298634
267517
304747
316596
328121
313085
295500
336307
278966
312975
323270
258381
320140
304829
325183
272693
326996
329680
311470
340151
305414
323843
317786
292454
301477
335576
321529
