260980
277656
438581
375576
293072
405177
243280
348108
257390
405591
222040
399401
469896
616415
543735
769025
735682
582182
526560
710860
518853
494251
467619
540585
566636
652298
743112
676692
668095
904528
804699
734682
499505
794172
743085
617622
836165
639329
1300374
518046
772679
781007
561794
741035
786089
978724
586256
867021
695119
743390
886002
614157
711277
544941
703818
579882
599099
466397
525825
452050
512259
461682
418577
486356
521401
326232
514378
466779
473545
575333
476589
461207
541486
599603
586797
493084
466329
536021
458991
475933
464127
521656
579730
528991
617664
695312
480149
777884
637535
707115
672143
585337
511869
602958
521764
718829
786965
467823
622342
464656
298979
535889
526071
648491
484658
497086
528436
443728
621689
618688
714062
650779
456145
778393
503663
840904
369113
489368
354517
573905
537808
370564
433823
435614
399885
471198
341952
488921
378970
427492
301588
471423
539766
412289
590388
404037
403529
461148
401282
461238
304186
527076
363971
454720
554773
430025
521910
572905
471119
424669
647721
572426
329506
366162
437588
511348
