266407
291236
446369
383795
301946
412471
250293
356504
264069
413193
229156
410270
477162
620847
550379
773444
740533
590786
533643
717806
523612
500912
474490
547276
576295
661249
752832
680860
675527
908992
833754
740437
504032
799342
752076
621819
839882
644377
1305141
522819
782077
788061
567149
745474
790992
988382
590172
871677
701737
755905
896092
620486
724690
551851
713289
832134
607724
471477
531629
459559
520475
469300
425354
493596
537746
332304
520264
476979
480718
585816
483208
469153
550655
607327
595203
501068
471501
547060
480803
482048
469750
527963
588141
535801
625169
702449
486783
784798
653932
715284
677877
593087
521730
772708
529383
725726
794972
476411
627703
468837
305195
544398
537794
654354
493774
501736
535549
448430
629556
627966
723642
655801
465715
788766
510751
852982
376219
505997
360861
580486
544910
377245
439682
445556
406542
476017
348535
498075
385412
432548
309700
486047
545748
417766
597601
408971
409093
468462
406871
468795
312265
532223
375057
461613
561426
435161
532108
585489
476326
430362
656117
580307
335573
372243
443541
518037
