9149217
8583533
8143070
8744625
7973237
11661511
13909866
14885666
15099196
15540705
16716182
18525234
19726904
19831938
20454653
22532860
25197910
27494885
29312885
30004608
30011772
30000558
30004347
30002407
30003949
30010822
30005831
30001273
30003537
30004682
30005290
30003921
30001614
30001237
30000076
30006730
30002410
30006871
30006925
30004935
30004394
30000609
30003856
30003547
30010211
30000221
30010539
30005007
30005277
30004122
30004341
30006452
30003494
30007048
30003646
30003675
30006294
30000641
30007193
30007474
30004067
30006182
30003607
30006093
30004628
30004284
30006332
30004156
30005307
30008039
30008657
30011252
30005081
30006680
