18855
37673
36691
35909
41212
37557
35666
35495
36126
36314
35445
38573
35209
20926
32330
39411
29935
24621
23592
41779
59284
38091
40095
25877
32220
30245
24451
24693
32527
19539
20625
20683
37716
26834
49940
37380
22809
24879
30020
23032
29110
32880
52261
34221
32961
23045
23040
22662
25354
18857
24157
26126
21850
27018
18916
26857
24703
22109
30032
26774
47312
28490
43460
35623
35100
34731
18620
19498
34489
42662
35941
50352
36303
35423
33938
31972
30916
32295
32653
47651
34624
44650
42335
33574
19284
35033
30230
23895
26778
24367
25295
23770
34894
30008
19408
26400
23251
25178
22775
18928
19982
23586
23098
19265
35259
21749
26600
22055
31235
20520
25819
20080
22616
25593
24694
49878
28441
39806
28765
22106
38227
41124
53043
24430
33828
24027
20921
19909
36109
18481
34741
49658
38058
38017
35593
18909
25525
34883
35807
37154
20491
39784
36525
32837
53408
22934
24600
21879
31221
33243
20213
20974
20367
35587
22033
23707
