40874
47204
45532
45603
49880
46327
44225
44319
47642
49478
43825
48267
44139
28912
39764
80421
36543
38227
30372
49840
67643
54257
52708
33232
42408
37826
32387
31360
38574
27600
25761
28324
44139
37964
58711
43145
28494
36287
42005
29861
37611
42272
58807
41096
41519
30286
29025
27873
32139
27872
28700
38750
29176
45013
27737
35366
31345
28341
39505
33223
57599
34142
51349
42482
44924
41670
31258
26314
40617
50687
53660
57272
42848
42173
42717
38758
41876
44892
38961
56853
43814
52199
49558
40682
24096
42146
36352
30539
41388
29307
31546
31296
43837
34202
28344
35369
28929
39623
27689
24252
25972
36782
28271
27586
44621
29709
40392
28297
36775
27338
43643
31638
35786
50821
30981
55970
34836
48254
35522
29196
45081
48353
61494
38151
44695
30586
27013
24358
44082
26451
42407
64556
46287
43617
41230
24462
33185
42863
42071
46917
29749
47884
43866
40133
61338
33593
31726
26530
37694
42669
28809
26769
27018
43363
29124
34896
