4620976
4546718
4580218
4587931
4607188
4474653
4505541
4382478
4430191
4486735
4600738
4608806
4477379
4534808
4537280
4653159
4519257
4344453
4584156
4458267
4550723
4422347
4513518
4502299
4509674
4480678
4368704
4579434
4463537
4501976
4452298
4466821
4448932
4537962
4475890
4425266
4569387
4365987
4565928
4424954
4464876
4470925
4478004
4448252
4393879
4595899
4384905
4536229
4456651
4428100
4491017
4352288
4534093
4717406
4679063
4603391
4545813
4410665
4426821
4443242
4470050
4502582
4472566
4624189
4466601
4500040
4477475
4507934
4511999
4411320
4420598
4415685
4476870
4404101
4720163
4503111
4485482
4555280
4525141
4549759
4481020
4401905
4510021
4609688
4380495
4383450
4443409
4377875
4583453
4554792
4500588
4448805
4683507
4478026
4446646
4569464
4495672
4487816
4473609
4712068
4562299
4512904
4542146
4455194
4579189
4474107
4532296
4518974
4707939
4592567
4773470
4348497
4406379
4460112
4447022
4530589
4508324
4609400
4589058
4539455
4440526
4407752
4542797
4409315
4570349
4477817
4605462
4579757
4790511
4516927
4444619
4466637
4560947
4480723
4431109
4620233
4516333
4490748
4469552
4438588
