4674079
4603003
4644171
4639440
4660202
4527445
4564363
4431575
4481783
4541872
4655142
4655654
4528229
4573440
4592374
4709382
4570955
4392237
4636696
4510204
4608372
4463303
4564800
4572092
4563807
4534563
4425750
4633501
4517758
4562229
4505592
4516643
4497247
4596075
4516659
4477876
4622062
4421637
4619898
4472227
4514712
4523771
4528313
4498851
4447404
4646507
4436724
4589408
4508300
4477531
4540503
4404050
4570967
4777133
4722517
4654161
4601081
4468003
4464966
4500621
4524534
4560043
4523027
4673700
4522808
4545723
4529508
4561604
4567341
4468242
4473298
4471557
4525675
4458855
4767362
4559375
4542025
4602862
4575851
4603927
4534546
4451970
4566393
4659937
4433744
4433411
4497568
4428951
4635093
4607541
4558598
4501785
4726551
4524623
4503048
4620239
4548960
4541034
4532593
4765452
4615950
4569530
4597351
4509853
4630417
4529323
4589305
4572552
4762233
4644108
4829450
4408303
4457955
4509151
4499738
4583179
4562797
4661609
4646077
4581022
4481091
4478615
4596728
4460941
4623581
4531895
4656397
4634785
4844542
4568658
4486660
4515571
4608960
4535128
4484503
4668463
4569459
4546002
4520992
4495936
