130634
108207
129805
111437
75927
88939
98272
68750
68661
81995
89717
68441
64797
67421
62235
98070
87968
63534
66588
55269
83395
78060
67153
84807
58295
89693
53048
55939
72507
55594
62921
77189
53348
80283
97928
84111
111861
90224
72524
109059
112824
81226
133652
81410
82123
87876
113596
104607
112051
95765
129920
85778
106354
68061
101310
92768
109260
86746
107747
118576
78007
119323
84111
127555
101509
116291
118419
116210
85341
95091
91701
88888
138691
112197
90540
84546
98230
123738
126944
97310
96592
99887
86633
79968
100568
88805
94835
107463
125061
123352
69845
81822
95517
104826
86569
90334
80146
100971
84390
98094
96548
97285
110780
87851
87010
114148
106013
103544
84857
89023
112627
114806
92285
116845
84848
84332
78038
88078
74106
118357
80013
90556
101161
90668
104900
85167
97692
103482
120968
86680
83805
110751
89811
100310
91924
96881
80228
93374
99869
111189
91180
68757
110901
88546
103106
119131
93169
96421
125795
97274
98526
101319
98826
112882
99209
82016
