163964
159808
163069
138084
107755
121230
127970
101758
99186
108395
123072
103386
94631
102372
101185
149491
116256
99873
96110
93702
117420
105364
103328
111371
83937
120716
72575
84508
90911
75407
85309
104910
79621
98214
126139
104319
141635
116856
95787
142994
130200
111682
153335
110413
110308
104153
137472
125213
127889
121060
156401
105353
131526
84778
127870
114501
143332
125176
153303
152315
108946
148369
108944
162915
147512
151707
145486
138098
112401
121890
117372
114591
160715
137495
109544
107508
133245
155917
149382
129255
129788
138554
127469
123055
132878
118881
130267
130086
143005
153476
94601
99440
127116
136067
103948
114148
108217
121193
102299
116609
116636
125613
135332
104561
113421
161669
143036
125151
103852
106188
142045
133590
119124
137994
107032
98437
97961
118742
109422
146763
103892
127388
139247
126966
131304
121063
124094
129725
154099
106039
117080
144770
121030
122750
114989
129750
109429
120605
129445
143440
120198
90558
140116
122896
135232
145287
121221
116699
145956
119435
114371
126079
135250
137198
134827
103343
