3532573
3532223
3454158
3438717
3463475
3555022
3498235
3475118
3513945
3525874
3451882
3577323
3599674
3895267
3581407
3614418
3615642
3692084
3684993
3609765
3633446
3588182
3700683
3682783
3699732
3634226
3641721
3623016
3584859
3554476
3525376
3594841
3616432
4273996
3646257
3742033
4250688
3681581
3619714
3726776
3704671
3671384
3618351
3595022
3677066
3747370
3599471
3798440
3589349
3758639
3704853
3627139
3595859
3649579
3646296
3634372
3699597
3658398
3678172
3663048
3683683
3648217
3615278
3599523
3584991
3631811
3562478
3584415
3725587
3602397
3700318
3652332
3624885
3641050
3561058
3636557
3549970
3604459
3578065
3566448
3596767
3565163
3573662
3624974
3524393
3611846
3577994
3570972
3656774
3602136
3595344
3635647
3711970
3562821
3594966
3789262
3551484
3695889
3570304
3654305
3617610
3672029
3634594
3649457
3591448
3643738
3612710
3783310
3724695
3706946
3648396
3618417
3665319
3599704
3554761
3553618
3634933
3638459
3594979
3657055
3655683
3616283
3556024
3614116
3634465
3640622
3601718
3575538
3533062
3583826
3619821
3583314
3580958
3643677
3555819
3571433
3559904
3598635
3610296
3634892
3626214
3655494
3604313
3658870
3619477
3727412
3757739
3644399
3663062
3588740
3692456
3688715
3666330
3654134
3726990
3731188
