3566140
3540612
3463447
3447314
3470598
3564754
3507600
3483317
3522972
3534552
3460675
3587316
3606274
3900656
3587608
3627518
3634914
3700924
3697374
3616803
3643691
3594926
3710226
3699665
3706768
3646552
3652225
3628906
3594892
3563770
3533772
3599956
3624202
4280221
3653305
3756260
4262583
3692047
3628964
3735890
3712291
3680602
3624570
3603680
3688344
3754476
3604919
3804366
3597295
3764922
3721998
3634191
3604778
3658697
3657266
3641037
3710331
3664900
3686390
3670929
3690629
3657797
3621366
3610829
3591936
3641561
3570831
3592741
3734127
3609104
3707199
3659282
3640647
3649258
3567170
3644914
3556699
3612754
3596538
3572966
3603644
3572638
3581465
3632079
3530182
3619330
3586210
3582782
3665785
3606950
3603168
3641337
3717230
3569456
3601771
3796202
3563146
3701312
3582881
3659982
3625453
3675931
3639350
3653800
3600351
3652427
3626308
3790502
3732764
3715588
3654546
3622995
3672344
3609890
3565936
3560898
3642763
3648035
3602501
3668377
3664868
3623808
3562777
3622618
3647853
3660225
3608948
3586968
3540238
3590732
3626914
3590144
3589021
3652521
3561701
3579280
3569514
3608361
3618322
3643181
3633602
3662780
3611835
3667747
3628543
3732821
3885140
3652187
3668239
3597640
3699929
3696426
3672456
3660754
3733968
3736597
