9828298
9820705
8816182
9361002
8357168
16852370
20116008
23458386
27357602
30008287
30013517
30003488
30002004
30004341
30002674
30002442
30009552
30009131
30002505
30002861
30005497
30003109
30001963
30001452
30003435
30003576
30005898
30002816
30003417
30001029
30007239
30006228
30007685
30007968
30005746
30037277
30001565
30006028
30003061
30002417
30005348
30004214
30003803
30009332
30001025
30002059
30007630
30004434
30003966
30001248
30009086
30004422
30002654
30001342
30005800
30003251
30004583
30007186
30005973
30007735
30004273
30005354
30009059
30003268
30003127
30002898
30002441
30007733
30004604
30001833
