25174
31438
30932
28553
29905
28094
31229
50601
20091
28819
30569
27574
23619
21617
15177
17314
27720
15958
32109
36307
17746
35413
29939
36693
29784
33489
21035
23910
36550
39014
28558
30886
31345
23750
28821
31498
24479
36904
20851
22077
27145
23565
26200
13620
13533
26228
28623
18881
39046
28784
19045
30100
30090
21222
30319
28907
20380
20899
31494
23744
27935
27632
20294
31599
28010
20420
30486
25713
23174
27567
22529
28350
29607
29147
29073
27600
33663
32733
30716
37474
25368
14098
25002
28403
25002
29788
28142
33998
24201
40141
29076
33939
29206
28726
38495
25547
28572
31545
17223
25083
29670
21333
26879
27743
29062
26562
28927
30586
27905
26158
13377
17768
20796
26233
29837
24199
26663
32474
29797
36515
29511
31069
29126
37586
29660
27668
29645
25157
29281
15665
28175
26673
28982
30682
28769
28347
32147
19968
26744
33835
27389
36970
18920
33514
29141
26681
29995
25057
29262
34244
28097
27918
29320
37491
29130
26112
