50502
40790
39079
36293
45597
36487
39600
59838
27557
37291
42463
36545
32342
28960
23254
22181
35464
22602
39400
44653
24436
44055
37574
44283
37628
40740
27782
33004
44185
47825
36245
38664
37532
32096
36556
38537
33593
42622
27448
28865
33699
33804
34193
21241
29218
36159
36695
29749
46832
42624
23961
36485
40976
31293
36889
665316
27561
29183
39469
30735
35035
34446
27531
39449
36282
26786
37284
31484
30890
37147
31342
36413
39311
36727
35848
34320
40271
40393
38437
45341
32811
25911
30710
35668
33114
36793
35301
44538
31286
49626
37224
41867
36569
37045
46093
33912
39221
39718
22532
32651
37682
29673
33310
34073
42441
34905
36815
37548
35198
33877
29828
24462
27642
33300
38113
31286
35395
39270
36644
43836
41113
37873
40686
45646
37131
37879
37294
32774
36872
21314
33967
37056
37581
37208
36395
35901
39571
25290
34451
40521
34489
45026
25995
45108
36365
34433
37536
33497
37151
41289
34407
34897
36300
45417
41226
36052
