30747
33992
27944
31082
29771
31732
32166
29974
32686
30553
32913
22989
31320
30930
31186
32272
31068
35810
30513
32187
30698
28764
31749
31185
24305
31488
32837
20512
32560
33036
37158
27905
24609
25818
30216
32736
31073
32382
31389
31170
24854
29644
32851
12341
30625
20169
32597
31939
27632
33078
32210
27016
31189
32674
33067
31384
31399
28789
30880
33463
30658
32935
31239
31476
31122
30887
26580
31916
30419
33151
32388
32018
30508
30873
33482
30571
22535
29650
25921
31423
31867
32018
31723
32056
22731
31338
33260
32714
31152
32958
29206
33371
27749
21361
32262
29274
29027
32917
31650
32490
30731
33087
30475
30389
30696
28742
24540
25021
30152
32626
30520
33689
30036
28007
28161
12707
15239
28032
31210
34224
28752
32490
32115
29895
30573
31996
24555
33069
31600
32102
27239
31536
22699
31915
31855
30232
30557
32371
24886
32794
30131
26928
31165
26920
22176
31157
30974
30981
30451
25502
29448
31023
30976
34628
32326
26155
