36622
41733
51536
40672
41070
41596
41452
37668
40338
39149
41051
34021
38945
39218
39150
40081
39049
44446
38298
39857
38698
36413
39596
39103
32984
38683
40803
28881
40598
41640
44698
36237
33323
33337
38191
40939
38856
40011
39246
38727
33027
37445
43776
21054
38854
28245
40775
39961
37444
48623
40340
35229
39834
40684
41298
39349
40179
36515
39222
41322
37655
40137
39158
39059
38778
38339
34679
40032
38283
40746
40611
39828
38227
38674
41492
37998
29152
37174
33363
39136
39686
40043
38762
39611
29406
39714
41355
40740
38863
42879
37317
41289
37525
29128
40336
38084
37382
40558
40080
40084
38609
40502
38064
37852
38820
34459
31828
32252
37348
40218
38260
40564
37976
34898
35294
19338
22224
35156
37908
41308
36173
40470
39945
37025
38549
39617
32147
41271
39352
41238
34905
38812
30176
41447
39765
38720
37950
43115
32496
40234
37707
34678
38590
34093
27042
38196
39162
41988
37906
33589
39398
38999
38806
42256
40257
33929
