32643
40817
37930
36475
34035
36010
37978
37654
34644
34991
37823
30609
35935
37864
19157
30500
38306
30794
24166
32820
27392
44508
29386
36070
38357
33289
33182
22040
34858
36222
37750
37812
45134
35633
21418
37411
25295
41915
35622
33513
36713
49856
35207
28754
18996
35239
21880
34726
27664
18841
31635
32607
27325
19121
40899
34854
36683
39354
36016
36369
26843
22023
37090
44454
34239
34463
28916
28438
39452
35728
34447
37135
48401
37131
36282
33870
30289
39248
34272
36822
19071
36682
38126
51219
40145
30504
37649
18821
36330
28816
34625
20739
43539
35274
47893
22585
39417
34476
34068
25808
19445
32861
23101
39572
26854
37333
37564
45121
25881
21237
35546
38317
37427
26193
26655
30413
38056
40456
35588
34426
33340
34557
27470
41265
35238
46685
33443
38214
45092
37765
46598
26334
31558
33900
35387
37696
21299
34399
34904
47347
34586
32544
38433
39378
36398
18654
33388
33628
32241
33736
22971
39899
33883
35312
38335
48339
