42468
65608
45821
44063
41966
43433
46671
51265
42993
43731
49063
39635
44326
45328
24708
39111
46121
38198
31164
40519
38250
53890
37271
43723
46344
41630
48438
29491
43390
44938
45387
44937
54203
43469
30238
45460
33220
53495
42908
41624
44599
58658
47946
35443
27502
43710
30317
42094
257755
25560
36934
41596
37378
26640
48211
41641
43036
47601
44186
44058
39006
28766
45148
52377
41889
42153
35807
43058
48044
41987
41826
44608
54801
44490
44520
41929
37269
46870
41889
44122
28903
44230
46424
59097
52173
38431
45969
27397
43823
35259
42685
27599
50969
41119
60044
28776
47675
41242
40663
30272
27558
41544
30066
46833
34558
45235
44712
51766
32956
29051
42982
45988
44869
33057
33250
38912
45295
47843
41876
42482
40689
44480
35449
48805
41584
54021
43239
45824
53115
44968
53173
35162
38277
42166
44065
44545
30830
41858
42681
54375
44675
40245
49132
46900
43953
27394
38858
40716
40352
41294
30632
47002
40940
43459
45474
54949
