3657862
3874840
3875624
3593895
3688139
3866581
3678558
3540133
3585363
3543916
4095304
3876691
3975460
3790290
3734676
3812634
4004592
3588149
3548966
3666091
3579853
3587878
3785615
3754611
3778996
3651236
3551413
3799504
3778427
3578351
3787235
3731489
3608545
3749283
3753332
3711353
3814294
3627225
3555748
3703099
3618008
3550984
3626598
3557790
3572025
3615688
3570371
3760608
3627982
3583382
3585002
3662300
3599750
3593234
3703009
3622172
3623689
3679873
3557115
3613409
3558690
3599253
3683347
3663587
3521388
3573783
3535248
3689740
3600765
3583503
3695185
3659009
3566903
3612396
3589522
3544212
3572055
3579503
3535196
3530251
3687330
3594919
3678780
3691958
3547285
3626738
3570250
3583387
3584875
3543166
3621547
3561246
3620262
3645945
3658934
3565403
3614384
3548361
3580659
3631548
3512006
3537896
3547698
3590716
3575470
3622648
3566143
3678957
3563623
3693342
3603634
3552099
3580451
3565179
3592557
3794274
3647389
3594453
3588168
3522754
3578536
3532589
3507959
3643577
3576726
3572378
3656330
3510987
3554308
3573177
3529615
3607164
3577811
3499724
3580115
3604425
3541777
3544054
3621159
3626698
3608556
3535303
3650181
3590436
3550397
3535215
3573580
3620011
3562054
3594230
