3683024
3883104
3883810
3601318
3696383
3874393
3687347
3549157
3593952
3553593
4102509
3882098
3982629
3798481
3742273
3825276
4010882
3595078
3555677
3673425
3587139
3596001
3792783
3762594
3786308
3658318
3559352
3808659
3785792
3587553
3794122
3738947
3615459
3756774
3759349
3719848
3820840
3634231
3562953
3709721
3625610
3558884
3633732
3565102
3581124
3623968
3578424
3767499
3636224
3591754
3595182
3669347
3620994
3599424
3709170
3630104
3631609
3691442
3564078
3620743
3573982
3607546
3691292
3670845
3528521
3580847
3543201
3699184
3608818
3589890
3704871
3672296
3574251
3620528
3597314
3552130
3580229
3589587
3542268
3537580
3694204
3602070
3687461
3701407
3555292
3632860
3583503
3590650
3594428
3553556
3628182
3575446
3626240
3653125
3665246
3572207
3622405
3555363
3591768
3638264
3518624
3545129
3554670
3597734
3583943
3629237
3580914
3685468
3570147
3702188
3610953
3559421
3591391
3572017
3598921
3801365
3657148
3602387
3596591
3530617
3585231
3540296
3514973
3652305
3585147
3583947
3667623
3518351
3561796
3580653
3546604
3613601
3584141
3507445
3591311
3611578
3549105
3550453
3628123
3633785
3616769
3542391
3657927
3599528
3558008
3542066
3580758
3627303
3569978
3602735
