32048
34311
30448
33335
32975
31397
31841
30007
30465
30721
31972
30747
31033
33762
30936
31634
29987
32972
24982
27372
30955
32452
32139
31590
31158
31025
30890
32571
30528
32378
25382
30828
31770
29968
25817
24193
28471
31505
34157
30244
22380
31061
32107
32017
30922
32879
28180
31867
30720
31475
33494
31644
30596
31690
30621
26705
31667
30405
30702
31950
38681
29878
27831
24516
31437
22686
31582
30820
32963
32685
33397
30388
32745
30758
32331
34547
29540
33497
25241
32522
29120
32585
31654
31746
20986
31405
31057
26002
31011
23829
31027
32734
30749
24682
32932
26359
32231
30719
29936
31948
31479
33863
30956
30961
31619
31760
33190
31094
33069
30460
31965
30270
31738
31007
32286
26066
32697
29886
32534
24332
31386
32125
31640
31081
32227
30381
32618
25145
31656
30556
31771
31011
15385
30153
31369
30172
32396
23049
34525
32197
30028
30450
32640
29534
26933
30108
30897
29944
30403
29998
31686
30173
26935
24889
30653
30011
