39144
41801
38829
41484
57968
38157
39888
37998
39356
39129
40536
39311
41774
41397
41336
39406
37555
40930
32608
34668
39086
40591
40735
39647
38958
38651
38836
40789
38570
40980
33036
38885
39258
39444
33336
31823
36333
39206
42544
37736
31135
39465
40981
40196
38950
40784
35925
41496
39641
39823
41793
39307
38156
41016
38530
34523
39562
38622
38305
39606
45483
37275
36337
33786
39352
31149
40513
38733
41238
40073
41017
39022
41376
39923
39797
42570
37656
41453
33144
40798
37243
40647
39573
39928
28376
38757
39216
33984
40177
31262
38405
39712
38580
34729
41326
33881
40174
40577
38249
39733
39345
41875
38785
38663
41516
39925
42264
38975
41101
38650
40185
38296
39955
40771
39979
33965
42135
38152
41062
32413
38722
40589
40014
38806
40344
38549
40150
33145
39283
38192
39462
38567
20495
38938
40239
37820
40642
35026
42574
40456
38143
38179
40465
36859
36858
37821
38532
38133
38138
37752
39902
38157
35580
32983
38552
36858
