3183646
3430824
3403090
3386392
3419632
3303898
3419916
3403654
3245534
3495222
3377263
3793760
3495816
3579211
3476617
3461549
3400920
3462191
3388855
3432192
3372967
3412725
3495137
3693154
3408302
3504353
3335292
3440741
3378474
3357360
3463308
3457858
3680220
3445726
3262312
3570595
3553361
3778957
3552313
3724500
3526977
3702027
3536639
3942044
3673456
3711159
3661150
3571149
3724378
3700843
3689139
3769397
3501560
3642326
3632746
3811935
3634439
3589471
3560170
4130946
4180607
3936157
3833580
3734951
3643307
3803953
3596301
3672113
3574884
3833460
3559105
3613546
3500842
3801755
3616346
3673415
3481411
3785394
3498081
3813182
3680833
3672085
3412122
4257182
3626999
3839144
3584220
3902876
3659380
3632745
3591813
3696550
3412681
3852459
3509849
3771868
3685753
3894383
3631067
3836539
3516674
3860262
3691442
3838865
3633619
3906736
3628573
3712464
3695533
3634469
3747940
3510786
3615823
3693252
3618257
3795448
3532751
3564933
3673777
3677215
3617746
3979637
3559005
3717168
3831151
3927548
3612804
3670206
3575543
3717169
3624899
4024430
3832114
3895536
3586439
3958854
3647893
3666053
3607227
3629202
3778218
3706276
3556212
3834507
3472901
3385375
3276059
3386311
3158129
3288679
3349224
3334625
3295111
3232564
3238250
3413346
