3208886
3439658
3413792
3395314
3428369
3313022
3428511
3412383
3252884
3504403
3389560
3802576
3504676
3586671
3484628
3469940
3409740
3470798
3397602
3440933
3381683
3421262
3506717
3701826
3416387
3512521
3343650
3448986
3387217
3367871
3471534
3466268
3688234
3454242
3271487
3579482
3560710
3787203
3559763
3732811
3534052
3710939
3544701
3950176
3682289
3718837
3669787
3581284
3732833
3709080
3697137
3778073
3510361
3650161
3640832
3821117
3643221
3598833
3568624
4138756
4188205
3944344
3842018
3742743
3651680
3812668
3604841
3680094
3585196
3842059
3566943
3622201
3508920
3810258
3624585
3682387
3489519
3792847
3506110
3820892
3688159
3680134
3420336
4266359
3635263
3847077
3592909
3911208
3667842
3641095
3602000
3706519
3420517
3860933
3518082
3780013
3694526
3902618
3639118
3845227
3525056
3871235
3701093
3847532
3641926
3914573
3637126
3720656
3703618
3642667
3755313
3519082
3623839
3702328
3626853
3803323
3540533
3573331
3683644
3685270
3625788
3987512
3566766
3725722
3839824
3935600
3620939
3678259
3584028
3725486
3633247
4033636
3840484
3904389
3595982
3967101
3655828
3674312
3615822
3638026
3786785
3714712
3564805
3842746
3481261
3393053
3284394
3394610
3166235
3298016
3358514
3344788
3304170
3240878
3246800
3422033
