8770645
8527928
8859442
8414212
10278632
15695547
18064027
20526973
24764308
30009538
30008383
30006868
30004519
30003971
30001591
30003659
30003708
30003617
30001902
30002963
30004896
30005027
30003577
30001594
30003429
30002349
30002299
30000337
30002546
30004704
30004097
30003846
30004726
30008336
30007792
30008200
30005894
30008170
30001898
30006390
30008626
30002270
30007425
30004926
30005024
30004039
30001524
30001476
30178790
30001196
30001923
30004438
30000917
30002241
30005405
30003986
30005130
30008623
30008014
30007211
30005125
30003033
30001588
30005053
30006639
30004592
30003854
30011981
