730983
744111
765851
766100
726439
725879
752961
924015
782129
805742
730502
818113
844421
796500
894966
782028
803007
766902
773811
770410
864613
801144
764052
798006
756812
739068
778383
734313
770432
778214
729794
742207
736868
727015
747832
779148
833156
733788
748129
748110
786278
776410
762338
762468
781187
752662
795834
765517
807456
740007
737304
757908
798419
753760
732827
747052
776518
753375
742670
764962
806003
760530
746921
750026
743890
776971
747651
728899
739881
758438
770451
732574
786348
750174
757188
766813
757442
770874
777823
743994
782049
752280
740581
738621
779556
749210
758765
726809
739976
742498
747888
739805
760251
752141
746355
752748
793410
750734
772578
750489
749354
743204
738371
743259
741168
755080
768173
762012
807754
732475
760618
751297
787099
720685
787969
769541
736115
735415
776766
824509
793701
743219
755169
787647
758212
768539
758753
743114
753117
756233
742290
760507
794844
753248
775401
758583
745757
755449
733785
760599
757965
821088
724182
741627
784535
748652
739016
737863
779306
750566
771726
764297
722130
746889
734892
774837
