738679
770235
774299
777364
734343
737717
763307
931685
790176
814573
739934
828646
852398
802678
900396
787876
810759
773341
780299
777471
871373
808510
774744
807831
762461
746085
784851
741814
776407
784560
736930
750153
744214
737753
753980
788453
842570
741708
754230
753961
793289
783503
769878
771125
787640
759134
802904
773794
812728
747955
746162
765700
803322
761591
737796
754077
784581
760864
750853
771739
817456
773203
754077
755863
750343
784908
755829
735103
746859
765806
777507
739796
791821
758368
765517
777078
764921
778461
786077
751112
789864
760007
748036
747693
785641
756087
766106
734349
745774
749888
756398
746154
768802
758989
754738
759871
800035
758434
779193
758200
756081
752147
745928
751151
748336
762792
781571
768505
813872
738643
767237
758682
794016
727028
795471
775707
746118
741779
782890
832675
801793
750060
762267
794467
765543
775432
766049
750026
760723
762576
749899
770365
806016
760955
790702
764654
752812
765170
741773
767432
764784
828949
730371
749074
792976
755624
747613
744314
787245
757661
778175
770378
728908
755172
745109
781660
