127707
105680
105271
102583
70917
108207
81460
70733
67845
97142
77124
82383
88493
71990
94108
70293
82614
68251
66238
75673
95518
79051
118094
80552
90851
85885
95315
90942
103199
102784
92783
99804
98744
94039
92480
90042
88906
95726
111299
83269
78151
86329
99563
91826
99949
97946
90177
90428
111860
101104
91637
84837
99291
97006
91917
86569
115282
85508
93600
88454
96896
82139
94910
108204
105689
100944
97553
93649
95990
81800
91556
92924
100311
108442
102516
94921
91743
96184
95246
94328
82054
97364
101727
106130
86936
97186
95386
89959
79703
107995
107888
96822
81917
93879
78276
94097
94110
78215
89463
91816
96883
87231
115562
78936
98701
91969
101043
81645
121543
109221
85456
104113
102167
101456
100794
91572
118839
94823
97442
82229
94259
100107
78745
101210
98245
115512
94380
74674
110406
92048
96682
77319
100317
72024
97674
82320
98407
88680
95572
84322
84778
105881
96930
119248
80020
96181
69930
95173
84181
109426
89963
96437
94814
88774
105943
85388
