178851
139865
139900
132639
103635
141073
117693
105470
108552
129064
111461
127492
121697
105729
122758
104854
114958
104055
101302
116930
127394
111817
152144
120025
124995
124692
128320
124596
139010
137742
127946
130169
133198
125902
128451
121610
121564
128247
142087
122101
106118
120771
148066
126834
134497
131748
124854
120764
145485
133830
124871
119124
133547
135769
126201
114257
152942
118019
127993
126438
132230
112771
126698
142401
138009
133683
133697
121668
128919
115608
124290
125843
127303
141415
140477
129761
126528
130362
129177
126486
121483
131848
134022
142280
121876
139647
129672
127414
112208
134240
142876
129300
116844
124858
111109
128169
132042
112603
114656
125174
130593
121276
147175
108869
129896
122061
131978
114446
151965
142685
119281
140728
155698
136518
135586
123237
153298
128690
152732
115533
125098
125776
111276
134843
133436
149070
128482
92482
146973
125737
127954
108488
129215
110665
128636
122374
129802
121940
127786
118077
117367
139012
133994
151066
104536
129907
102733
130041
118771
143998
123812
131716
128191
130555
146613
125072
