2698915
2829264
3237268
3310784
2749858
3571901
2909317
1673041
3359363
3139395
2909966
2815679
3236156
3147210
2864472
3571511
3041731
2750767
2808000
2826403
1981998
2773312
2843852
3158127
2909813
1593172
2880537
2763188
3092313
1589265
2784732
1779374
1668049
3051566
3275852
1831263
3339463
3070010
3656954
3264116
3049338
1707740
3124855
1608386
2704725
3381210
2453977
1588265
2267005
2573383
1704829
1779183
3118728
3443346
1579694
1643433
2551075
3047709
2766558
1771152
2968756
1619510
2997853
3076994
2999207
2851863
3443631
3206267
3477922
3104988
2731293
3167935
3041304
3561759
2414076
1633947
3141310
1868841
3273945
2282400
1630514
1741885
2693638
2923013
1877700
2270671
3057179
2988308
3450676
2650506
2798288
2232349
2791978
3440272
2668583
3112418
2912695
3211350
2628709
2898758
3193508
2931237
3101420
3324256
2766143
2963973
2598284
2627333
3247453
2944024
1725839
2566610
3005439
2919177
2888366
3282633
1913264
1881829
2835333
2904086
1559959
2226981
3070762
2793542
3295509
2943748
3445022
3211312
3099620
2879579
3008087
2630815
3418953
2745864
3556167
2964026
2930593
3170235
3092983
3515607
2874974
2644074
1654615
2679606
3523837
3185272
2619231
2911500
2170692
3498884
3093134
3142005
2874853
2226796
2911480
2750591
