2717754
2838098
3246328
3319411
2758374
3580485
2917744
1685020
3371352
3148066
2917819
2823804
3244714
3155674
2872832
3581500
3049907
2759271
2818293
2834990
1990238
2781534
2852492
3166394
2918309
1601622
2888815
2771560
3100803
1596744
2794612
1789010
1676222
3059940
3283167
1839296
3348150
3078137
3665558
3272224
3057274
1715980
3134531
1616863
2713244
3389888
2462141
1596877
2275267
2581440
1712617
1787172
3126756
3452691
1587615
1651505
2559359
3056004
2774473
1779082
2976229
1627079
3005417
3086051
3007822
2860352
3451929
3214118
3488563
3112928
2739596
3175448
3053025
3570094
2424784
1642230
3149098
1876799
3282329
2289750
1638209
1749720
2701886
2930355
1885971
2279455
3065320
2995606
3459153
2658080
2806274
2240580
2800518
3448883
2676619
3122119
2922559
3219424
2636810
2906296
3201970
2939611
3109658
3332481
2774686
2972395
2606600
2637339
3256185
2952152
1733327
2574904
3014254
2926959
2896820
3291436
1922582
1890127
2843797
2912844
1568190
2234255
3078981
2801456
3303648
2951639
3453710
3220834
3107997
2887937
3016421
2638509
3427370
2753502
3566495
2972152
2937683
3179558
3101630
3524337
2883003
2652058
1663132
2688216
3531914
3192112
2627032
2919711
2178071
3506732
3101100
3149870
2882702
2234922
2919760
2758734
