8354976
8267180
8311193
8338008
7553544
6276810
8104164
9150295
9724500
9609125
9528486
11908247
15207729
20625013
25428147
28036761
30003273
30002507
30005431
30002231
30003671
30000040
30004719
30006908
30000104
30004204
30004642
30003199
30002065
30002257
30008234
30000224
30002455
30006784
30008771
30003744
30003302
30005428
30003179
30003205
30002581
30001714
30002561
30004256
30002504
30000862
30001774
30003399
30004739
30007091
30004099
30005155
30003905
30000807
30003807
30009410
30008181
30002147
30003751
30003245
30002173
29998866
30002901
30005040
30003861
30001726
30003178
30002090
30005399
30002376
30002565
30003330
27816235
25506870
23898330
22216632
20270204
17955651
15371967
13011330
10581217
7778210
6542742
7392155
