740950
765048
735066
755034
734491
781973
760273
884011
742205
797446
794853
825109
929124
937825
835208
800159
835657
822422
744729
842916
833459
767877
755798
767983
888669
840178
797782
778104
869280
802814
802497
846169
789908
799805
772386
817955
916279
1116666
760914
844891
874978
893535
783268
822850
775658
773643
758943
834889
933391
809342
871310
830268
867108
854305
813640
769747
758863
785027
743444
761990
798469
771392
782105
769880
750598
816482
808479
757236
743761
790121
813994
766260
862275
807686
779442
784031
755954
821020
773878
742101
745670
769141
762653
779070
1012347
835445
754165
812857
753205
785904
766113
748499
750566
815476
784676
771152
921684
791412
803890
760669
799933
806447
795868
787945
818845
795501
800884
786886
893730
793213
776146
805732
782851
784922
802758
748062
740029
748827
763988
743785
755520
756743
790840
773165
744420
756394
775053
756371
799758
769645
766359
820646
778673
764288
817087
767410
763891
816026
755055
779991
783729
787528
757028
757962
867310
865693
762667
931892
795389
753652
835208
829950
789262
822959
807864
774849
