763381
772787
743764
763000
740754
795414
766553
893750
750463
806202
801638
836777
934580
945282
841086
812736
848371
831968
750498
850590
843069
774221
762849
781927
893032
846066
803412
786985
877147
809837
813687
854842
796540
805530
783280
824718
920508
1123188
780919
863513
882723
901595
792076
832153
785043
780792
765479
846263
941535
814572
876500
835200
871267
872911
828552
778918
778894
793476
749658
776428
807359
780810
788482
776700
757014
825025
818121
763893
749052
796952
820047
774597
877423
816763
787131
791641
762065
827933
781794
749461
753412
781213
772319
786663
1024823
844953
760631
819097
759011
792095
777528
756592
762131
822512
791586
779414
930495
798518
809554
765072
805232
817406
800216
797028
823629
801705
808351
792950
908632
798160
781243
810542
792417
792480
809533
758595
746912
759536
779425
750981
771034
764299
797863
782900
750924
764099
782493
763758
807535
775325
773489
827224
783572
771875
821895
780779
781419
829787
761893
787923
792085
795096
764920
768182
877580
872663
771515
941985
801733
758496
842512
836857
793803
834677
834613
782774
