3563117
3471499
3479538
3463682
3544432
3417366
3444813
3380461
3531655
3425631
3493524
3641235
3671475
3699268
3675837
3599533
3572921
3598732
3549636
3523765
3554517
3572788
3583122
3569239
3495926
3639180
3603647
3608243
3552686
3533525
3536976
3540153
3482537
3578326
3537927
3555290
3447580
3566742
3520781
3441889
3581079
3547175
3525564
3503166
3582985
3518491
3556555
3587150
3472978
3745669
3575550
3519834
3579816
3505598
3484345
3545189
3505451
3457606
3555505
3548700
3489924
3478105
3487117
3553945
3519669
3567308
3514347
3500794
3474468
3494745
3496105
3593209
3505924
3595727
3475560
3498805
3504629
3522999
3492711
3440046
3531867
3472528
3506737
3542009
3439031
3533938
3553333
3527189
3543490
3435145
3466942
3472115
3470942
3436964
3511356
3582921
3456508
3510673
3535006
3558822
3479206
3459058
3442136
3483732
3500075
3460199
3458384
3525832
3474761
3508076
3478648
3494218
3496851
3518722
3501699
3517896
3476382
3481586
3502645
3533862
3444234
3534664
3438267
3427458
3438459
3514687
3445056
3443476
3450380
3407986
3505560
3552915
3535426
3567408
3471117
3438886
3438644
3435438
3549576
3468116
3517081
3440491
3521168
3527262
3582096
3591981
3492617
3505932
3511106
3472062
3519706
3579283
3463995
3452266
3525896
3594281
