3588750
3479827
3487838
3471704
3551857
3425484
3452761
3388051
3539716
3433972
3501375
3650917
3683005
3705061
3681634
3605789
3582462
3605918
3557116
3530959
3562808
3580170
3589767
3575172
3504883
3646086
3611738
3614179
3560012
3539750
3544766
3549795
3490758
3584250
3545374
3562244
3452784
3573813
3528119
3449714
3588390
3553318
3532460
3510998
3591324
3530866
3563616
3594318
3484625
3751425
3584997
3529775
3586718
3512468
3490927
3552422
3513503
3464986
3561607
3555988
3499800
3490914
3500345
3561252
3525669
3575926
3521564
3507837
3488743
3503684
3505760
3600147
3514593
3603102
3482391
3511697
3513358
3531015
3499751
3447035
3538888
3480579
3513275
3548963
3444282
3547133
3561781
3532899
3550900
3443645
3476562
3479526
3477565
3443496
3517545
3589660
3463475
3518402
3545390
3567210
3486975
3466440
3449385
3490242
3507677
3468055
3469966
3533053
3482352
3516069
3486132
3501283
3503303
3526491
3508286
3525056
3481542
3488466
3509975
3540459
3451409
3541638
3445163
3434931
3445012
3521774
3453151
3451134
3457316
3414749
3512644
3561178
3542469
3574283
3479326
3447294
3446579
3443035
3557450
3475961
3525097
3447196
3527934
3535601
3589085
3599586
3499606
3513072
3518299
3479135
3526665
3587930
3470506
3459790
3533418
3601597
