740264
727490
800683
725097
714201
697646
691762
729790
681222
740989
732791
727798
757059
712782
784672
770994
709983
762962
736533
4307
4257
4102
3966
3713
4063
4155
3970
4330
4026
3785
3825
4151
3903
6056
3876
3247
4029
3502
3783
4063
3613
3954
3743
3946
3779
3873
3975
4064
3512
3896
4000
3567
4231
3368
5254
3781
3574
3949
3760
3848
3800
3377
3461
3717
3294
3757
3768
3816
3796
3600
3674
3715
3893
3787
3695
3780
3300
3792
3871
3945
3719
3967
3714
3538
3619
3641
3733
3783
3724
3911
3651
5255
3865
3995
3887
3653
4122
3512
3854
3745
3689
3569
3840
3273
3615
3718
3464
6093
3795
3665
3737
3756
5506
4017
4080
4026
3728
3949
2975
3841
4720
3359
3652
4058
3930
3091
3597
3606
1645
3743
3696
3715
5080
3834
3972
3796
3737
4258
3782
3984
3932
4039
3783
3844
2757
4349
3794
3447
4045
3952
4118
4107
4080
3880
3736
4021
