889886
864473
814491
789098
848367
811026
891485
807970
804255
812789
790889
822631
924763
907670
887315
911378
853696
853291
907849
895130
924647
949737
857249
881572
942674
937506
940862
841995
957095
929816
882470
825230
884172
877261
886466
898872
896131
890264
897312
843448
876090
866233
894354
869310
858040
879127
849047
865673
905578
872755
851894
871731
891132
860984
835334
872996
858678
843820
930101
829308
912215
878681
976456
872042
872446
851190
866752
866460
825608
811466
840336
823183
891452
852412
905583
889211
810738
829212
895502
877191
821007
874677
800503
829905
870974
872964
843775
890443
870963
817297
819151
855763
840415
847280
896214
878392
908602
815033
876685
861433
901370
896848
863957
869274
871086
823478
867333
827978
912278
871852
910470
817949
876282
870275
833893
842401
830733
864399
836153
842392
944710
890047
949530
819932
889677
835308
839353
851752
880495
892279
841901
866251
867377
929398
888895
858569
894990
851737
883965
884947
901511
834104
813844
783185
962089
914910
912236
866183
829015
857053
866256
881339
866218
869360
854373
889570
