898018
888555
826193
799400
861606
820407
900752
817568
815662
822625
800861
834580
933219
914576
897661
922452
872611
860450
923946
904516
937266
962207
867614
888620
951267
944875
953485
849227
970235
936510
894417
836322
891568
883292
893422
908912
904242
899401
903984
850436
896151
874399
899828
877860
866307
883653
855559
873454
919039
885987
862710
877174
897235
867316
845797
879797
875264
852343
941508
837102
918018
884155
983364
880986
880801
860926
874964
875047
839255
820171
851687
836486
902820
861713
914441
898124
823874
837965
901903
889366
831290
883551
810727
836617
877498
879275
861189
898157
877100
824392
826245
867680
846392
855711
904926
889276
919354
823736
883254
868167
907335
908927
869586
877094
877676
829616
873140
849989
922311
879294
920746
823607
884852
882294
840872
852029
838052
872565
854194
850097
973984
986980
956658
828858
896133
847574
846982
859264
1534105
899877
849595
874178
874520
948677
897460
871002
907184
860517
892083
893264
908944
846934
822780
791624
975798
922273
919773
877746
838428
871878
873805
889481
874099
878086
863174
897644
