391420
425915
411177
830388
404564
398457
401131
404188
392207
416482
405646
391170
407325
408794
400752
399485
392866
385840
413474
380671
397649
388689
394677
400512
434050
397347
399903
395445
393124
403713
395463
412805
429469
417552
397093
389501
401235
398763
415419
425379
393962
400756
402108
392820
402637
416429
390466
423689
399947
392645
394480
392949
388622
394727
391781
396136
410381
391393
391213
422426
407463
385765
418685
395497
409343
399278
393423
404978
415361
416801
420411
387737
446902
395672
439306
397715
395679
393750
401713
394380
399627
399389
394909
395713
428925
393226
439430
382916
401627
400125
395517
397939
394899
394254
386442
390738
398250
397906
394036
394572
393892
391418
390081
390873
391866
400755
403874
389568
389242
381449
399068
396020
381197
398567
392094
391759
399012
409602
396044
392143
395975
392463
388291
391452
392736
389917
394942
391307
383850
414527
401962
392893
422102
397641
424770
405599
393215
397567
404684
388225
393131
402401
390071
395354
422450
399247
402203
392668
398145
396920
395142
395612
421255
398481
399280
391319
