398050
452532
419895
838747
412590
406981
409245
412130
400782
424907
414104
403253
415228
416907
407973
407518
401404
393053
421815
388560
406242
396929
404782
407862
442276
405462
407472
403722
401212
411854
404468
423256
436865
425790
405661
398094
409431
406887
423283
432813
401925
408848
409356
401547
410389
424632
398384
432504
408316
401489
402305
401839
396954
403026
399868
404343
418412
399740
399570
433706
416431
393774
427141
403672
417527
406949
401757
412837
423318
425100
429591
395835
455320
403732
447140
405588
403537
402553
410254
402608
407265
407743
404127
405810
436362
401248
447096
390594
409634
408433
402984
405960
403236
402828
394433
399191
405926
405882
402754
403028
400924
399694
397896
398702
399630
408657
410962
397577
396906
390030
408603
404207
389387
406666
399491
402003
406426
416995
403920
399771
404403
400613
395819
399621
400672
398155
402687
400420
392128
423985
410203
400619
430127
405270
433298
412988
401339
406121
412110
395985
400609
410496
399594
403305
429374
407211
409523
400818
405993
405264
403373
403934
429155
406471
406838
399578
