753283
762590
757291
762155
743468
786070
742417
806285
837652
791820
792228
774496
834303
1166072
881957
786050
820718
835581
803653
838741
765998
742852
769820
863862
780687
770042
770658
785735
798764
772378
812543
790447
768339
765038
769872
794859
815195
769051
821942
854032
810401
794181
818664
775661
755376
791370
775672
756286
923025
766873
943882
858555
770396
779113
819867
779984
730285
788228
748192
775735
817773
774858
761386
822367
829210
826277
802796
823612
769812
770954
763744
741817
818432
761554
794672
761296
761257
767542
772368
748985
751634
777258
793405
791489
847240
811526
810409
768734
764075
776827
752388
816917
791275
753269
771178
760754
775533
785782
786095
809456
775961
805951
769069
833205
833450
746838
773621
767948
817719
787325
868884
819297
795731
762334
761427
770405
761964
758583
756089
844387
767210
790436
766909
758787
759300
838048
805549
762605
754527
758592
775974
737543
793234
776373
809259
738382
750830
758454
767248
825072
767548
735171
792695
762343
842141
775251
784274
769984
792824
770061
773671
772465
826992
826353
812491
848515
