780225
773699
765173
770381
751690
793465
749209
820704
846300
803217
800661
784197
840962
1171532
897689
796909
829530
845284
811534
845735
780023
748931
780037
869740
792458
785463
783930
795448
809258
781364
817602
795806
777968
776119
775568
800803
820156
781943
835334
861756
820283
802737
825358
780257
761242
806031
783675
769060
940018
773242
949502
865953
777868
783889
826405
786306
747606
796665
755716
782391
823576
781064
767280
829836
836838
832928
809208
836578
779347
782021
784411
749047
826053
768503
801467
768501
767972
775812
781025
755007
757080
784021
800015
799329
1158324
825194
816607
777410
774454
781363
757772
822625
796023
759144
785078
769228
780566
792964
792797
816703
1212011
814640
781358
838410
837777
756012
782074
782080
829473
792994
877571
824371
802961
766912
769702
777453
790511
768033
762687
853194
780181
798859
774347
767660
764846
850912
815492
770054
760904
765237
788122
758082
809253
786317
816192
756228
759147
768105
774312
833340
784234
741880
803356
769778
850513
782308
789481
775245
805113
779047
782321
786770
836909
833040
817694
855288
