4557250
4786599
4727442
4778552
4972306
4640078
4674126
4670645
4651037
5333377
5217203
5392342
5167007
5126933
5077558
5112190
5151081
4944426
5046074
5122801
5054356
5103877
5000387
4877054
5075833
4921599
4936914
4917673
5038770
5210500
5003816
5027104
4864571
4928777
5158753
5127342
5205041
4831660
5071845
5021087
5149426
5411098
5007926
5315985
5116663
5195097
5091536
5065284
5047887
4951974
4970419
5158723
5202715
5038481
5064074
5024601
5086756
5066924
4993083
4975536
5171622
5120137
5149340
5076725
5000012
5040057
5011638
4890707
4970560
4983944
5136583
5157787
5049367
4964552
5037210
5027449
5158944
5149593
4953842
4942666
4855095
5076226
5005218
5140148
5061077
4921172
4897237
4904268
4926112
4962539
5098717
4941671
5005532
5047882
5024516
5008845
4928871
4801112
4886644
4841295
5039421
5033464
4934998
5007389
5062707
5078485
4892614
5000123
4869208
5069762
5011193
5139399
4754486
4874216
4967125
4916564
4823138
4860913
4993571
4848723
5023282
4907410
4895096
4821890
4863176
4935810
4756180
4776241
4811289
4797841
5022686
