4614033
4851762
4792627
4823910
5022989
4677724
4724512
4720213
4690908
5389980
5276061
5440571
5228663
5179403
5129905
5158719
5186523
4996059
5092045
5162499
5114278
5143655
5056708
4936168
5128689
4970142
4995883
4972051
5071040
5254548
5054354
5077270
4916679
4971278
5208665
5173343
5270219
4880759
5112256
5068022
5198285
5442497
5045493
5365754
5171189
5243617
5136449
5118348
5095082
4988157
5020785
5211268
5252168
5077709
5119693
5082115
5126367
5119016
5209206
5015070
5223807
5168170
5199015
5119341
5049502
5092994
5065974
4939820
5029378
5033618
5190094
5214847
5097229
5012448
5089197
5077392
5208492
5198792
4988418
4989572
4901376
5133980
5047647
5191461
5107486
4969631
4951574
4952565
4979413
5009661
5135330
4979898
5060809
5099068
5073745
5048908
4988088
4840441
4940559
4893044
5076046
5078208
4982778
5050814
5111627
5118410
4938633
5039275
4908851
5108174
5061550
5185230
4798419
4937771
5011542
4972057
4875454
4906695
5047029
4903306
5078075
4952193
4945661
4877792
4910428
4980859
4808939
4815187
4861447
4848583
5073608
