61854
77960
45289
92841
56609
68839
48295
65425
87569
40990
90253
46756
45130
64564
76830
38439
86209
85647
87490
82823
48147
97658
63316
70732
64266
76170
59972
63708
68560
64547
38335
65527
53015
68809
99607
64089
98318
66674
72963
46275
94024
42022
79706
53536
94982
68928
51807
89566
36029
65660
120150
118784
66310
88399
56284
85562
66935
57531
83875
65470
82439
65944
83325
85000
84764
55171
75127
59043
97849
49836
64950
46249
50719
45794
97089
63698
93170
87115
84789
46759
78457
56309
93700
74268
46587
92893
62258
81781
72010
51197
99617
65830
69892
65464
35764
80348
80582
53070
123561
89615
104714
74634
68002
66303
82438
57366
62927
77001
86222
59477
88516
78018
77293
88061
69055
71054
77828
82400
68883
84585
63254
75421
38202
57691
76351
77781
82534
69842
70996
70214
82016
71669
71803
59309
97821
38724
80809
60875
44510
64933
57659
62138
50137
80694
54935
61780
59390
88532
72534
71023
57552
37707
69970
68577
96614
73576
