70649
88847
53636
115468
64265
74404
56996
73072
95268
49136
98642
53638
58043
75106
83430
46866
92569
91132
93883
93615
60406
109847
70037
78913
73810
82412
66911
73911
73499
70933
46356
77650
59307
75982
108677
71126
113118
76960
80827
56582
101663
49624
85615
58486
100342
84238
60291
95107
43131
71394
130526
131792
73106
94786
62737
97211
85988
68529
90344
73041
89183
74736
94946
95221
92758
63753
84684
66347
106966
56917
72195
52185
57146
53044
105323
74749
99164
95419
92222
60643
86683
62300
100704
80134
55044
101756
69241
89344
77932
57026
110939
72457
76996
70405
42546
87908
91992
71894
130517
99521
111994
80065
73197
72375
97299
66642
72567
82637
91544
69206
96260
92873
88350
93438
74025
80080
99918
88435
75080
94718
69593
83792
46497
66888
85613
86790
94809
78507
77715
77562
89368
82371
81140
69670
104220
47901
90812
66958
57932
70075
81077
68721
56637
88049
63246
69223
63986
95338
83524
76234
62079
42604
81215
74540
101684
82662
