51730
61710
74429
76132
64307
64592
70137
60360
65626
65564
79090
78363
66057
51014
61439
66542
75061
61571
67931
60435
53747
80031
73800
73699
59302
70629
73095
71715
75668
70665
53458
60290
79629
75321
73248
76428
61765
75006
58370
49752
58536
79615
74950
59689
54317
64058
81058
73823
51406
63188
61970
74617
52289
71343
60651
54347
74559
57587
74801
76444
56610
87950
61446
62371
61347
53353
74975
88002
46109
80914
71271
83324
48065
73455
60220
48939
69190
50322
78059
63404
73463
65473
57002
70781
69419
69790
57133
65758
55726
69158
74190
71225
60622
62132
85256
65211
68387
94980
46397
68932
78608
80236
62324
78026
80761
56988
86658
68945
64793
62460
50580
75221
82841
51768
55654
67294
75972
52166
54744
70156
63670
64183
63396
75987
73567
65643
58000
79439
84194
58920
80421
62361
79537
69519
70647
53039
48845
93201
85157
55558
57574
56210
66725
85604
81206
74625
48058
61321
62755
84252
65189
49335
83526
70823
85387
59448
