190853
211395
194911
237191
216023
212990
220783
210239
227010
204717
224318
222930
232703
183015
218572
207754
226606
225048
196676
210365
191150
220227
228950
218091
203877
221569
223962
230179
217675
216106
208471
212592
228899
213985
221396
226464
215695
242998
210764
198659
223429
235223
210472
212221
206708
222150
225849
227631
194657
214666
195627
225951
186626
223785
217906
213993
227928
207651
222402
228538
194680
240218
206137
206608
197563
199010
227832
230126
202428
237338
221306
235588
201180
223173
214808
203066
202975
195404
231792
217241
224275
205327
196934
221201
229327
237871
205381
210285
204689
229815
227552
253812
213195
221360
237684
216281
238540
259225
198396
219703
228283
225277
213880
234547
234328
202971
245767
212968
213429
206367
188681
232817
223562
193872
203085
215151
223620
208737
208221
214848
208986
217444
230546
246490
224302
230519
213456
244594
238355
212120
236514
202595
224850
228600
214051
191037
192551
229210
231408
216574
234108
210585
227504
238603
224840
234318
194678
217631
211695
241672
207305
196660
229022
219327
225060
212776
