31832
32651
31429
32206
30096
32827
31586
29680
27901
30610
30995
30061
34713
30019
31269
32164
31360
32800
31300
33696
31073
32080
32148
30503
41556
25851
27949
30951
34014
30316
24789
30264
32417
31236
31834
32351
30591
31610
29589
32639
31092
31369
27427
30858
32276
31524
30769
31044
31784
31320
31675
30762
32606
25905
31734
31250
30070
32272
31510
34916
21241
31753
21910
32120
30396
34027
30151
32591
31100
31475
32105
32087
30127
32864
24344
32186
29834
11852
30085
31292
31306
33248
31282
28940
22841
21777
31397
30393
31083
27947
30165
32301
25594
31560
31016
30713
31094
31084
30809
31270
32241
25061
29779
30462
24208
31036
24621
23309
31442
32562
31290
31662
24091
30074
30951
31351
31977
31076
31058
32312
31034
31226
31672
30478
31216
30623
30663
30765
30184
32148
30895
25648
14915
28185
31055
32765
30520
26884
31217
29627
31304
31588
30287
29564
25500
29484
31777
30910
30973
23686
25204
30780
30091
32024
29711
32543
