57388
42207
39810
41915
38314
41572
39234
38471
36182
42585
39375
38089
42651
38326
39178
50731
40318
41129
38794
42445
39432
40762
40340
39025
49416
36783
36106
39426
42424
38255
35027
38387
40721
39791
40098
40720
38409
42682
37583
39922
39378
39491
34721
38774
40130
39563
38491
39139
41766
39412
40898
39185
41051
33753
40764
39348
38613
40406
39560
42845
27808
39407
29971
40245
37913
42136
38347
40884
39217
40011
40125
41454
42708
41148
32400
39619
37920
18253
38109
39480
39626
40957
39280
37540
30274
29432
39504
38687
39003
36147
38214
41409
33594
39957
38966
38730
40212
38384
39087
39330
40176
33036
37527
38464
32382
39258
32522
31244
39377
40373
39166
40653
34117
37829
39517
39156
40258
39157
39018
40414
38536
38972
40862
38395
39279
38835
38730
40042
40010
40028
38613
33597
23133
38212
39764
40801
38604
34603
39322
37249
39279
39450
38158
37938
31909
40363
40029
39458
38906
31110
138084
38681
38280
43749
38348
40459
