1509587
1620158
1318197
1408536
1531606
1510599
1327565
1482281
1429374
1403985
1303242
1441232
2794764
2257327
3719930
2612511
2344852
2611871
2540670
2311170
2416128
2325126
2179573
2177948
3110996
2256439
2579296
2153149
2477462
1953210
2021593
2135741
2344439
2060222
2462642
2241855
3553741
3112167
3090675
3162925
3444444
2902338
2889675
3315919
3197835
2827572
3382153
2883494
3049547
2665693
3099347
2705109
3032108
2594690
2481254
2291607
2455889
2486307
2333145
2449206
2520455
2248644
2194363
2244160
2137236
2606927
2297129
2244430
2200206
2171999
2225644
2206924
2253385
2248164
2388309
2525344
2714940
2287702
2478730
2534824
2342054
2364630
2474220
2690098
2862015
2638305
2755210
2538992
2823658
2918447
2678158
2885509
2835907
2961877
2353034
2926946
2908756
2961833
2766283
2609290
2356969
2755630
2349663
2810493
2751070
2519004
2537755
2609862
3239214
3126648
3039901
3191559
2604531
3039471
2654521
2630856
2238596
2398133
2118668
2311034
2282212
2673518
2254174
2397552
2177893
2473234
2320043
2214543
2342773
2203454
2173867
2155254
2197905
2392598
2315578
2323756
2137523
2247220
2090788
2280499
2241078
2298141
2102980
2507780
2653134
2167263
2124340
2305722
2442802
2440321
2385433
2246088
2365847
2352798
2195132
2730771
