1519603
1629548
1327310
1435210
1540021
1517794
1336438
1489509
1438728
1413012
1312450
1450358
2803850
2264212
3730826
2621244
2349915
2618725
2547847
2317103
2423907
2338838
2186301
2191196
3122257
2267112
2589481
2159113
2486473
1960619
2029003
2145012
2350930
2064870
2467869
2248574
3562926
3120459
3100378
3176322
3453251
2911276
2896385
3324702
3212264
2832914
3387711
2888765
3055149
2675832
3109240
2715673
3037553
2600276
2487547
2299119
2464302
2507415
2339492
2454217
2526895
2255641
2199940
2253865
2148542
2612967
2304663
2254292
2206759
2185402
2236380
2214864
2260440
2259503
2398508
2531811
2721432
2295065
2483998
2539202
2349917
2371461
2483974
2697389
2869100
2649338
2760789
2546686
2831585
2928804
2683911
2892507
2842386
2969285
2359580
2934599
2924482
2971424
2773292
2615616
2361568
2768212
2356876
2817980
2757474
2528847
2544738
2615233
3244191
3131182
3045358
3200548
2615659
3047639
2660426
2639162
2248605
2406371
2127030
2319274
2287725
2683632
2261230
2404204
2189191
2484240
2327568
2223156
2358495
2210994
2181106
2161928
2209245
2399199
2323035
2330012
2143559
2255694
2097864
2286920
2248046
2308999
2110807
2517514
2661043
2176592
2130758
2314161
2451146
2447817
2393767
2251194
2373500
2363193
2206933
2738107
