468924
247435
292558
241785
238916
243178
448688
340439
229052
263095
251766
241245
354025
469712
660343
361794
517016
587425
413923
306556
550474
329823
459712
412546
615327
616446
779269
702028
841657
718216
631086
606080
683381
554193
708965
647454
835679
785332
510199
408584
497423
542960
621115
481379
557285
685538
812069
742237
1546981
413317
1084681
759321
564894
596801
721580
737681
401238
447652
321366
608968
645859
459221
516932
341539
563908
492257
598517
259905
711851
405895
455054
338287
739648
412354
528036
617172
382368
345955
489512
388916
484077
512635
627378
315580
791420
431525
707370
817135
426513
500124
436561
846652
1145141
411486
589500
582409
734418
546043
870337
591854
694736
638596
656273
450882
554195
541663
386933
439691
1339220
400817
799957
590939
357662
340357
681528
650402
446513
383015
548446
452112
527829
357572
533034
439175
418337
443284
640116
388327
579300
411625
343852
399431
372938
291401
461573
277516
407423
556632
415332
318276
266140
359352
458012
562495
905876
351033
627201
454380
569626
405949
503993
607329
834132
695424
564770
496463
