481776
255285
299740
249340
247196
251279
455458
348194
237720
271585
261554
252808
360356
475627
672284
368746
523552
593399
431609
315837
557655
337113
466725
424940
620829
627148
797313
707454
852005
725081
638382
612075
691481
560188
717253
656813
845552
795513
514900
417606
508963
553500
626065
491115
563036
704732
821580
747480
1556963
428913
1090973
766621
569504
602192
726689
743906
407915
457302
328075
615102
652348
467112
529170
347749
571467
503777
606171
267498
723093
411993
466168
346135
748368
419176
534831
625105
391125
352553
496187
399564
491806
518692
637001
322648
801195
436123
715725
825433
438186
505824
443449
851866
1154037
417597
599878
596105
741223
552848
876588
599076
702404
645678
663149
457927
558579
553019
392607
445011
1353882
407063
805010
595871
362438
347865
689129
659372
452359
388998
555253
457871
534236
363941
539829
444295
425760
454329
647192
397211
591573
420776
351307
404890
377207
297350
466736
284033
415873
574996
421720
325239
273324
364179
464767
567074
915496
356599
631974
460022
577667
411623
509059
612993
838890
700449
570447
502867
