5035165
4869278
4766263
4857187
5139304
4737570
5002101
4576234
4622581
5684351
5585756
5505160
5571305
5306126
5437066
5315499
5252694
5236446
5276624
5421008
5744049
5323086
5227459
5100817
4929077
5088792
5184982
4964502
6025881
6401411
5686028
5747564
5459969
5824340
5353616
5449208
5193357
5269317
5769925
5392913
5202549
5146999
5233315
5079988
5126854
5345747
5471948
5418888
5464530
5354618
5245746
5338082
5307468
5363608
5174408
5410925
5339889
5184160
5227482
5447078
5315185
5423893
5223155
5365625
5222972
5237350
5245803
5385890
5437029
5267799
5229827
5342734
5219824
5548366
5273102
5332543
6197448
5595296
5343322
5180523
5384659
5555001
5585751
5132440
5421298
5227822
5364551
5538761
5429059
5326740
5090380
5170613
5253114
5140266
4946445
5098331
5214031
5256752
5333716
5261544
5156395
5386431
5390531
5141617
5302914
5280323
5315982
5330331
5517472
5337412
5309276
5299700
5379204
5331880
5193777
5466932
6465752
5527478
5249158
5164838
5064186
5041200
5076432
5022748
4933971
4976216
