5101294
4938194
4832797
4907181
5188903
4792286
5066150
4624219
4675714
5744148
5638929
5563443
5626073
5343279
5496601
5366293
5305992
5277489
5333291
5461912
5789693
5358731
5270765
5165235
4963610
5153728
5227594
4992895
7099270
6459107
5742753
5782534
5492190
5874991
5384888
5494478
5259285
5328816
5810007
5427896
5245134
5173782
5276795
5121502
5166617
5397864
5506291
5475471
5508630
5417407
5286193
5392583
5363624
5406000
5220672
5468709
5392018
5239322
5270032
5489280
5357344
5454240
5265737
5412211
5278136
5290804
5301473
5434815
5490974
5297974
5294096
5374148
5269397
5611254
5333029
5390444
6255365
5632621
5385156
5223190
5417853
5597671
5646530
5183237
5464200
5274861
5403489
5581516
5484112
5360336
5123022
5662442
5307044
5188354
4984709
5143374
5262697
5312148
5373316
5308197
5203336
5441728
5450037
5191238
5348471
5328665
5360750
5377602
5556858
5378040
5355506
5352135
5431816
5372613
5244028
5514416
6520358
5565669
5290788
5203898
5111589
5093569
5138382
5065437
4973570
5009709
