3183687
3316003
2384291
2386513
3457478
3074393
1890627
1641359
2861347
3166745
1845468
3174453
2762555
1855305
3172319
3237074
3017105
3186743
3289336
2903581
1786673
2320948
1586707
1692366
2975717
2724962
2777149
3052535
3422245
3593326
2878530
3176212
2190783
1787543
1866822
3180155
3263059
2832806
1754450
2693879
3314966
3213372
3522138
2648277
3308736
3282105
1799572
3514624
3093331
3541792
2863403
2672492
1699047
1828217
3147872
3177769
2671563
2763653
2711259
2336561
1797605
3027482
1672868
2203153
3151350
3087810
1640586
2873760
2842928
2850953
1600158
2881636
2875583
1762859
2678014
2796224
3239634
3049424
3271891
2712602
3196514
1802420
3314514
3205038
3076966
2718787
3195133
1539503
3139411
1651438
2925570
3117359
3521764
2877795
2748884
3279261
1736517
1837852
3124229
3002244
3572481
3091803
3153545
1727740
1692965
1602603
2767220
3163399
3506015
2833113
3477215
2787665
2996262
3106758
3123875
2675226
1770560
3084389
3496376
1627407
3113649
2950722
2263815
2994105
1773204
2783899
2738089
2934354
3258069
3162788
3187247
2812166
2908072
2808195
2662460
1767835
3622954
1712427
3501107
3213598
2628199
2890935
2738275
3212677
2366061
3215619
2344596
2270362
3134462
1668703
2666822
2699617
3169806
2692473
1667918
3205151
