3209212
3324737
2392659
2394935
3465759
3082785
1899083
1653985
2872526
3175786
1854045
3183574
2771141
1863947
3181259
3244965
3025689
3195732
3298260
2914025
1796644
2329916
1594779
1700535
2985067
2737724
2785104
3061235
3431049
3602196
2887317
3186996
2198822
1796621
1875539
3188309
3271129
2841185
1762064
2702340
3323194
3221737
3531176
2657438
3317652
3290945
1808234
3524139
3102470
3549995
2871486
2680782
1707543
1836844
3156123
3187601
2680066
2772183
2719579
2345268
1805177
3035266
1681246
2212468
3159508
3095477
1650103
2882376
2851286
2858945
1608738
2891728
2884992
1771287
2686648
2803968
3247789
3058022
3281380
2720772
3204617
1810619
3322569
3212813
3085202
2726820
3203204
1547379
3147478
1659518
2935628
3125603
3530054
2886036
2757396
3287316
1744742
1846179
3132447
3010307
3580489
3109157
3163116
1735929
1700804
1610888
2775530
3171540
3514646
2841503
3485382
2796273
3004664
3115784
3132084
2683295
1778658
3092425
3505083
1635629
3121743
2958803
2272019
3002137
1782822
2792100
2749241
2942448
3266136
3170756
3196312
2820333
2915649
2816515
2670474
1777004
3631613
1720451
3509795
3221879
2636495
2899052
2746395
3222275
2374254
3223573
2353997
2278576
3143614
1677994
2675228
2707616
3178410
2700756
1675711
3213877
