134108
106176
100394
97006
88088
93703
117987
73542
76390
70356
76452
85361
76956
77129
64357
85792
68863
68731
58696
67431
83778
101526
93330
89839
91632
115723
86162
91770
116513
112915
91555
97023
91599
115268
95905
95812
88124
115717
83198
94161
111129
94868
99465
90586
91885
80542
125312
97183
110521
83173
99065
100398
105802
107581
106341
81895
80732
99510
81405
91578
92218
90970
113000
70152
92975
83572
96590
83063
95571
94392
93437
91685
136665
99496
92319
103624
105648
109721
105234
95276
95006
96103
95983
94179
103644
95733
95806
87880
96119
95901
77941
95597
80806
101436
96120
92640
92471
93919
92223
87317
90136
91966
90062
93973
96303
99574
95789
85053
95029
108781
87760
120268
93531
90671
90596
135279
98572
95411
94216
96150
79809
100637
81561
97952
80080
104097
83800
100970
80625
93518
104362
98735
88442
95929
98988
104865
93704
90255
113778
76826
90911
104808
94788
94705
88877
113886
102554
81997
110309
93519
81960
116573
98049
102728
94350
90138
