176958
149021
141124
117843
131394
127765
149777
106224
114249
105087
113869
121187
108125
110026
95453
118847
100509
101482
93925
103691
117517
135906
132635
124704
123004
148285
117278
127480
149623
148030
121590
132786
124259
148545
128499
131687
121599
147442
116521
127621
147567
128619
133164
130978
122333
115006
151251
136326
143583
117812
136130
135387
141857
142343
148932
114534
116335
132412
117632
116895
127411
122624
137651
104503
127568
110970
130961
107491
128930
126586
127684
126448
172658
134691
126328
138088
129311
143771
137825
127535
126149
133867
129965
127356
136581
127653
131770
124606
133029
127904
111898
129316
115403
135302
132364
123922
127964
127597
126627
123343
123296
126499
129634
125545
124931
135151
129344
118407
127654
142174
121561
153367
127630
125866
126750
170934
130723
129066
128382
128806
115946
133108
118519
129710
119669
140937
120088
136667
119439
124973
139243
131160
128561
128517
134358
145848
125600
124517
149756
111793
119635
140914
132319
129427
122474
150538
134759
115875
144759
125644
117012
152416
131476
135874
123241
122797
