488825
419703
441575
424432
442699
423247
383224
385800
406315
405402
389724
406030
435713
412456
416409
384213
471195
383530
434393
379721
429121
381872
379034
398243
386853
404653
378400
419121
430816
376817
354280
398958
402204
398379
423361
369983
445173
357083
388965
402631
426077
356788
416508
391703
403923
429095
443884
371517
463562
364309
430240
392648
393979
372658
445507
369442
373826
381265
411034
390993
432407
383359
397245
406290
414102
368372
416269
403298
402153
389355
393669
371073
412462
375008
386142
381069
442741
396143
405310
370333
417218
382089
378505
424203
375770
401969
384885
441113
434481
361871
407952
471975
420984
432409
362764
410690
448035
423726
379776
405850
396958
359394
389214
417868
398716
388327
362732
411422
469048
355507
413016
402642
387180
383407
390267
395477
397339
383327
411236
431499
405291
418108
371949
399626
395665
382316
399607
411801
403274
394198
415349
394420
395623
400954
377554
369974
468890
378689
419319
384286
368036
385969
380565
383851
406024
426231
416763
379492
369677
446222
378929
368458
430713
390207
375820
391344
