607829
545073
573987
552645
552380
531942
495001
499991
510657
537109
506853
518915
541767
528481
518246
487687
584193
477275
525970
486384
531818
491206
475319
519706
473769
507743
488988
534629
568254
474520
479670
498615
491662
492217
527530
454801
545365
457500
489115
486936
513981
441856
512706
480823
488468
528613
554794
472148
578353
463972
512776
506369
487903
462328
530383
477439
462558
475489
519723
509807
554365
491050
494767
512032
523268
475086
536346
522116
498744
484586
510894
480792
524526
480222
484185
484714
567115
491208
512718
480217
507290
494718
494242
550264
458621
514555
480157
527380
523135
535062
488085
584239
559546
519361
451963
506751
599584
538276
503074
489479
520330
479262
472236
504976
490129
473679
454588
531028
573652
444434
506216
493410
505820
480252
469314
494170
498849
496983
508848
544330
506506
550298
473249
485767
491717
504199
512475
526714
504772
507844
528028
496242
501882
512557
489682
473732
563591
474891
535460
506394
498927
505781
478358
469881
497169
553856
523389
457426
462319
534909
471274
461176
514219
486899
472346
501545
