405810
438088
407238
403883
393869
401297
393986
401237
393504
397116
401539
394163
404919
415650
393347
396504
396742
395353
389443
396843
413147
395739
387199
399026
423185
391245
405569
392654
395384
405133
403898
386433
419965
392591
394099
394676
397845
397626
388007
400664
396715
387988
418125
389917
392859
408868
387523
425008
402815
386462
399218
388752
385444
402364
389222
394874
422736
393753
444578
395297
406536
406333
410095
394715
391784
395432
409954
392992
397450
408696
381950
392196
393285
387049
395929
409595
394989
398882
382805
384526
401485
399905
403285
391526
398861
400193
398566
399155
392425
392479
420988
399500
420959
418151
394231
394277
388611
397927
405274
410418
396039
395313
401678
396984
395369
399184
398205
395430
391797
394982
392193
396679
389967
387652
383292
385896
383028
400066
390635
389102
406618
391677
392002
405005
388231
400963
393339
384075
414035
391742
393961
442539
425860
389480
425032
397623
396271
406355
401987
398023
401756
403957
404744
402639
457658
394166
400074
402911
385375
410435
413753
397007
400382
403261
398539
402493
