412478
463728
415310
411668
403413
410236
402107
408870
401553
405452
408869
404813
413398
424794
400466
404353
404758
402814
397420
404966
421229
404315
395218
406894
433220
399811
413258
400948
403684
413615
414114
394045
430231
401141
401611
402465
405181
405612
396095
409104
404867
396005
425494
398272
400740
417449
395780
432967
411079
395650
407301
397058
393442
411315
397110
402647
430595
401732
452666
402889
415111
414387
416996
402853
400588
403171
416923
401360
405179
416025
389073
400065
401524
399143
404461
417780
402945
406703
391361
392737
409896
407606
410960
399514
413024
407964
405994
407569
400711
400309
428830
407151
429381
425614
403507
401690
396384
406129
412601
418303
404592
403334
409752
405007
403620
407153
406150
403507
399814
402697
400118
404692
398316
395711
393878
394102
391118
408762
398437
397087
414696
399449
399901
412450
396352
408092
401083
390994
422067
398838
401830
449908
434927
396918
431554
406873
404472
414750
409608
406132
409829
412111
412863
410964
464989
401713
408515
410712
393498
418387
420741
405257
410829
410989
405756
410390
