41737
55713
44326
59859
44159
43630
59521
45666
57496
57047
44208
61870
43638
44480
53833
44258
57605
43868
43604
44749
45410
48458
47083
44367
46892
44784
47221
47573
43191
58112
44656
57125
46697
44456
45287
44278
55277
54368
48224
61111
44573
57481
45331
45606
61085
39771
43229
48358
45479
63530
44899
47532
51877
44978
60784
45589
49974
55179
43441
44389
41153
56090
51065
45801
46108
43938
45744
52208
45347
52280
60576
45601
56618
49073
47837
47752
52316
43156
58791
46813
47155
60635
31300
42638
61302
42253
52149
53571
44125
59342
44423
44061
55243
44980
59118
45774
49503
53895
44514
58254
43643
45073
45673
45402
58026
48184
43931
57767
44700
57242
44691
43699
46361
47287
57278
43242
49987
57334
46536
61099
47204
43135
53705
43363
59222
39850
46065
62372
30784
46782
55272
44854
45479
44265
44099
58146
44659
57663
45159
48035
60601
46698
48803
47715
50546
45281
46984
44630
57598
43324
60617
42840
45049
57141
44457
44244
