60778
65392
53216
68975
54138
52029
71718
54727
66576
66798
53383
70385
51645
53654
66032
52798
66131
52669
54683
53724
53872
57509
55278
52505
53674
53301
55500
55977
51691
67900
54134
66258
55117
53112
52732
53654
64127
62611
56996
69523
54407
66650
53844
54189
69495
48524
52145
57364
54718
73939
54170
55494
60258
53524
69373
54511
58291
63448
51611
53212
49604
64014
61180
53822
54535
52826
53998
58959
53677
66090
69533
54182
65109
57268
57673
56431
60884
50890
67511
55539
56179
69303
38897
51159
72413
52847
61276
62633
52230
67003
52988
53169
63626
54056
67938
54580
59169
62455
53268
67029
52208
53131
53983
53765
66843
57278
52653
67041
53654
66021
54292
52210
54603
55951
66679
51390
58242
65766
55987
69620
55275
51799
60816
52177
67663
49065
54671
70943
38222
56697
63949
54086
52653
52772
52832
66618
52969
65880
52826
56478
68981
56595
57430
57596
57702
54131
55404
52630
66042
51977
69230
51483
54993
65752
53107
53581
