4779944
4882596
5182935
4767607
4610718
4796325
5359393
4824709
4675873
5457697
5569630
6544178
5809850
5356813
5549089
5451226
5366536
5503849
5501441
5473638
5551867
5221209
5123464
5208093
4984811
5126205
5344257
5210617
5955358
5413558
5715549
5763981
5155319
5224130
5259295
5273360
5001016
5244638
5703830
5393503
5275915
5187864
5084562
5066594
5393273
5500785
5437619
5583670
5342137
5532660
5421689
5141607
5498263
5166043
5190237
5195170
5378832
5363238
5294818
5423513
5439268
5301049
5283910
5252156
5185751
5212324
5345809
5250357
5463263
5455296
5672953
5398777
5393631
5462651
5292027
5538718
5425525
5502477
5442619
5455482
5302877
5243889
5359784
5336165
5268060
5584882
5644284
5396391
5337577
5464031
5121369
5175829
5180260
5130231
5166068
5303497
5234526
5554605
5433660
5453435
5370696
5194988
5308023
5393928
5341050
5325749
5338683
5432113
5360051
5424190
5176305
5400546
5562878
5371831
5372451
5377729
5232981
5207702
5098173
5101435
5082758
5012276
4849888
5012842
5121328
5247294
