4839914
4927323
5241265
4841873
4664719
4844526
5415433
4877062
4734321
5498304
5624185
6634316
5869622
5389208
5601133
5499676
5412803
5544164
5556806
5506161
5602646
5262169
5162858
5277497
5021325
5167853
5383381
5255011
5995143
5463262
5784852
5793704
5197213
5284862
5301533
5321909
5039379
5291781
5741563
5435971
5332559
5245030
5133756
5104248
5439878
5539481
5490727
5650535
5393447
5568777
5462963
5200619
5550267
5203799
5222205
5234208
5426809
5397935
5331587
5482272
5482799
5339450
5337779
5310066
5240102
5255983
5386486
5304298
5500085
5531549
5724195
5444004
5443549
5526953
5334263
5593392
5472390
5561525
5503353
5492184
5340648
5297620
5397024
5367284
5305373
5617973
5675941
5433784
5378344
5498647
5152453
5214548
5233521
5177106
5208970
5345078
5270775
5601120
5472552
5512310
5421319
5256066
5364830
5444147
5383824
5371570
5367242
5474917
5396571
5494773
5217343
5440053
5614353
5417780
5421460
5421580
5294816
5265225
5136926
5152733
5122912
5062643
4890842
5065716
5194713
5296754
