325056
332816
333559
293052
296260
176015
281185
363783
292774
321207
338135
284037
213368
320916
314124
313213
335206
178992
278187
236582
362569
208615
261484
278098
362048
311662
308647
322040
362728
367547
377123
335469
365098
238205
333620
361680
298564
287855
213723
305769
312695
367043
398686
332251
186097
293709
322872
333540
327129
189329
320106
289538
323589
297419
295379
293824
309311
325020
345168
299182
182460
328904
400138
366519
359987
363759
358987
343733
304650
301509
319730
309703
306887
309333
241563
291244
174182
310759
347067
302691
272861
351974
182637
194109
203598
178535
189961
243798
374898
282840
197050
323053
350860
301198
369173
203533
178764
319326
314567
369947
397130
332439
306716
334341
324604
203146
361517
375487
365525
309676
288512
275017
363245
241954
204629
192967
270501
331292
171807
319826
318375
276602
334387
349943
321694
356122
317602
335857
298654
309965
302354
315659
430179
364546
167587
305587
304988
292934
282346
290664
332692
259754
279420
283865
371527
185812
182811
328838
311592
322783
186246
192945
194981
188292
177819
170267
