332413
356959
342342
301414
304103
183735
289263
375062
302650
329949
349251
292419
221309
329151
320277
320941
343481
187437
288264
245246
372102
217148
270082
286443
370153
319816
317396
330133
370429
377112
385663
343548
373448
245461
341409
369620
306334
296100
221872
313785
321232
375231
406604
339737
193739
303386
330937
342100
336967
197273
328862
297816
331642
305512
303029
302385
317537
333003
353631
306771
190189
336497
407752
374226
368213
371666
366702
353177
313218
311947
328364
320255
315614
317256
249607
299452
182380
318661
355738
310525
281021
360308
191123
202544
211711
188841
198266
252038
382962
290953
205901
331493
359119
309677
377734
210669
186517
327744
322424
377974
405272
340646
315203
343661
333747
211798
369234
384513
373699
317385
296662
283100
371578
251344
212614
200488
279077
339276
181371
327825
326718
284866
343537
358238
329612
364094
325813
344069
307419
318007
309955
323889
438386
373739
175802
313075
313170
300837
290433
298762
342673
267920
289791
292141
379304
194336
190700
336879
320125
330528
194398
201025
202744
196291
185783
178698
