7834240
7839294
7740067
7540767
7792779
8470402
8056264
7624052
7661423
7893101
7546792
7970530
7874558
7909754
7861052
7775541
7583434
8658819
8628724
8346244
8632021
8275216
8364290
8341881
8526630
8434047
8270407
8250480
8879072
8136658
8721195
8360368
8293423
8904377
8236436
8688889
8620283
8137986
8402907
8522118
8570781
8578318
8315207
8582782
8299520
8279780
8707634
8416732
8211689
8579595
8252001
8188532
8390393
8549070
8366867
8194643
8206410
8326861
8254080
8522230
8444344
8435908
8583690
8802069
9104503
8452989
8229749
8512840
9087192
7700427
7711819
7430091
7846165
7634499
7417170
