7859977
7846567
7748404
7548785
7800921
8477694
8064516
7631431
7670655
7901661
7558550
7979237
7882240
7917993
7869400
7783994
7591386
8666207
8636714
8360117
8642921
8286180
8373018
8350453
8534686
8441990
8278544
8258647
8887415
8145639
8730356
8368485
8301183
8913661
8245183
8697006
8628468
8146264
8411424
8532975
8578980
8586234
8323010
8590476
8308344
8289385
8717352
8425008
8219788
8588130
8260595
8197226
8399237
8556869
8375359
8202169
8215137
8337099
8263911
8530484
8454328
8443952
8591818
8809743
9113139
8461479
8238268
8520760
9096299
7710653
7720177
7438678
7854970
7643803
7426394
