756594
730845
757728
780039
836374
857703
751118
734217
790258
793951
750393
771497
892364
760419
814439
761847
790573
773681
785591
748529
807750
762747
783631
758689
882026
741127
804206
773121
793459
762641
774203
772330
761503
760070
778176
767873
797012
793545
797568
749447
796160
822662
756046
736653
741161
731898
787211
727374
816346
743924
896039
745535
749145
751940
757908
727733
767261
729684
760970
743719
767307
794299
789991
786325
804458
799968
757495
798843
774568
764330
788584
742896
839136
765936
789636
771511
758581
765810
815395
787368
797260
742586
802399
750837
825991
788153
803407
759620
766160
757944
779946
752328
778317
752610
757684
782946
804191
785860
799581
790583
841817
770101
780577
736154
780154
776504
811524
751515
782601
770659
909957
769878
784788
735051
792100
802515
792580
750663
734791
792906
869289
745024
755185
740901
814229
743953
784844
744853
783906
746411
771811
751281
753665
732464
754629
745946
752299
789370
748330
753362
797850
733477
764518
733361
796868
758943
784804
720906
787738
742599
747515
734789
780255
756291
745628
758715
