778106
738578
766374
802040
845079
865254
758177
745701
798934
803347
760335
782068
899665
769922
836742
768335
796764
780241
792900
759020
814922
770829
791295
770871
888694
752177
812046
780551
800942
770620
781877
779864
1125662
766993
785711
775395
1286163
801036
807611
763105
807657
828657
764049
746515
749607
746117
794225
734485
823741
750985
902948
755386
757128
758900
764210
743162
774368
737677
767995
750549
774590
801427
797868
792668
814209
807784
765916
806291
781876
777440
796526
749114
846060
776542
796040
779346
765924
771836
821890
793848
804688
749737
809791
756541
835958
796042
809300
767836
773721
765231
787107
761425
785948
760361
765201
789627
809814
793504
806059
798519
849457
776733
788694
744739
787201
784922
819672
765108
789101
777744
920060
777361
792277
742130
798862
847248
802485
758064
742848
800561
877075
751298
765266
748002
822678
752611
793524
750871
790750
752627
779700
759517
759644
739962
760303
751984
757957
797656
755535
765616
804977
741715
769946
739734
806903
767444
796194
734156
793897
749090
754556
743883
787840
762906
753065
765726
