446696
449203
409780
438946
437570
415446
464834
413244
401521
420935
431248
418587
466131
433515
421451
421214
476015
415960
453272
414219
406077
414452
463854
398982
458528
438380
415871
420207
421036
415759
420032
443103
406606
417356
445773
419814
419187
419724
424027
413073
438374
419806
426192
420306
424955
434336
436046
441447
414821
405876
401616
443208
421711
404391
439063
435310
416453
414967
423174
415960
432424
416907
443817
421115
407629
421050
417941
416919
426965
428580
402299
430523
430646
402256
410698
414628
404744
419264
409153
428036
415203
416906
404734
407740
411863
458002
434747
403378
429823
443249
426333
444099
431907
406003
419039
414001
429047
408954
403327
416574
438979
448754
430014
409486
432325
418407
415249
426181
409817
395154
426610
426030
425902
433368
415644
414172
416614
410068
424153
413953
443743
406824
457827
409473
410414
419051
406118
422810
402022
412515
409136
411652
432306
412220
452653
421665
455265
411213
402383
425651
420996
412507
483567
427189
448138
425869
445690
439252
415293
412098
401059
420552
409142
413587
411951
413389
