453950
473817
418523
446618
445597
423221
472948
421910
409732
428549
439878
427601
472492
443722
425840
427492
484048
423092
465412
421588
412552
421530
470788
409233
464354
446201
426659
427871
429183
423886
427480
452654
413353
424967
452760
431980
426706
427427
431132
420926
444930
430232
434047
427581
431043
445244
443253
448551
420317
413852
407979
450923
428954
411471
448230
441975
425187
421315
429935
423526
440469
425354
451513
427812
414214
431726
425297
423790
431875
436339
412181
438268
438432
408460
420428
422069
410609
426733
416545
434763
424265
424234
411178
414712
418631
465671
441496
408357
437319
451444
433701
451886
438819
413537
426153
420932
434259
415343
408773
422054
449299
455083
437736
418654
438537
426250
421899
433267
414478
401617
435858
434174
432730
440331
423661
421315
423830
417572
430657
421696
457070
414280
464347
419002
416566
426743
412312
430292
408959
420631
417134
421151
439046
418670
459198
428187
461394
418212
408663
444198
428796
420251
490826
435031
455169
432997
454038
446199
422820
420868
408081
427667
415873
420960
418600
421329
