1099848
1015589
1086492
1059071
1054116
1105173
1105721
1048578
1046404
1114030
1035865
1009471
1274160
1076688
1234846
1182250
1243757
1115992
1272128
1131028
1163847
1210043
1137229
1138246
1141759
1150200
1151716
1236898
1179589
1084322
1206324
1064695
1164604
1237117
1086780
1211932
1284849
1227873
1180510
1139023
1234452
1187259
1210669
1121808
1218253
1111377
1121336
1135278
1193165
1174160
1219997
1203828
1261221
1094456
1257590
1112743
1127021
1133004
1175316
1126011
1173844
1140642
1152533
1184984
1207237
1158102
1130896
1132514
1337355
1143632
1103639
1196839
1179322
1077510
1254857
1236368
1141836
1066649
1169761
1119453
1191171
1153409
1132583
1166121
1154219
1108611
1231568
1226967
1098540
1133585
1196691
1201510
1105143
1136624
1103878
1151814
1193282
1155526
1183620
1214278
1179864
1140912
1157887
1132981
1160272
1154737
1121466
1086912
1078987
1163409
1185260
1182362
1213009
1056738
1209246
1096633
1132720
1142403
1181713
1113893
1245039
1177440
1165088
1162348
1223702
1104203
1124818
1174682
1086419
1146788
1069682
1099493
1314732
1081894
1197054
1242433
1086512
1079283
1158989
1147653
1113085
1100947
1184114
1077020
1253584
1168930
1111120
1134034
1183676
1113527
1150539
1047340
1141001
1113422
1114506
1064654
