1135695
1037185
1107889
1079753
1074916
1133505
1129428
1070514
1068102
1134827
1057786
1033573
1285303
1092440
1248786
1196907
1259776
1132842
1291748
1144405
1179732
1229327
1158566
1159043
1162744
1172713
1170977
1258892
1195458
1104674
1220732
1079014
1184719
1262371
1108356
1233227
1298141
1247928
1202313
1155277
1260890
1207500
1231001
1139845
1236929
1132950
1140332
1155556
1210277
1196998
1239422
1218836
1280500
1115171
1277900
1131580
1152345
1151884
1197020
1146014
1193286
1155544
1169135
1204336
1228343
1177919
1152268
1158779
1358194
1165742
1131697
1218708
1204234
1094822
1268687
1251787
1156883
1089837
1184963
1139793
1211002
1179146
1152811
1182754
1166421
1129104
1250235
1242885
1121123
1152378
1215806
1219342
1125323
1158604
1124895
1173462
1210172
1195984
1203102
1233943
1198753
1155440
1179063
1151635
1181279
1179454
1138799
1105168
1095697
1184808
1205359
1204379
1224694
1078247
1223203
1117287
1154431
1162469
1201610
1135992
1265446
1198110
1185076
1184801
1246780
1131423
1147084
1187649
1107654
1170039
1094093
1118166
1328941
1103368
1217764
1261911
1103923
1097308
1172444
1168861
1129455
1121077
1205546
1097095
1268968
1189931
1127970
1151857
1203603
1134879
1171554
1067886
1159859
1140660
1131911
1090194
