325489
348480
327208
361050
340592
335741
370030
273080
349990
276874
309081
290362
176365
280638
338300
288019
302755
307425
290621
177819
318306
325918
324771
311860
324282
300469
317159
313796
302438
305014
315159
184570
194055
350279
322007
303538
322121
279275
235007
196920
294622
245119
368062
184406
171168
314500
286280
168855
304711
333642
362726
325872
181248
189087
316788
285692
314714
217276
294897
294997
368917
309855
214816
214950
188960
376716
320357
289464
203615
357624
318322
183721
327224
307460
199461
317399
233865
292832
342846
323443
323281
343822
283433
322943
323919
335083
187896
310727
202239
377643
352702
175564
313919
362064
314567
292396
327585
302026
370799
192042
307994
349159
319826
339300
200417
289142
372582
322413
315590
311719
309343
297678
354524
276652
323920
346463
268540
279817
359090
287697
279422
304540
284964
295438
335251
189133
348511
173426
197512
314435
325286
334337
290004
349825
298507
377197
265020
186283
349369
324170
313462
334248
287026
314274
328017
342085
191860
318338
278754
281244
329047
368222
239451
176698
176636
169214
