332790
372517
335776
369130
352123
345081
378400
280854
358491
285241
317178
301851
184184
288928
346266
295913
310819
314412
298336
186068
326308
336687
333234
320010
331398
308513
325112
323312
310441
313779
323086
192176
201763
358207
329901
311724
329824
287504
242930
203873
302600
251783
375749
192612
178735
323741
295915
176838
313094
341377
371427
333567
189195
196157
324689
293654
321922
225445
302018
303293
376617
317514
224189
222834
197810
386029
326834
297554
211661
366203
326142
191368
335975
315068
207778
325501
241807
300588
350765
331655
332209
351349
291441
330911
333073
343277
196236
318002
209879
385603
360697
183402
321921
369703
322175
300463
334867
310067
379616
199848
315538
357302
328184
346764
208837
297048
380272
330180
323259
319079
317194
305359
362747
284582
331789
354214
275880
287188
366957
295226
288053
313374
292937
303448
342835
197307
355975
181321
205583
322009
332764
342179
297136
357627
306083
385382
272869
195322
357081
331701
323695
342250
295152
322207
336377
366296
199612
326126
286638
288990
336898
375496
247240
184071
185082
177592
