318611
336379
266081
225677
229257
282779
246568
261363
229221
222973
243022
239981
264064
334714
381205
566971
225317
264666
323895
269372
271923
328162
305962
316758
455944
296587
447581
338407
363333
342230
317952
365904
422214
258672
435514
299372
693370
536063
450197
228034
296472
347360
357346
474932
258216
350921
470051
296693
396688
328854
441656
366718
382235
358517
504840
373090
318904
353007
370139
259332
522069
388689
303367
369128
250745
386654
248062
326664
393289
277212
257627
541394
399207
353460
504797
304173
257293
347022
332500
364838
310539
317764
412232
330110
335303
343939
416870
212420
504635
313999
298654
345032
283882
310156
289606
260262
341789
323531
453909
245816
359575
351528
286321
264524
290059
305867
251433
257493
656102
290330
414877
334180
275562
363123
328793
267962
283029
316114
253778
257072
421660
238541
310133
299970
402394
247382
317758
255919
270872
309956
242499
288430
387396
295597
335592
280929
260433
266429
267512
261755
276474
251228
253730
268918
257867
241900
332008
335814
321591
252831
350667
255650
250042
314409
305509
274162
