324187
343979
273154
243587
236195
289546
253119
268584
236974
230987
250288
251231
270504
341449
389279
571877
231669
271035
330310
281912
277660
334268
311832
323112
470013
302810
463939
345480
369543
351568
325199
374458
428818
265253
443106
305811
698023
542628
458555
236252
303406
354831
363211
480619
266726
357917
476366
303952
402731
336557
451490
376312
389678
365847
512153
380001
326356
360040
377306
267825
528535
394271
309627
375736
257264
391520
254706
333592
399720
283368
266874
548559
408830
359912
511138
310592
264412
353296
338907
371430
317470
324110
418037
336673
341032
350414
424255
219689
512442
320501
306200
351130
290702
316218
297071
266813
350865
330186
458885
253357
366123
357959
291643
272007
296615
312963
258279
264684
659782
297411
421060
341092
286573
369589
334981
273563
289333
322222
260401
262106
427325
245366
316513
305945
409487
253100
325275
262096
277170
317660
249657
292502
393602
301612
341233
288215
266962
272746
274174
269021
282845
257414
259405
275512
264540
249261
338776
341992
328527
258573
356709
261862
256265
321119
312893
282779
