1702599
1791609
1638439
1712589
1941780
1727726
1779347
1751848
1691359
1705628
1723159
1689527
1797974
1845447
1776504
1618414
1653210
1639102
1659598
1650590
1590263
1603182
1613057
1606742
1617251
1664434
1703096
1672368
1596075
1641239
1636596
1590950
1631621
1702929
1642413
1650989
1974740
1785458
1802545
1813107
1633106
1719218
1712336
1629924
1707698
1624791
1598209
1642498
1909097
1716584
1670301
1558407
1626254
1678592
1589216
1635848
1695068
1646964
1613869
1678718
1672718
1680014
1674339
1651402
1535223
1548441
1599397
1629424
1580771
1648998
1609254
1643452
1622796
1645885
1631002
1647525
1643631
1706532
1573604
1677419
1746998
1628355
1565629
1544399
1575373
1713293
1735849
1658226
1668695
1625107
1657742
1608416
1614580
1620979
1625846
1639546
1739678
1721690
1647247
1653146
1597739
1589797
1623566
1588628
1701394
1581365
1648305
1642123
1743817
1705612
1919913
1621471
1760988
1590600
1560456
1667420
1653660
1590340
1595106
1702082
1627220
1743371
1669645
1620230
1536162
1703341
1602053
1755955
1677467
1615140
1686382
1589360
1698744
1650913
1570423
1657711
1677835
1653071
1680829
1709303
1736009
1700346
1683297
1645839
1710596
1562322
1789809
1732653
1619195
1645660
1583658
1633879
1700865
1643970
1637473
1641643
