1713464
1803708
1651859
1723056
1981833
1738168
1789543
1763252
1701306
1715153
1734673
1700555
1807030
1859563
1797074
1627102
1663519
1649312
1670507
1659124
1600685
1611715
1622732
1615327
1628792
1672827
1712784
1681854
1602574
1653616
1643181
1601268
1641313
1717697
1650499
1657847
1992063
1795775
1811440
1819990
1641604
1740631
1723242
1636472
1803007
1637331
1605726
1650701
1916512
1728783
1680884
1564588
1637473
1687055
1602830
1644594
1704924
1655587
1627814
1691363
1683856
1688358
1683996
1665123
1545695
1564287
1612512
1638560
1591147
1661530
1617577
1655479
1631591
1663224
1638845
1663362
1653882
1722046
1583919
1690085
1757381
1643480
1573475
1557604
1586954
1724281
1742712
1665662
1680818
1635698
1664692
1620416
1629044
1629411
1636496
1650070
1746210
1731789
1654585
1667841
1605273
1600377
1629870
1600732
1708970
1589073
1663546
1649725
1751732
1714001
1927896
1633555
1768166
1602705
1572835
1674683
1662500
1603562
1607791
1716757
1635853
1761088
1680107
1630005
1548885
1713944
1615275
1767375
1685391
1630159
1693774
1600971
1708376
1660520
1583198
1666127
1684843
1665561
1694537
1718310
1750194
1716847
1694446
1659744
1733165
1576546
1799651
1744700
1625962
1663300
1591514
1640352
1710063
1652807
1650705
1647548
