79743
85682
63469
77771
80394
46080
76340
81218
62808
71412
92231
63838
79763
56392
86943
46145
96096
88670
56686
68600
80986
54526
78561
74874
72292
66974
74064
73867
60755
65050
78531
96298
72077
72692
41762
66249
73755
61760
40853
92409
77351
84108
48417
54688
69548
73257
47679
84185
67847
77138
76200
48149
59806
67006
80492
73026
71390
46621
49620
45852
51306
69656
59440
44173
78649
46589
85361
82325
81375
81290
84340
48745
88828
78072
64336
68340
43987
77761
63743
47056
44769
78469
75913
69451
75122
43441
87783
80444
78175
75223
86330
76349
65594
75653
97616
70585
88340
60114
68236
39056
42534
49782
69040
74617
74086
95731
49962
78179
51131
65456
99857
48899
77430
67663
84225
71014
75292
75962
72142
67582
57070
58496
47451
83368
59745
74213
50704
78085
49676
75140
81073
85003
97313
86388
86148
72995
45931
81646
76690
78877
85882
45602
85274
69983
97664
39132
123185
83156
78796
50143
66099
71381
54611
79300
72148
73616
