103994
93707
71594
86081
87188
54672
83431
89922
70971
79126
101383
71902
90326
66634
97244
53911
103519
98778
64831
80476
90248
63055
89323
83657
80436
75313
85341
81164
70058
74158
86074
105834
82872
80112
50289
74265
81777
70622
49157
100241
85911
92429
56133
62533
77737
81148
56447
92552
80447
85180
83800
57157
68384
75212
88626
82137
81741
55102
57260
54004
59555
77998
67031
53533
86900
54884
92577
90596
89266
89397
95354
58336
96889
86188
71975
76230
51975
85627
72298
55414
52637
94884
90148
77893
83316
52066
95563
90858
86567
85595
96659
84374
73224
83571
105544
78648
96990
68340
79223
44637
51093
58195
76797
82395
81812
103494
57495
86698
58691
73337
107805
57033
85210
75884
91841
78545
83129
84116
79936
75306
63577
66262
55372
91266
66930
83786
59131
86505
57990
83386
88875
92160
103616
96198
94192
81170
53500
89791
85124
87983
94002
53748
93274
80073
105237
47794
132724
90795
87372
58038
76068
79662
62150
86720
80564
81287
