3440979
3399292
3360492
3338342
3363361
3344732
3437610
3371988
3365188
3391543
3370535
3506218
3368039
3383458
3329383
3323058
3372564
3321653
3254650
3327761
3299993
3324670
3320495
3455860
3300433
3394548
3285492
3324069
3298679
3388351
3284188
3325094
3297059
3385991
3286252
3278860
3300077
3324158
3270423
3311896
3324203
3354628
3323035
3322676
3325330
3256391
3332069
3300016
3309432
3352827
3294353
3316032
3310212
3317072
3349409
3343050
3271446
3308050
3343075
3378190
3321890
3352547
3287025
3316346
3379529
3333240
3422134
3319191
3378039
3284853
3309533
3374237
3320363
3316549
3328999
3315718
3320428
3327530
3417557
3311205
3367286
3335410
3293598
3375656
3303772
3357150
3320563
3400924
3383304
3331698
3365642
3343081
3337689
3335102
3345305
3350446
3285172
3364549
3346072
3349625
3318384
3314029
3269022
3392661
3367983
3327212
3354162
3335325
3276540
3310069
3286812
3315709
3302984
3317774
3329285
3342704
3340120
3290369
3321470
3305273
3304903
3321931
3411088
3398893
3342636
3411448
3380741
3302636
3330179
3289383
3280266
3362627
3370234
3345337
3341980
3349210
3348820
3308582
3289403
3271051
3319444
3308488
3279694
3407218
3311320
3336589
3288802
3310786
3323578
3305997
3353908
3439366
3368207
3324799
3300944
3284364
