3448123
3425710
3368922
3346929
3371808
3353317
3446489
3379602
3373474
3400306
3379816
3517959
3376182
3391086
3337104
3331282
3380455
3329731
3264255
3335802
3307408
3333158
3328432
3463878
3309231
3402957
3296266
3332640
3306874
3396419
3294551
3333479
3305101
3393550
3294292
3287374
3308182
3332191
3278571
3320128
3332196
3362991
3330852
3330465
3333332
3266659
3340471
3308489
3317547
3361042
3303625
3324416
3317927
3325267
3356969
3350885
3278751
3316312
3351438
3386102
3329664
3360700
3294512
3324476
3387840
3340581
3429782
3328464
3386128
3292678
3317611
3383243
3328808
3324688
3336644
3323597
3328163
3335078
3425997
3319073
3375444
3343346
3302413
3383972
3311960
3369146
3330287
3409854
3391376
3339656
3373849
3353515
3345501
3343401
3353034
3358077
3293016
3372956
3354098
3357729
3326571
3321687
3276972
3400480
3375782
3334870
3361994
3343334
3284554
3318361
3295062
3324431
3311465
3325755
3337226
3350411
3348190
3298437
3328939
3314736
3314167
3329898
3419497
3406757
3350615
3419409
3389460
3310748
3338446
3296867
3288624
3371352
3378264
3354340
3349988
3357317
3356768
3316231
3296992
3278737
3327378
3316333
3287319
3415126
3318916
3344552
3296443
3318230
3331209
3313418
3361470
3448821
3376308
3332615
3308335
3292314
