1113086
1244337
1291804
1251034
1223874
1422677
1133823
1254941
1246522
1220977
1160823
1538708
1236531
1359948
1384176
1249752
1263682
1278197
1160636
1203714
1280263
1317410
1092792
1255568
1186688
1291993
1249461
1280476
1163423
1339634
1318864
1221033
1252572
1287478
1165767
1352374
1459895
1323398
1301040
1415906
1296873
1334523
1320775
1306174
1298620
1447437
1247291
1352370
1381032
1384138
1264548
1425131
1298811
1319326
1303790
1419185
1283058
1338235
1273000
1353916
1270933
1464594
1243204
1383869
1367591
1596538
1421121
1427819
1297253
1365548
1338123
1391662
1200100
1448119
1483811
1393873
1334954
1388890
1158704
1375502
1355703
1291091
1354268
1424267
1258262
1366046
1324139
1359972
1366331
1395533
1449447
1489690
1271904
1266453
1345622
1369012
1262825
1364742
1285972
1322212
1325341
1414754
1234648
1402843
1351498
1256988
1306571
1465584
1218811
1348881
1362194
1303961
1253193
1397490
1214218
1283315
1414682
1377443
1207024
1441032
1270174
1391326
1333462
1449835
1246500
1353377
1354175
1405517
1208381
1487555
1210326
1409283
1476860
1457405
1403742
1436731
1284245
1327351
1447770
1477885
1216145
1358115
1342576
1326595
1223091
1332412
1222418
1249539
1217336
1237879
1184950
1429380
1129038
1259355
1262881
1250745
