1138261
1252989
1300591
1258938
1232286
1431054
1142028
1263205
1255262
1229732
1169270
1550525
1245481
1368063
1392188
1257664
1272386
1286982
1169444
1212435
1289217
1326213
1101030
1263780
1195408
1300382
1257728
1288827
1177320
1348594
1327179
1230509
1259813
1296247
1174377
1360563
1467806
1331593
1309120
1424156
1305406
1342266
1329020
1314649
1307180
1455488
1256682
1361164
1389313
1393576
1272923
1434748
1307330
1327624
1312179
1427298
1291515
1346601
1281296
1362277
1278609
1472291
1252348
1392422
1375738
1604725
1428776
1436414
1305220
1373829
1347274
1399689
1208230
1456618
1491971
1401459
1343040
1396813
1166885
1384124
1363343
1299416
1362510
1432342
1266219
1374610
1332425
1368076
1375483
1403855
1457282
1497633
1279891
1274531
1353562
1376638
1270627
1372898
1293618
1330051
1333384
1423341
1242689
1409456
1358755
1264372
1314177
1474347
1226906
1356766
1370198
1311737
1261308
1405253
1222971
1293481
1423005
1385868
1214816
1448776
1278276
1399834
1342168
1457418
1255022
1361525
1363261
1412969
1219354
1495639
1218885
1416918
1483891
1465120
1412248
1445179
1292165
1335936
1455171
1485387
1223320
1365803
1350943
1336299
1232735
1341634
1231403
1257456
1225523
1246007
1193164
1439105
1137273
1267694
1271307
1258730
