851675
849570
832040
823815
777420
786080
916094
749158
838849
841776
819510
897137
3607023
4032742
1667032
2198345
1594810
1760655
1100854
1567984
1310348
1383871
1666682
1366153
4096083
1607939
2016642
2151881
2893946
1972720
1623079
2601628
1735076
1543500
1442497
1799107
3354388
1719982
2167536
1256309
1991254
1864162
1629191
1428735
1653735
2114004
1701909
1351181
2923302
1481770
1981214
1780379
1322062
1300736
1727891
1333769
1756309
1388312
1199023
1575068
1656165
1378658
1083967
1302524
1420190
1489235
1941541
1122352
1380785
1300595
1139833
1526230
1239371
1240650
1761581
1594836
1205341
1396877
1776578
1447591
1168346
1203095
1605159
1217395
2105558
1320614
1630484
2015798
1223482
1612766
1600862
1727406
1138612
1316738
1102090
1706500
2322785
1319500
1834641
1361587
1521922
1838283
1431765
1439628
1497960
1524059
1467549
1691162
2188241
1638476
2151873
1795337
1608828
1608274
1712107
1596620
1145268
1612796
1492958
1506173
1783087
1506120
1700919
1399441
1197158
1251069
1194078
1095416
1471165
1086043
1124566
1227715
1374943
1238616
1256891
1297834
1509139
1723587
1218910
1165655
1302522
1163683
1153250
1547288
2654484
1899437
3027053
1912480
1987615
3226155
1709575
1573051
1377671
1238637
1269081
1490731
