867089
857958
839844
832633
785846
793944
922721
756413
846898
849741
826341
904930
3617050
4040430
1679950
2207281
1599967
1766470
1108042
1574954
1316150
1391581
1674292
1375506
4102536
1613867
2023358
2158816
2900570
1980696
1628008
2619959
1740876
1553990
1447885
1805556
3361957
1732654
2176134
1264327
1998234
1870143
1634447
1437472
1664548
2121755
1709486
1359636
2934010
1490909
1990933
1791177
1326599
1307124
1734141
1339117
1766873
1394635
1204574
1580817
1669180
1384638
1093032
1310107
1429352
1494356
1953216
1130827
1387517
1305581
1149590
1537472
1245867
1248028
1772618
1600692
1212720
1405075
1788736
1458666
1183511
1211447
1611399
1224229
2110631
1330329
1648493
2026871
1232073
1617763
1610315
1736980
1144497
1321299
1111616
1718874
2332046
1326677
1841032
1367691
1528990
1849094
1439043
1445716
1505216
1528897
1476318
1700541
2193771
1642765
2164948
1804175
1614340
1616687
1717355
1607906
1151491
1619908
1501090
1515741
1796853
1511697
1708544
1409074
1205041
1257814
1200743
1103148
1481430
1092591
1148430
1237315
1381217
1249160
1265658
1304739
1526587
1728813
1224220
1172658
1309453
1173532
1165008
1555211
2666336
1904902
3035568
1917235
1993161
3233227
1718466
1579339
1384694
1244255
1276957
1496794
