800911
800281
882371
939818
804865
915554
849432
864234
851319
776564
805414
790795
1035221
898971
899746
848519
888524
957746
885912
865473
852316
848160
867607
877856
979585
1078082
1027736
848794
876634
776159
905337
900617
880577
862131
851140
864535
1014316
952096
896533
914054
852427
885284
920250
904005
874252
886720
855417
816700
1046839
855615
925209
980803
904026
822179
869414
865469
867152
907320
835862
855700
957748
876134
916643
966230
870253
919133
1014702
807359
845809
885471
875978
841977
880126
853266
911609
879956
907722
879426
906859
837970
929728
911459
830920
844536
981187
937614
855139
948460
859623
904621
855464
849570
842281
851353
826200
890370
1049404
854088
826838
863915
845367
934624
873237
847488
818094
821983
864591
819881
989344
958602
905092
830636
870538
874758
909263
838986
854248
861912
819846
897960
1000550
912157
1037253
887418
954095
896433
923918
861875
876239
951556
858860
787883
890697
874902
830872
887846
807274
872571
912333
881273
869191
821963
866310
848606
950911
831131
864285
907679
827191
831400
895791
867387
871117
938046
850677
892824
