808776
827785
892232
949264
817591
924742
858666
872702
860920
787378
814891
800668
1042656
906281
906983
869867
896718
967922
894470
875473
860024
854800
874298
886457
985665
1084953
1046758
855709
887048
781547
916199
911995
885695
869161
861459
870906
1020828
967861
905541
923854
862154
894282
934334
913392
887477
892712
872996
829573
1057252
860409
933026
991929
914263
830890
877044
881830
873374
915060
844434
866230
967239
899185
927269
974728
880504
933167
1023762
814916
854194
894257
884741
855575
892643
864051
929542
889239
915815
889519
919091
852946
939298
922584
840084
859017
987522
956844
860430
959164
866075
910386
861740
857136
849610
858116
832689
897678
1057309
858936
838954
882076
850654
942082
879045
855448
825522
830230
877857
826256
1002154
965613
911856
838322
877018
882185
916130
850574
861495
892336
828457
905748
1011066
923042
1046609
894727
963384
905454
937411
872866
883919
961044
866465
795662
896803
885155
845440
895449
815345
879322
919948
890239
877866
833452
873266
861697
962637
837522
879173
922396
833442
841222
901504
873859
880159
950045
857762
899535
