1051191
1012145
1026802
983942
1013682
1138887
1044113
989396
1108685
1022503
1076820
1090769
1149301
992462
1107338
1039276
1045978
1043021
1060748
1055215
1092587
1001937
1073496
1038169
1123054
1050756
1020049
1063632
1060699
982177
1189883
1007414
1164395
1003394
1115337
993096
1095001
992435
1085461
1029784
1080369
1031062
1089510
994875
1093991
1033635
1038466
982532
1075476
1096227
992295
1017586
1057863
998851
1066402
1018514
1040242
1031125
1054050
998858
1102197
1055056
1006138
997971
1050798
1040827
1158453
1065315
1006765
992952
1036246
997918
1050836
1065697
1042538
1091762
1047214
998483
1015839
1034166
1104975
997320
1104826
1005604
1055635
1044137
1085118
989298
1061602
983685
1173533
1040857
1096946
1019670
1096289
979968
1016472
1037683
1047257
986566
1080909
1038453
1081998
1027165
1003005
997802
1034026
1035184
1024425
1007236
1027910
1014234
1056992
1023109
1039210
1042255
1011132
1007615
1073448
1036599
1009335
987265
1093906
1000008
1005345
1039884
1071409
1045420
1131134
986817
1056508
1023605
1096742
994205
1095276
1017155
1001006
996657
1120581
1066650
1053200
1028828
1001765
987066
1084549
1010908
1019263
1026435
963327
985315
1030651
1027628
1025034
1011719
1008562
986469
