1075155
1054247
1049131
1005334
1036375
1159999
1065433
1010113
1131070
1042876
1099425
1111625
1173724
1013247
1129107
1060703
1068071
1058393
1081788
1076194
1114479
1022907
1094584
1056761
1145582
1071262
1041183
1084546
1082281
1005068
1212868
1028050
1186422
1026083
1137142
1014175
1115880
1013493
1106805
1051955
1100782
1052024
1110371
1015822
1114786
1054509
1059152
1004594
1096416
1117501
1014176
1038608
1077246
1021071
1087468
1046868
1060871
1053506
1074083
1020861
1121885
1074905
1028404
1016926
1071466
1063121
1178492
1085468
1021381
1013621
1056527
1016999
1072112
1087942
1063988
1112037
1061339
1023293
1037006
1054635
1125600
1038485
1127648
1027428
1082216
1065833
1105295
1013853
1083584
1006994
1194482
1064583
1110264
1041117
1116618
996828
1037159
1058552
1071380
1007528
1103863
1060932
1103199
1047976
1022116
1018832
1055393
1055994
1045175
1029881
1048869
1031326
1078533
1044896
1060849
1063238
1031937
1028744
1094003
1059295
1030090
1003469
1116069
1021963
1022617
1063620
1095134
1067131
1151361
1009368
1075495
1044296
1119701
1015048
1115844
1039118
1022905
1017479
1141828
1086923
1077636
1052689
1023343
1006760
1106538
1027358
1039887
1058342
988811
1002342
1053166
1048926
1043557
1034652
1030176
1001314
