1123103
1085024
1073107
1035688
1098376
1043850
1175980
1168841
1014335
1068968
1073633
1039518
1338784
1316747
1916224
1226152
1216596
1321898
1227676
1251277
1232665
1155905
1231007
1172041
1180382
1170123
1277147
1288794
1192711
1246925
1197516
1123455
1217163
1187170
1136479
1224264
1331633
1278559
1290566
1312248
1216144
1134729
1236994
1158304
1289136
1189887
1216493
1096334
1360637
1196653
1159507
1191643
1242202
1182770
1270238
1194741
1267766
1225841
1122230
1200374
1242829
1127694
1194389
1230268
1192359
1198538
1163497
1242438
1209443
1147785
1201082
1170511
1261653
1252655
1174343
1190208
1182143
1274459
1209332
1208501
1167688
1214609
1316015
1197258
1178050
1199696
1277349
1215445
1143036
1895431
1178030
1241635
1161650
1219809
1123816
1140332
1400233
1164366
1293756
1282566
1175132
1220106
1220823
1208657
1232880
1260225
1102018
1143736
1163974
1301129
1197138
1190645
1180663
1197275
1209743
1263375
1221113
1195835
1255218
1281873
1182038
1234706
1199843
1275236
1177935
1223854
1214139
1290208
1245593
1150954
1206263
1168664
1206914
1198955
1218073
1288760
1184230
1230899
1148814
1290212
1219254
1249897
1278046
1187654
1204935
1224563
1122615
1241466
1178563
1109561
1197155
1157472
1237406
1214634
1103704
1188464
