1156823
1131294
1094229
1057394
1117831
1064779
1196866
1190588
1035604
1090593
1095086
1064219
1352586
1328978
1935478
1245853
1254286
1348301
1250271
1264354
1251879
1181411
1245409
1193565
1206492
1192414
1294282
1307461
1212523
1260534
1226421
1138081
1242023
1204090
1148535
1238195
1342706
1301558
1309137
1329061
1231095
1147940
1251553
1666361
1312332
1203341
1239790
1108803
1393786
1215046
1174379
1204581
1267407
1201534
1300047
1210618
1283340
1250409
1140427
1232308
1259967
1146857
1216182
1243794
1218752
1220912
1177725
1254948
1233650
1160718
1225008
1190727
1289971
1268881
1193468
1211242
1196617
1294100
1234023
1226200
1180001
1236169
1334196
1218291
1197808
1221495
1299745
1228737
1153547
1911307
1195874
1257887
1177527
1231070
1135460
1154008
1410996
1183844
1308832
1295122
1185142
1234954
1236487
1219596
1244834
1270254
1116424
1155701
1175186
1314813
1217393
1208819
1191778
1210934
1220535
1283117
1245572
1220676
1269443
1295714
1201741
1261163
1214765
1297214
1194423
1246178
1233581
1320106
1353901
1168202
1224994
1194092
1221556
1217383
1230530
1308498
1198471
1258980
1163671
1303937
1239920
1272970
1299373
1203678
1223113
1240010
1139865
1258672
1191297
1129894
1220862
1175557
1253620
1227752
1120446
1201081
