832922
778524
712196
749609
702581
811413
794012
1074477
803709
718998
740159
790819
2376114
853744
1208704
1071161
1337260
1290179
973310
994532
957562
864655
959676
922199
1042104
895177
1301656
1052963
1007752
1054257
991505
953284
930468
893041
1026989
1138200
1143341
937608
1045517
1054996
1044339
962399
980705
985386
796942
947398
826043
1015314
1670198
1127099
1183004
1066249
1123737
1016916
1036879
1182382
1187609
1087485
1076128
925441
1359548
800011
969802
1167691
899170
1098235
1108455
920744
1065805
818818
821725
1042347
934412
855906
1152755
915422
824642
876870
880085
817631
884547
925732
1148945
977890
1214670
1212840
1098402
1079101
1221265
958819
1010621
911778
954137
802346
926960
1031106
1101748
1062469
776400
965054
875844
948315
1018590
852706
744793
719402
832788
1186381
1147742
853410
962038
1363610
1322027
1057009
1158297
882152
1050930
906325
870454
894491
1337624
839163
1347262
726490
799831
852677
791759
981967
794281
914679
850040
1073675
873822
1152642
1207882
897790
869064
934360
850112
950589
758876
867279
921701
887126
1101184
1021764
814247
1217030
995189
888900
839625
830958
826524
867767
765386
854904
