837274
785145
719483
767304
709834
818063
801334
1080889
811420
726427
747717
797148
2388806
859240
1214792
1081358
1355383
1302044
980873
1001289
965276
871256
967209
928891
1049402
902485
1307810
1058557
1012901
1060397
999147
959945
937458
900349
1032871
1144702
1148770
951264
1052265
1059713
1051328
976507
986987
992379
802582
961338
832621
1021647
1680109
1134338
1192323
1075584
1131187
1024266
1043704
1189416
1195555
1095753
1083396
933041
1366131
806502
977223
1176833
907484
1105606
1114156
927296
1072100
825966
829389
1049715
941405
862973
1159739
921245
834058
883394
887037
829282
891021
935321
1155290
984410
1225467
1218686
1104502
1085296
1228032
965864
1018259
918786
960320
809200
932910
1038658
1107041
1067465
784419
974708
887575
955421
1025291
859739
751363
729084
839394
1191341
1153182
859283
969922
1372865
1328168
1062800
1167058
889001
1061549
912395
875859
900468
1347824
848129
1353845
731436
807684
858820
799890
994735
802444
921244
856583
1080785
881117
1158831
1218839
903821
874344
939764
857567
957583
765472
873177
927909
892602
1109286
1028226
821605
1225791
1003767
896125
846960
837970
833067
875628
772099
859817
