1107978
1152310
1347042
1087338
1047343
1146028
1197554
1171376
1122201
1085621
1115570
1147198
1472303
1202385
1296540
1227624
1237597
1265161
1333886
1213843
1238394
1207397
1229206
1129708
1313067
1291944
1188695
1220581
1190649
1183738
1239539
1268569
1194736
1221210
1245367
1216987
1274227
1269545
1231728
1233225
1288190
1179649
1211255
1316098
1171905
1157284
1213389
1241149
1359292
1177050
1194130
1237695
1207653
1144805
1272896
1210117
1196572
1225643
1199003
1666778
1416142
1252226
1171560
1272989
1217959
1213175
1291464
1211016
1211512
1155611
1257034
1177772
1207895
1275404
1170017
1164104
1218461
1219362
1182112
1131528
1357836
1171594
1167669
1196274
1280794
1205445
1210381
1187073
1253549
1219567
1231403
1195151
1146701
1225002
1204535
1237092
1190025
1182390
1133966
1194507
1183384
1148523
1198512
1230129
1172782
1127932
1177071
1171483
1258491
1191730
1247875
1171696
1189787
1226936
1257641
1133296
1229035
1183068
1247070
1207616
1422215
1302575
1216615
1191045
1161797
1267586
1214894
1256891
1135802
1206222
1124321
1211423
1198732
1110665
1175297
1242280
1210381
1202947
1167973
1203024
1207499
1154157
1193892
1198147
1335526
1186242
1292037
1192526
1165754
1140476
1171068
1139649
1217045
1193312
1098453
1147420
