1146903
1175151
1373092
1108037
1070697
1173964
1216522
1193489
1143677
1109185
1137980
1169947
1490900
1224730
1305950
1243420
1256723
1288609
1366455
1231932
1258443
1228041
1244781
1166123
1327217
1305962
1218062
1245595
1205483
1196158
1256138
1284260
1212058
1236755
1262221
1227175
1308203
1287577
1251774
1247331
1303573
1193790
1408238
1326459
1198826
1169241
1227641
1263314
1372186
1196156
1207604
1252361
1221941
1162697
1292367
1227013
1209783
1247583
1220983
1688284
1447141
1271110
1202795
1292772
1239599
1230386
1319416
1228439
1232011
1182580
1274635
1200393
1220844
1298449
1181291
1187768
1238234
1237618
1195557
1154958
1375927
1189444
1190619
1212921
1298910
1229455
1224089
1199582
1279197
1242734
1242825
1212454
1550128
1239629
1225061
1251648
1204317
1204906
1147746
1213123
1193775
1164806
1208209
1241806
1183443
1140741
1483205
1194186
1272001
1214183
1268072
1188164
1210062
1241402
1283896
1147764
1245287
1202171
1271638
1246409
1439404
1315033
1232833
1210860
1179732
1289027
1232369
1276386
1160455
1226067
1140252
1238154
1212316
1127550
1193614
1263022
1221905
1215726
1185563
1222138
1233418
1178153
1217073
1221041
1354215
1206582
1318757
1206734
1180688
1167075
1188533
1164672
1233866
1206857
1110283
1158580
