31702
28992
30814
31503
31770
25441
21621
31789
31764
22722
27584
31279
32391
28637
12967
17991
27024
28312
20349
12652
18795
19737
39020
14959
27432
24902
12145
21404
16165
26805
37795
27603
14623
16255
22472
25401
34925
12405
15659
18969
26349
23437
24893
15919
16773
21023
16386
21575
24640
20052
17446
17556
16198
19162
25740
24553
41266
24657
16010
15910
20302
30540
23337
26399
12226
19118
22087
18994
29813
33149
23510
30254
11815
21868
28904
28449
25213
46857
21656
28263
13869
23565
36214
21518
20794
31178
33544
16849
12170
20495
15383
21490
24463
15696
11136
35920
19672
24436
30559
29313
30689
20479
32090
19814
21781
28079
28013
22338
14505
19947
25599
15029
28951
16748
19943
25361
14411
24561
24814
20677
31570
22253
38509
12563
28250
29767
19258
24606
30863
13593
31399
11733
30927
22909
26563
30640
16563
30430
36847
31920
25138
29128
33823
29277
32430
25556
26655
12109
20404
21077
29834
14827
29411
21445
31503
16158
