38879
52269
40869
40227
40572
33093
29506
39630
42519
30928
37918
38973
40781
35528
17294
23632
42750
35330
26891
26225
30692
28397
46171
22121
42806
32389
17383
27971
25216
37026
43225
40625
19145
29358
34481
36764
42876
18413
21589
24652
33544
27847
33454
23293
23658
28854
21998
27590
38401
26991
27820
26054
28818
24855
30331
29652
53291
32174
23201
26396
29988
37949
32849
33442
18695
24944
28534
29411
38519
41487
31699
41737
19185
27993
37503
34576
31673
53171
28776
38084
21400
30714
45264
27815
27276
40383
46292
22847
16893
29484
20532
34175
30221
19805
17634
44211
28367
33052
36200
34064
36502
30758
37942
25713
26111
33127
36813
29100
20351
33425
37619
28841
39944
22403
24427
32419
20876
31906
31291
26666
39840
35935
46136
19851
36753
36242
27097
31020
38442
31021
40279
22929
38694
29491
33964
42840
22534
40095
44729
38556
30923
35741
39825
42260
38621
33138
33041
16555
26100
37208
40712
20336
40153
26647
43502
20884
