478575
435974
441329
433115
446471
403652
435817
459568
386295
394190
399471
434834
439569
420892
479583
419551
426924
390658
409344
390795
385036
374914
423280
348558
414628
428676
396153
369702
365604
391759
453366
386274
398453
374527
385732
386868
415412
369386
440426
375071
378051
410352
422113
407513
373733
452774
386457
365550
375451
405420
379623
438018
409160
373918
388735
384163
394526
425000
407538
406089
347639
388492
401304
363465
379071
376125
426873
388748
378461
384955
385444
396426
423210
373297
402477
404223
422895
420718
373658
417838
403432
406351
368106
394443
419466
393264
394334
386303
383367
401089
434359
402534
393184
438203
392627
385858
375403
402480
384872
386436
379832
389358
417100
458892
395017
353933
400620
377021
388814
380212
415742
388039
462423
387642
349051
406732
414966
404712
386482
380191
429461
383732
414244
359933
384222
390250
373259
408880
385369
378501
420290
397456
440507
388310
439378
365640
386254
397693
408633
400228
376688
443044
400460
376266
424853
408358
364969
385905
401017
387829
416263
383628
423797
365773
372701
399540
