620227
554898
552610
558186
559249
515799
545037
578154
505623
504361
532844
541222
539595
543115
582349
501204
531877
501716
511426
500441
501762
470150
565193
460517
541267
551769
494170
496987
471106
496932
576278
501446
508686
464404
496608
529281
524694
485821
536273
510600
487358
527158
520416
529563
499638
564683
499112
466164
469543
506743
475794
561896
529621
490699
481855
503771
516643
507769
515211
501655
457049
497884
521082
475664
493808
505653
527570
496003
483556
494258
527156
494745
534500
486955
522415
520900
535796
531354
482537
538050
522291
539574
485603
494100
536619
518720
512512
524450
489426
519989
537043
511199
496768
553403
505369
513862
491625
522023
487439
489530
482239
490648
537465
577539
512245
484246
508928
492862
473290
504550
519817
496401
583416
505163
441990
500507
523160
513065
475291
517077
527603
496148
520193
469963
488295
505928
471005
516858
476632
494118
529964
512221
549527
501049
529860
481788
484269
502205
529077
511059
490656
573691
529827
494929
526283
522288
454004
509467
494461
506785
544240
484196
529383
481486
470996
517108
