126071
115118
117725
113895
132229
115206
107019
135730
116231
116473
112886
119967
105803
121481
129840
100829
264513
114674
105310
120071
114952
122163
138744
132894
140479
118591
141109
100503
109346
104131
103991
149791
119826
125673
112673
114879
115485
116835
129270
127428
148234
109029
112081
141698
115598
103137
116574
125499
138505
128671
103326
109678
126460
128107
124420
110560
152279
119537
133186
115381
124504
127832
142668
119359
124291
119291
126242
126794
110948
101488
107463
117732
101176
113537
108411
113206
131477
121298
112322
140203
114781
117450
114347
135808
100910
107618
122070
109328
103009
129056
110623
157597
114700
180490
114404
118756
105243
102425
109329
120380
130405
150402
126817
146309
136316
113286
110906
129452
102507
113975
112604
109934
106388
123392
122634
132988
142718
110621
112010
130308
116881
116193
120866
101921
106085
113072
120705
113910
111801
100964
120423
117228
101038
124333
108087
111860
114860
115478
105949
140634
103083
115617
117944
117559
113178
129617
126383
101347
147218
119940
115820
122697
103933
130848
115123
116003
