132914
138139
125427
120998
140796
122885
117843
144120
124366
127550
121703
133354
112399
129403
137476
108781
270571
123360
111674
129435
121335
129814
145883
138134
150012
133589
157802
106698
115344
110706
113645
162859
125837
135805
123448
123774
127075
127354
137451
134479
156623
115350
118745
148910
121334
112504
121843
130528
144850
132828
110552
117837
132910
132569
129418
120728
156926
126903
140835
126383
134786
135799
153260
126722
130877
128937
134083
133401
116213
115136
117774
124331
106096
119955
115852
123305
141796
127751
121193
146732
126276
124473
120471
142624
106969
114121
127358
118889
108151
134888
116662
168899
120273
189943
122431
124176
110859
111406
114663
126766
136389
155381
132122
155716
146260
126650
115418
134491
107663
118417
120520
123841
114205
128876
142921
142885
149186
119737
120558
137578
125630
123551
128776
107194
116816
120139
128808
122091
120616
107381
128166
124247
107428
130531
114437
116962
122730
123984
112432
148082
109027
125428
127579
123087
118283
139180
135101
106993
152355
134086
120710
128431
113442
138098
123886
120711
