127773
105801
134234
100147
78575
89016
90557
91623
69296
55765
75303
82975
78202
85339
74031
78536
81651
66874
88278
79539
112799
75998
93841
92340
91189
104686
98344
93252
85222
123201
108525
100364
86377
88607
79589
96250
99932
91601
94729
90985
79370
114371
88435
85097
104512
97571
114469
84919
76373
99249
129178
111256
71552
104034
91614
77767
82591
118595
100843
107028
97865
104803
90701
97257
124932
89262
99877
77772
99728
100716
88763
89357
82029
111954
75368
113571
81735
103833
79477
93679
79268
80147
80560
104691
75037
96055
93802
90065
71282
97051
85079
104702
78773
83056
102870
103166
88892
91492
102951
108790
104482
109191
103836
96488
112641
113633
88619
80355
97395
91340
93043
87014
102328
81135
92009
111439
110632
112671
99434
106779
86283
109602
82006
122963
89752
87663
84520
91725
92382
78776
102772
92117
85658
105033
69983
105009
86108
91064
115285
89307
95622
110447
80167
102828
96192
94320
93380
97992
97306
79627
97805
103919
91325
85030
103281
95098
