167704
157203
169795
134976
111027
121230
120738
121869
100690
87361
119313
110076
107691
110078
91536
111961
113167
91991
110659
113343
143434
111824
142890
124565
124182
138990
120207
126345
117354
153125
141658
134427
119206
119956
115474
128238
129832
125282
131917
123942
111852
136836
128410
106078
135772
121983
145067
120067
104026
130062
167071
145676
106729
135976
121505
107309
116495
164968
150634
136516
122753
135408
127012
127967
168642
112730
133088
103201
135505
134524
120887
120105
112082
148977
102315
145387
120634
155397
119226
137589
106889
112889
106485
128467
97053
120485
127887
122037
107518
130141
113526
137439
116203
125603
147903
137714
119372
117364
124052
136051
138332
141724
139797
129820
142552
145765
119903
115072
131109
124044
122206
113669
135352
109802
118007
139965
149967
151448
140860
137292
105922
141337
117618
155997
123387
119657
126985
125596
127739
113555
133800
126046
110023
130318
99148
135318
126584
124364
150688
281669
127652
146486
105800
138853
123955
124352
116304
130663
131882
117634
131796
136652
115288
117834
126128
120424
