2503067
2493482
2519719
2564363
2395915
2697029
2775587
2349040
2534370
2456624
2466006
2425241
5022276
5931010
8120451
8253812
8000079
8024501
7172791
5860060
5035529
4897560
4297327
4708874
5615228
5987875
5051178
5677510
6311119
5869610
6319478
5107683
4540726
6832613
6478000
10022065
11394739
13286843
12907045
14328659
13918751
13279706
12487683
13288341
13245537
14416112
13913322
13471856
14620776
13564375
13212348
12282224
11557750
10471501
9545133
8862480
8156510
7304632
6332340
6519769
5017546
3437318
4302747
3484298
3597419
4208359
4327801
3343468
3992437
4207528
3975863
4260214
4775341
3708777
4474063
3907593
4077460
3592809
4188774
4584617
4055052
3303837
5505830
5247589
4598234
4722956
4728656
3813921
4767553
3797521
4714418
4077185
4378965
3797966
4597387
5443175
5103711
5417032
4565731
4394006
4079302
4405634
3511186
5417117
4511627
5356972
4599799
4104344
4542071
6337043
4856160
4738628
3249974
4041480
3760164
3695204
3749284
3700279
4301441
4518793
4768011
4508249
3788737
4152196
5624748
5511177
3807505
3886901
4025286
4442919
3657098
3508420
3390481
3637275
4070834
3572557
4575616
4554236
4346963
4180950
3520891
3979731
5135045
5721449
9125581
11175159
13724429
14763709
13939460
13140449
12521730
11817455
10946050
10772736
