2510911
2501842
2538149
2572709
2404401
2704101
2782532
2356960
2543928
2464518
2474517
2432670
5037301
5940338
8137629
8262207
8005834
8032520
7183210
5874066
5047828
4910374
4305524
4715746
5622105
5997676
5057763
5683987
6315398
5877585
6325172
5116825
4545432
6839853
6484052
10028743
11404041
13294740
12916822
14334477
13924214
13289829
12963077
13308958
13257264
14421883
13922989
13476854
14636149
13572675
13217991
12287703
11563013
10477222
9550462
8869846
8161737
7311527
6337874
6528330
5030222
3445831
4308448
3493352
3605123
4214219
4333906
3352521
3999475
4213589
3982926
4269870
4783054
3715413
4482305
3916981
4089380
3600697
4197386
4594482
4065221
3312588
5512962
5264085
4603343
4730965
4736955
3819925
4775832
3805944
4719587
4093055
4384795
3804264
4602977
5448228
5120944
5426283
4571754
4401221
4085804
4411011
3517659
5422193
4517419
5366073
4604795
4112939
4560953
6345161
4863128
4748262
3257777
4046380
3766193
3708723
3755579
3707520
4307082
4527995
4779751
4515585
3796275
4157321
5638866
5532224
3817284
3901979
4033077
4450925
3665060
3515255
3400007
3648211
4077991
3580046
4583581
4560105
4354866
4187256
3529436
3990812
5142467
5732556
9132857
11195770
13732039
14776839
13946851
13148839
12527997
11822509
10952135
10778418
