3207418
3506844
3269954
3448611
3398939
3436332
3211462
3307188
3299670
3551353
3315931
3768273
3315340
3676058
3368868
3631557
3249696
3462145
3408171
3424349
3510956
3396057
3266259
3771246
3337702
3367424
3417733
3599037
3318470
3794895
3495059
3399977
3198306
3570916
3246267
3582526
3698311
3730054
3505223
3785410
3499520
3822647
3421820
3616017
3587002
3708236
3599247
3922263
3573768
3761423
3606184
3671048
3630425
3705983
3604011
3821685
3546508
3466432
3450162
4281162
3646423
3821368
3524081
3681672
3658824
4157662
3588093
3662175
3778658
3672091
3513607
4109412
3459287
3798427
3667801
3668665
3529623
3789136
3522003
3676879
3486902
3717574
3510424
3923534
3734104
3846363
3573637
3751440
3513502
4067269
3706094
3715138
3525313
3752983
3677130
3933801
3596329
3607566
3757402
3650534
3656976
3617951
3618302
3835027
3583882
3726071
3673204
3741080
3530286
3774439
3625865
3694179
3630053
3678388
3588395
3736008
3530840
3645654
3820540
3680274
3586298
3725860
3434549
3760453
3691415
3802643
3589143
3668065
3603502
3568975
3521308
4221802
3727304
3908010
3632578
3682888
3513540
4149839
3617979
3655032
3553317
3689497
3526844
3988982
3377454
3425382
3291558
3318343
3182145
3317799
3222219
3314900
3222149
3424073
3231973
3248978
