3215208
3529329
3278145
3456504
3407332
3443794
3220567
3314756
3307468
3559463
3329243
3776697
3323590
3683331
3377619
3639865
3257721
3472348
3416365
3433157
3519715
3403362
3274753
3779516
3345773
3375448
3425958
3606878
3326554
3805250
3503397
3408044
3206719
3578618
3254752
3590775
3705945
3740480
3513247
3795830
3507998
3833609
3429857
3624927
3598049
3716740
3607425
3932749
3582583
3769652
3614459
3678841
3638973
3714158
3612573
3829992
3554708
3474541
3458392
4289230
3654414
3830017
3532174
3689106
3667063
4165703
3597031
3670839
3786855
3680652
3522064
4119099
3467563
3806927
3676396
3676694
3538076
3797413
3530663
3685354
3495155
3726599
3518692
3931569
3743231
3855639
3582029
3759120
3522079
4075557
3714556
3723420
3533866
3760103
3684738
3942493
3604748
3615428
3766946
3658614
3665407
3626447
3629198
3843231
3591990
3736633
3681350
3749201
3538656
3782871
3633511
3702779
3638630
3686341
3596572
3743944
3538940
3653268
3829473
3688749
3597619
3734459
3442898
3769300
3699757
3810833
3597780
3676156
3612040
3579009
3530108
4230548
3735448
3915979
3641036
3694062
3521949
4157873
3626183
3665083
3561303
3698130
3535561
3997176
3385582
3434472
3299952
3326634
3190539
3326034
3230449
3322755
3230380
3431877
3240648
3256742
