343661
184811
271086
316832
290975
320561
303348
285113
296727
299109
347041
293638
170695
364664
355077
298850
259804
203815
200239
365736
187603
168277
344566
372303
308578
375153
184582
344935
305857
328856
177746
204764
331972
320899
261784
163164
273351
316681
347380
226047
365565
208661
338669
258200
359936
341019
339599
283956
330162
337125
327840
339963
365148
302337
301571
327036
271904
330112
323214
284539
336756
321217
328731
169966
276559
315739
373961
214217
175447
177097
372087
326377
279965
171370
217615
314872
321166
355300
323957
332178
322761
284668
314051
367003
322025
364952
271437
317883
297116
274464
244215
319375
310889
342351
310039
174578
353167
193133
395600
343327
263432
308942
313627
210439
201199
318145
326377
182758
266273
316117
326177
255479
314432
293581
318513
173148
320329
179474
309953
301780
360641
338120
365553
307263
189828
294967
310859
262408
375086
300324
187538
333398
330208
341234
327560
381870
298799
345681
199036
296871
295224
298557
286874
237206
301813
309031
299076
308688
368219
371857
308097
315118
312393
318197
333588
215689
