351298
194362
297199
325229
297808
331302
311575
294063
305891
307899
359240
302777
177634
371260
361785
313600
266402
211899
206871
383420
194453
174978
351737
383667
313354
382028
196630
355124
313484
335033
182520
222863
338576
332515
275397
168052
283091
323136
354981
240704
372223
214800
349050
264691
365154
346276
345652
297297
340646
344105
334071
345743
373298
308542
307856
333430
278381
341258
330368
290581
342364
328244
337794
176341
282990
324013
382248
224349
195192
183813
378883
337192
284548
176957
228333
321936
329197
368434
333700
343528
332192
294463
321091
373692
330453
371765
280124
326170
311809
284418
250364
324947
321669
352496
322315
179174
381440
197035
400702
349163
278994
323946
318123
214716
206739
324492
333883
194799
272106
324713
330772
264391
320385
298205
323963
185223
327059
193067
316497
311244
364786
344695
372853
319889
197163
301618
315936
269776
382032
307448
195385
339403
335804
351850
337289
388495
304533
351371
207047
302685
302761
304474
293362
245172
316913
315155
304812
323786
374762
378837
315372
325147
317636
327187
340704
222845
