3537334
3675035
3574065
3945541
3861974
4157720
3585631
3690100
3558675
3638989
3667712
5196457
5194768
5811886
5780079
5730478
5513458
4720578
4139566
4954729
4193682
4557252
4397478
4943142
4446965
5274301
4819609
5111914
4777137
4542954
4288154
4584400
4392707
4593264
4494806
5729346
5991792
6389715
6429937
6389865
6917102
7177024
7193714
7207212
7247641
7405650
7473719
7924731
8951129
9231206
9543269
9499062
9652043
9664566
9803971
9906127
10001580
10140292
10336342
10121859
10247014
10020436
10129469
10100010
10475074
10132306
9966645
9735777
9250381
9247951
9123716
9482463
10056697
10109680
10259640
10181510
10235579
9973506
9585236
9355939
9130873
8923780
9276856
9324147
9840974
10395306
10533113
10460821
10257034
10114263
10079397
9950188
9916969
9944448
10277032
10268600
10780639
11456835
11612533
11474269
11376847
10669106
10620094
10323196
9968949
9878126
10379203
10362351
10769443
11101849
11221615
11310416
11327571
11529584
11582716
11599047
11945668
11849261
11895123
12237512
12114220
12309742
11806731
11725550
11383145
10795103
10381650
10096786
9534087
9493897
9379641
8951069
9006354
8742460
8444330
8156754
7896939
7500919
7195504
6717223
6424114
6039152
5940745
5665258
4504283
4593751
4415498
4869852
4218675
4167390
4186108
4086007
4433199
4192916
4761605
4555073
