3562561
3684037
3582726
3955829
3870614
4166312
3594687
3699629
3567182
3647698
3676650
5205114
5201240
5817829
5792629
5737963
5521844
4730664
4147812
4963719
4201881
4565055
4404351
4950915
4457334
5282126
4827976
5120761
4787204
4552854
4295901
4592699
4399588
4601258
4502038
5737354
6001160
6397340
6435614
6400584
6924560
7183422
7200197
7216200
7255213
7418688
7484291
7936144
8959154
9236489
9551507
9506415
9661324
9672964
9811826
9913679
10008610
10151601
10343651
10130044
10253181
10028975
10139646
10107886
10481192
10139988
9972997
9744449
9258026
9254683
9129571
9489932
10061703
10117782
10275704
10189801
10242326
9981026
9592635
9363873
9137026
8931347
9284599
9333687
9848001
10402027
10539282
10467141
10263717
10120610
10090304
9960609
9924514
9952818
10287205
10275358
10789503
11464897
11617832
11482096
11384040
10677141
10629222
10329331
9977965
9887097
10387710
10369060
10776782
11109305
11228853
11317428
11337937
11536266
11591599
11607705
11953250
11857182
11902696
12244897
12121271
12316647
11814071
11734521
11389743
10801311
10388862
10105002
9540419
9501522
9386462
8959920
9013915
8760060
8451778
8164461
7904250
7507289
7203374
6724977
6430209
6047886
5948345
5674147
4511636
4601247
4423687
4876982
4226210
4176080
4193127
4094032
4441225
4200301
4771192
4561824
