810275
815925
811179
816413
848323
783887
854537
805198
871699
748357
873713
779577
894151
841382
951554
865857
982110
827636
914760
862142
887785
873828
903630
833355
949063
891253
892533
809712
861160
805466
917206
854280
900084
945976
977470
830375
917987
853570
907477
811656
871655
860313
839704
884950
869315
815899
891208
888265
947240
853366
954323
883849
839929
910348
860426
915216
831651
857972
844663
885095
849330
814539
889894
913671
849505
849061
835559
902297
846335
822396
847279
832956
889221
848696
850016
883380
880668
854539
905937
839956
885988
832782
882280
830178
888026
851569
865848
919185
862412
847898
903106
840551
893577
827182
836119
843050
958925
853467
853839
890255
882026
827537
832943
836087
826644
850225
871602
833095
907055
866641
900661
863464
867699
831351
892810
823251
819113
807274
938401
897145
864560
853448
820569
857546
896019
862181
897078
808255
837263
890536
906064
815495
881478
837282
866818
887667
855979
874776
896597
843198
824951
830574
864127
868709
883750
868274
849978
830444
858460
821667
904119
815367
828727
828021
863765
814894
