832534
825299
827937
825691
858984
793120
863658
814250
880782
758234
884534
792043
906064
851180
960977
873384
1734300
834533
923237
879446
895514
881676
910474
839797
959998
902604
899437
816655
866889
834299
923718
861170
908104
954062
984058
842042
925804
860928
915547
820051
877790
868020
851149
891671
877486
827748
898126
897271
953793
863940
965354
890224
848500
917679
874752
923692
838450
868383
854561
890702
1539661
821231
911623
921612
856935
862287
844071
911974
855340
829341
854624
846350
895519
859086
862236
901690
890391
864640
914546
855110
895948
846095
897362
846283
893519
859717
878208
925268
870924
857197
909955
846946
899225
835321
846239
849178
966966
862189
864574
898196
890527
834131
838291
844414
833203
858646
878174
845099
913188
877300
906292
881547
875377
845260
903554
843758
826788
813659
946296
905469
877798
865960
849035
866841
902955
870817
905481
816038
844408
898535
926217
822806
888607
846719
873609
894634
864683
886948
905396
849558
834346
839026
871477
875174
889310
874742
861127
836293
870926
835426
914853
821449
837398
834152
870133
830893
