1474049
1380635
1458077
1308601
1479740
1386273
1541181
1314224
1326136
1767004
1372411
1389728
2644899
1886097
3602434
2182945
2362379
2241822
2205498
2030617
2049467
2020055
1992576
2208171
2359234
2349809
2684033
2702099
2105934
2592607
2116623
2593009
2394322
2527583
2481954
2689602
3147356
2748100
2774773
2669699
2849054
2826935
2842920
2519750
2643437
2727482
2844800
3004999
2942499
2850117
2940709
2432486
2759242
2718062
2841587
2423481
2512468
2308302
2363493
2292489
2343559
2345413
2047995
2211036
2186683
2290056
2269982
2190975
2491242
2067351
2287978
2269048
2535744
2278283
2219281
2316481
2281325
2058743
2318547
2257146
2418913
2393142
2416321
2423697
2759318
2707771
2454581
3154530
2663448
2985541
2806397
2697853
2728284
2733112
2716261
2671545
2778095
2755542
2484111
2890552
2677762
2819877
2558055
2609608
2731243
2874140
2685834
2830878
3332268
3195113
3230782
2842371
2840083
2576553
2479442
2542548
2282729
2505615
1998031
2420739
2086409
2450899
2369428
2221966
2234825
2146986
2279269
2475709
2229656
2176687
2092146
2237352
2242494
2432764
2108557
2264164
1872273
2243057
1906004
2029717
2010882
2340294
2337763
2560660
2543345
2075095
2239992
2168367
2387842
2229930
2011773
2156806
1923121
2253377
2030731
2049355
