1483112
1388414
1465780
1318175
1488227
1394216
1549463
1341792
1335131
1775330
1381239
1402019
2651369
1894660
3631483
2188758
2368739
2256078
2220444
2036621
2064126
2026327
2002245
2213503
2542993
2356413
2690707
2707491
2111004
2597872
2125307
2597998
2399778
2532964
2486726
2696244
3170526
2754193
2781073
2678078
2861380
2831617
2847169
2527168
2648974
2732502
2850440
3020844
2946654
2862173
2945050
2442376
2763861
2724458
2852500
2430925
2519295
2326244
2374577
2299592
2351611
2351685
2055599
2223373
2193639
2300921
2287375
2197619
2893398
2073455
2294887
2275352
2543959
2286899
2225551
2322759
2290399
2071248
2327318
2264742
2424186
2399989
2426140
2432950
2770014
2723573
2461640
3167621
2674857
2998216
2813301
2708431
2734173
2743245
2722128
2677521
2783115
2763559
2491200
2897877
2693389
2827338
2566849
2616510
2739643
2883095
2690501
2838621
3373761
3199816
3235408
2854716
2848683
2584427
2486701
2550001
2290303
2513482
2008678
2429328
2093922
2456835
2376787
2227569
2240905
2154486
2287979
2482893
2236859
2187292
2098994
2245725
2251115
2439135
2115317
2271380
1879235
2251104
1912720
2036303
2018277
2347357
2345587
2569176
2548929
2081450
2255885
2173295
2393706
2235715
2018181
2166524
1928151
2257845
2037763
2055305
