345157
297827
312222
349386
196437
320850
182158
339282
201983
354349
323552
169064
353105
203041
477412
378922
337605
311384
391399
353325
348264
364554
332394
366140
275100
338210
381796
216994
359013
402193
292130
173830
194583
352686
179168
330203
239099
196090
334692
346283
395529
306050
335945
381317
198934
310061
340352
203549
167250
375990
203632
358660
319745
312713
354301
340224
398363
316073
416426
182763
300161
275010
352811
215707
238391
316117
324109
221457
356562
222319
348015
259837
208061
233218
337356
179016
328915
321603
399465
389018
397304
388168
190126
295068
383196
435986
340606
312042
205366
390930
318905
339814
308807
315496
203602
209824
347488
215449
420832
328996
340177
331605
339532
381651
356000
316361
335797
384304
164618
354665
345559
339585
321892
248372
322947
316738
359609
211079
322731
299215
307259
342979
486306
186962
406298
307985
331338
365877
182722
408658
364957
176551
326126
413680
311639
372019
366737
359709
318010
366956
203191
434414
332104
292354
383586
297229
349667
311165
213136
316253
373379
421402
217567
305636
332168
322467
