366490
307748
324955
357385
205465
329693
191506
348157
210327
375081
335872
177200
360212
209350
490287
386119
346657
324603
400187
363458
356755
370800
344966
373036
280553
344089
386771
222746
373252
410427
301919
180951
207416
358803
187522
340547
250880
206133
341182
352524
400972
311115
341285
389319
203798
317376
348070
209715
173058
381423
216662
375287
326769
317854
360198
348624
405745
321162
432864
211014
305707
281806
360704
225288
243920
326399
347316
227492
482054
227765
357821
269136
214141
239615
345784
186076
339082
336162
405711
405728
404671
393704
200679
303774
390574
451374
347582
396138
211762
404205
326400
345205
314273
326680
210062
216862
353951
235698
430688
338446
345473
337457
348510
390325
364103
321679
349980
390601
175605
359677
350887
344750
328749
253796
331817
323786
368463
220906
330404
306378
315275
349973
678812
192159
412861
313945
341072
386162
189911
415342
383305
188236
331015
419885
317872
377836
374161
373382
324590
372741
211026
440896
341034
297894
392657
305407
356868
318735
220588
350670
378893
427718
222735
535398
339116
328877
