301621
284943
306180
303698
276266
294228
287501
328055
287131
316452
295886
296746
314164
325426
333255
328356
309421
312027
313674
299180
308302
301404
329084
322859
274480
318891
301099
317080
305918
290348
338468
285015
280683
297295
303755
304545
280389
285718
324407
332574
304700
299326
320301
318589
313184
281731
300965
319966
280563
284027
320044
326899
309154
322622
291902
285294
322693
298753
320119
286917
318882
304867
324273
315182
307527
298868
323560
277414
298972
300032
316427
323159
321453
310973
308857
301945
315409
329029
349340
271264
299330
308341
322916
317138
291632
321493
347309
347140
295832
291227
310164
307110
322819
340275
287294
302189
307432
303459
295079
310807
316795
278254
319816
297912
303308
305911
316384
324443
313283
303028
277015
307284
321820
298012
303473
304430
294189
324247
275292
296239
304544
306893
297451
285022
316545
323669
307311
313116
310973
295931
322599
337936
289259
314541
312145
306533
321609
281524
305521
288111
296822
312097
305605
283468
303156
300573
296460
323856
306935
319773
306700
314028
325039
319585
315048
318713
