310325
294353
332973
316054
285545
303133
298102
337960
295825
326247
307051
306439
323188
333957
341231
338841
319871
321277
323067
308031
317447
311509
339734
334784
283189
327978
310458
325827
314834
299564
348905
294836
289551
306637
312838
313770
290302
301528
334500
341570
313295
307915
329665
326678
324897
290569
310242
328270
289686
292978
328786
336855
318335
331840
300799
295328
331684
308590
329299
298506
327917
313257
333004
324014
320604
307807
332716
286224
308622
309257
327713
331912
330373
319832
317648
310861
324527
339689
359006
280155
308028
317390
332583
326027
301514
330564
356060
356106
304795
299998
319625
317872
332190
348753
295695
311190
316285
312911
304917
320316
326197
287490
328613
307180
311445
316352
325262
335004
322326
312609
286338
317484
330687
306773
312985
313212
303621
334926
285013
306028
312534
315588
306169
296719
325459
332763
316493
322901
320334
305379
332725
347177
297819
323183
320608
315518
331818
290043
317483
297388
306154
321154
314641
293553
312543
310552
310260
333535
316891
329674
317241
323129
333808
328214
323389
332948
