33585
45706
41842
36112
27823
35884
44779
44401
38220
35449
36651
34747
36265
31767
21077
35313
23265
33251
23620
18880
19626
33259
22567
24970
26803
27999
23189
27074
20131
33163
29980
27000
32764
19751
33312
28222
31679
21150
23953
25150
31033
34036
35840
23180
28660
30877
21127
29333
20555
33601
33637
21095
19682
41795
26551
33792
27657
34890
36697
35839
37823
34280
27548
37812
32361
31848
26277
46751
45703
28712
35726
50193
38950
18758
32248
25724
35684
24905
37898
31157
32463
39947
36642
39108
32217
23163
38369
24440
28234
25681
26045
29428
30700
31361
19561
24536
26973
39051
36312
26022
38792
20872
35411
28511
27275
20424
26305
27913
24224
39102
22727
23017
20433
36854
28134
40009
34451
34856
24294
36581
35318
25490
37616
33551
26512
20429
24643
36649
23138
37128
34907
36531
34551
41159
33415
30234
33182
37645
36478
19502
36763
34084
32060
45093
49763
39303
38144
36763
20874
46876
32626
36681
29549
35532
30262
34163
