58296
54328
50715
44877
36881
43922
52174
52917
46462
49701
45269
42245
44022
38427
26230
51474
31205
38365
42062
25235
26814
42221
28464
31484
33023
37299
30088
38278
33781
39443
36964
34393
38652
25931
39763
36721
37678
27400
27892
34855
36393
42310
46535
29219
33382
36777
30771
37430
26715
39877
44245
30017
25049
47730
34461
43413
35272
42484
44449
44675
44202
46214
39729
51748
38831
47006
34748
53636
51784
36416
42414
60546
54946
23637
39030
37051
44301
32200
46394
37964
39562
48970
48879
49448
41014
29805
45543
33502
40943
34146
32300
40763
36137
37571
24757
33533
34239
47600
41362
33526
56519
27551
43238
36611
41630
29137
32655
32886
32591
45673
28780
28948
25269
45213
32908
49440
40980
42968
31009
43447
44053
31599
44406
39947
33595
27144
30661
44519
29126
46717
43921
43562
41667
49364
48716
145374
41051
43988
43915
28408
48419
43412
346477
80962
62648
45087
44299
46050
29418
61829
39533
42276
35038
41072
36346
52770
