428190
415064
413311
409853
407471
405093
411403
406194
430356
404470
406882
405531
442493
457462
408230
413256
466409
408818
429338
430203
412521
417000
397692
437213
442631
401073
446172
434451
413605
439072
430241
431831
424122
420445
432771
419882
434660
435861
427332
433994
456798
410604
413004
440533
429446
414869
423344
410776
449613
430427
435512
461678
435755
417780
438921
403542
432691
416126
417190
424549
440328
449365
431610
415939
432135
430138
421802
411941
442432
423190
409994
432518
410473
417384
429332
414309
412778
438327
436157
424471
410694
403044
411020
420545
436815
413345
429816
412961
417771
422028
428447
408599
430026
416671
420189
430861
442992
419878
422438
417738
414576
437522
430865
426942
400841
426609
420911
412414
408691
415346
454292
413910
435795
414355
428611
432376
413305
391741
414456
413778
435626
414987
419947
412319
433137
409438
449033
416047
430818
437155
407244
426345
422147
425311
430997
401255
439148
416063
414566
414666
435083
418713
408823
412321
403034
412897
432937
432298
413620
404026
415594
426384
433476
415017
407336
425788
