453114
423933
421468
418116
415773
412954
419667
414116
438627
412231
415426
416767
449681
468610
416833
419523
473984
415294
436533
437728
421063
424177
405392
444122
448978
407979
452541
441398
421383
446676
438387
438782
434282
428176
439813
427390
447213
460252
433996
441425
463583
419384
420584
447460
437276
421677
430301
417345
456134
440847
443432
475666
443514
424519
446351
410350
439542
424616
424354
431776
445664
456663
438891
423425
440510
437252
427751
419591
450284
432632
417948
440269
415941
424260
435852
421698
419719
447479
443156
431405
417933
411002
418345
427545
442455
421212
435521
419321
426907
431405
439680
416177
438066
424556
427566
437206
451116
428172
437332
425220
422047
447433
437959
433238
407971
433745
428034
419890
414286
423181
461149
420437
442338
427305
435620
440307
419917
399658
420933
420512
441950
421802
427202
419086
440739
417032
455834
424715
437518
444153
415162
432917
428662
431963
437657
408010
444978
423941
421333
421725
442223
426359
425884
420439
408658
420703
439995
439711
420649
411101
423599
433816
440699
421772
414932
436630
