66387
74057
75502
46297
46623
73759
70653
59538
84642
74328
65713
60015
60195
60422
83997
70612
75117
71252
47637
49291
49007
43433
74532
73875
91247
69176
68569
51909
67030
68222
71148
62867
65669
74103
69759
67407
84143
85137
69742
70533
69424
71228
64152
70161
64479
70834
65065
70637
73984
71304
46110
72444
67937
44208
68640
72047
67265
72748
62578
42915
80295
71623
70147
51528
81624
73875
54163
76254
69929
56211
63215
83327
73522
68860
54294
87563
57385
77880
57859
75222
82093
64780
58166
77902
70796
49108
66384
60930
74460
43572
73885
75845
69139
72285
67075
65444
65534
82056
84131
53094
80066
71426
81155
82309
71393
64457
60453
67932
70794
47493
70595
67159
67343
75027
44034
47890
68814
72110
42910
70842
75166
62968
74174
54408
74647
51415
71874
62841
45537
65045
74127
46160
80295
48455
66238
71209
70778
44382
80012
46381
63945
48979
64773
81097
108153
84252
65266
88141
53512
69384
74218
48786
70025
77028
71409
61110
