74356
98755
83342
54397
55023
83457
78385
67146
93455
82298
73729
71055
67649
68739
91650
78116
82766
79061
55856
57409
57298
51226
82602
81739
98766
77079
76922
59878
75837
76574
79131
71360
73556
82437
77909
75530
91730
93490
77509
78467
76666
79162
72256
78370
72258
78796
72839
79107
82011
79252
53910
81927
75800
52270
76493
80046
75322
80628
70235
50476
86868
79257
77763
59359
89306
82058
62904
84539
78063
64218
71196
93022
83351
76797
62952
95547
65521
85407
65629
83066
90333
72396
66105
85402
78657
58275
74058
68945
81801
51671
82870
83499
77112
80831
74980
73580
74451
89611
92314
61218
89265
79669
88693
90046
79268
72420
70851
76014
78791
55793
79560
74750
75119
84654
52180
55745
76807
80040
50699
78426
83651
70821
81510
62175
82466
59591
79487
70657
53976
73152
81907
54175
86369
55401
73842
78563
78415
51575
88275
54587
72281
56899
72513
89270
115297
92363
73067
97203
62018
77194
81876
56849
77862
85058
79371
68591
