3054603
1889453
3192912
3116204
3374274
2999606
2540388
3146339
3510115
2840289
2934196
2937640
2463628
4311123
3736992
3607854
3512739
3237226
3431303
3328046
3622182
3589982
2649393
3624175
2585003
3582957
3519422
1843825
3249801
1836791
3366357
3268666
3434863
3324593
3622168
2100543
3723529
3635956
2763287
3233745
1916241
1953001
3355035
3068084
3263484
3681680
3649144
1983461
3403175
3125509
3487433
3489504
3727831
3807275
3487160
3705822
1943350
3503937
2578926
1807442
3169529
1935875
1971074
3089617
3269630
2975531
3695275
3445280
3201771
1882517
3184274
3604154
2097515
3478921
3646084
3419230
3520189
3769862
3208140
3377304
3972587
1811998
3009054
3210122
3469286
3824084
3541816
3563701
3243795
3191819
2036347
3671003
3038130
2574857
2769110
1899244
3972547
4353721
1936473
1831741
3119275
3586591
2024467
3547720
1995327
3571904
3074367
3924365
3317760
4005425
2149180
1990403
3106684
3851352
2900032
1885517
2916284
1807809
3504433
2978004
2518009
3122715
3625593
3828818
1897644
3264394
3799933
3240718
3459062
3503891
3595243
3497186
3113487
3552645
2702649
3798142
3468599
3708042
3414545
3088760
3074009
3820538
3338550
3590411
1785719
3273629
2497568
3883040
3676516
1892661
3838323
3234884
2993346
3216742
3639848
3343372
