3080934
1899465
3210333
3123947
3384320
3008135
2552153
3152450
3518874
2848415
2942590
2945520
2484357
4318554
3742082
3623813
3529595
3247061
3437844
3343269
3628424
3596436
2656480
3631556
2595744
3594216
3526328
1852756
3259771
1842781
3371622
3277194
3441205
3329831
3630289
2106725
3729003
3641593
2770123
3239533
1923268
1961486
3362224
3078398
3269622
3690584
3659794
2003106
3409856
3132408
3492969
3495951
3738488
3813492
3504211
3715901
1952294
3512192
2587157
1823793
3181092
1946294
1978215
3104407
3278236
2982488
3704658
3452877
3208899
1891013
3191967
3615374
2103873
3485747
3654163
3427298
3529204
3777756
3220916
3388086
3980472
1819951
3018066
3221119
3479733
3840370
3551817
3569707
3251935
3198434
2045075
3681774
3042487
2582266
2779791
1914729
3978099
4378388
1943198
1839061
3145094
3595456
2035910
3558320
2002161
3578678
3083096
3931340
3323349
4014851
2156320
1998585
3119779
3858706
2910468
1894982
2925081
1813444
3511634
2987518
2524367
3129800
3632311
3837078
1907060
3272663
3808883
3252184
3510185
3511279
3603190
3515586
3150399
3559968
2710043
3807325
3475734
3714698
3421953
3103781
3083838
3829798
3346313
3598998
1802164
3280390
2520694
3888018
3682591
1907473
3849394
3240881
3002131
3225648
3646912
3350595
