300744
319265
303579
324855
303106
323333
323303
324127
336050
325263
301891
323123
290061
317869
279230
283858
315170
301163
276994
298475
281312
297078
319652
280819
292738
310166
326149
322521
297858
306326
290057
312408
340613
284247
313317
323627
313041
292401
283950
329954
304062
302115
345387
320334
282073
320475
294757
296909
292383
309448
260226
306580
306232
312849
262831
284531
290533
273201
273461
352820
316840
277153
319832
291556
316937
295994
283398
304466
295456
314459
315601
290310
300283
285459
308259
307572
314288
311428
290591
305657
310131
275065
313946
302285
279493
295955
306362
301724
301544
305841
265577
272757
323229
302705
250707
316238
290510
336852
318921
267874
295141
275254
288583
293184
322161
308848
320374
294665
272025
293705
318621
303556
320642
292381
294092
284156
327589
308858
328315
281678
277262
331736
312597
313784
319069
277299
290474
288970
299646
305403
296588
338963
289845
335651
276087
308377
291024
286937
329526
298841
320402
288952
306579
318066
263487
301880
290306
319937
314126
311764
276580
329769
263529
319686
336233
258252
