308955
330043
331809
333885
315356
331674
331714
334409
346219
334538
311448
334856
298386
326302
284602
291846
322722
308962
286160
308004
289180
305248
327457
289395
302607
321867
332170
329786
307143
314073
296930
322180
349704
294494
321635
331733
322582
300585
291621
338415
313441
309570
356224
330162
290583
327605
310099
304798
299443
317427
265942
314911
314785
321189
270265
292919
299297
281363
282692
362903
326786
288760
328399
298894
325367
303318
291658
313785
303643
322897
323412
299345
313036
293887
315218
318443
321930
323929
298579
314989
316966
284217
322904
312611
288899
304822
314424
309454
310718
313760
274510
280795
331350
310331
259511
323064
298691
347992
326687
273289
304949
284052
296641
302036
330685
321752
331445
302301
278301
301728
326168
311011
329409
299564
302235
291916
334804
316390
337611
288894
285853
341821
320100
321523
327663
285876
298826
297073
310784
313536
303403
347158
296947
345211
290830
316653
299272
295831
337294
306901
327069
307174
315318
325877
273951
309977
297213
329144
322335
318985
284633
337940
272119
329092
343465
265953
