4757382
4837478
4941095
4741919
5035481
4715000
4757400
4832601
4856195
5619750
5425713
6655600
6322106
5404296
5430019
5604257
5280742
5367329
5535616
5502606
5250209
5219351
5346066
4924267
5036412
4918461
5403785
5728571
5513451
5105471
5078334
5427855
5433528
5028393
5305980
5124781
5362259
5263612
5253917
5116461
4965449
5067126
5185001
5346640
5660556
5579390
5516945
5299594
5414088
5237955
5676164
5434665
5413291
5307059
5480432
5405759
5397330
5251976
5506237
5257894
5567938
5477095
5297058
5449892
5338740
5271412
5352282
5385469
5213189
5251114
4955351
5091206
5024895
5042403
5268989
5161522
5074282
5067698
5328524
5070435
5101264
5219184
4912120
5489149
5113699
5379659
5300685
5122566
4994389
5188354
5628952
5656467
5583473
5666583
5416187
5235450
5397471
5279936
5340248
5327436
5355321
5202113
5439294
5577013
5336149
5529299
5501048
5404176
5669953
5506489
5557297
5626659
5342660
5042701
5097853
5025805
5043757
4976186
4950557
5003239
4943136
