4806803
4913989
4991838
4799032
5073404
4769227
4812049
4885533
4921187
5688773
5477322
6716504
6372612
5449495
5479234
5650104
5322441
5414047
5579109
5547024
5282075
5261751
5383347
4958221
5069700
4957473
5444846
5768545
5563522
5150470
5444041
5463382
5965992
5093894
5341845
5168544
5432877
5305174
5294241
5155715
5010378
5099989
5228107
5399532
5709395
5631600
5569502
5368325
5467663
5284175
5741057
5478691
5458208
5359379
5523168
5450931
5436572
5305792
5558206
5311353
5615697
5516703
5342406
5501994
5392386
5319238
5393529
5427660
5264593
5295496
4992126
5126011
5061000
5079183
5306337
5208956
5118707
5110078
5380813
5104720
5137949
5253119
4942696
5545476
5171100
5419191
5339763
5180348
5040727
5225406
5692723
5712582
5633483
5714642
5446596
5283115
5447084
5319566
5395783
5366708
5412256
5234885
5493139
5617608
5385094
5594042
5558458
5448677
5710378
5559275
5596044
5676505
5383941
5083695
5145711
5074271
5078426
5009100
5002811
5035564
4978032
