2979522
3242127
3245123
3338278
3301628
3800227
1854081
3530455
1842224
3339721
2855357
3856722
3584876
1915008
2610346
3472014
2547980
1906626
2515978
3003606
3026303
3208662
2507764
3496236
3341248
3691764
3485770
3425784
1804623
1784617
3200910
2563589
3169758
2924101
2992408
1813433
3259293
3527019
3604591
3338194
3417776
1934614
2047246
3796841
2024580
3026388
3478235
1911171
3583658
3181206
3299039
3056413
3575558
2707632
3856429
3460919
3252132
3095594
3232783
2538775
3073587
3521731
3384085
3829517
2928284
2975992
3509401
1907862
3382072
3280981
3418038
3628236
3148205
2588670
3309337
3452656
3495873
3625138
3443695
3619469
3424229
3476665
3449851
3115841
3471453
3251873
3439874
3830722
3429536
3398659
1930968
1984173
3399645
3445005
3257202
3474619
3742002
3388730
3425189
3253004
3299967
2944487
1912642
2987975
3885719
3410238
3374267
3170874
1815545
1969039
3477813
3644620
3182216
1944964
3107631
3869841
3516099
3439791
3464288
3190665
3644510
3184517
2983457
1726724
2981841
3837991
1772747
3869427
2915195
3554970
3679459
3663455
3036246
1916346
1921397
3330359
1733820
3424000
3116536
3054676
3401476
3330188
3201944
3196805
3505978
1740199
3007426
3623483
3049943
3656558
3353849
3003210
1923149
3398755
3583389
3401282
