2987993
3269221
3253888
3347307
3310292
3807882
1864532
3541040
1850668
3350970
2864440
3865362
3592969
1925206
2617084
3478553
2554442
1915103
2524082
3011201
3033963
3216652
2514809
3503537
3347884
3704137
3493847
3439800
1811748
1793748
3208079
2571762
3176081
2931543
3000573
1821603
3269827
3534447
3611895
3347250
3424117
1940802
2056591
3803828
2032045
3033759
3484941
1919341
3596948
3189472
3310224
3064676
3585484
2719567
3864096
3467972
3259310
3102946
3238958
2546187
3082864
3529060
3391010
3838838
2935491
2983661
3517541
1915921
3389404
3288048
3426097
3636438
3155438
2594847
3316844
3459906
3503723
3632845
3451297
3627072
3432395
3483397
3457697
3122222
3477970
3258463
3450233
3837782
3436397
3406421
1938686
1991417
3406958
3452002
3264786
3480603
3749636
3395985
3433686
3261701
3308978
2951691
1919414
2995667
3893779
3418492
3381407
3180658
1826721
1984105
3485102
3651387
3190391
1950670
3115503
3877550
3522576
3446432
3471654
3196384
3651567
3192053
2990764
1733662
2990755
3845563
1780467
3876266
2923069
3563994
3687991
3672743
3045114
1925357
1929663
3337561
1741142
3431079
3124671
3062287
3408013
3337680
3209606
3202438
3515595
1747818
3012974
3630860
3059291
3663972
3361708
3010444
1930377
3406684
3591152
3409690
