969209
1101761
1040254
1054181
1124779
1008800
978158
1025701
996900
964236
1024487
968947
1015827
1084271
994075
978298
1011215
1047977
974116
978526
997353
1000155
1021660
1009921
1081345
980607
1008750
1030441
972229
1014903
996887
979017
1015532
1025864
963819
991755
982310
1008799
1045299
1080918
1015613
1008422
1083340
1005408
978714
975520
1015004
1009568
1059997
1047481
978864
1010175
992051
971003
1053250
1033306
999322
991937
1104638
1000237
1062636
1067760
1106641
1030674
1032539
989162
1008031
1051693
972511
1023523
1045631
1044694
981793
1056187
1003490
1016240
1024493
1013976
1006089
1048219
1036141
997698
1029699
1027189
1043675
1032854
985040
997631
1034914
1010368
997935
1059462
1021990
974153
972346
1004413
1030327
989846
1025824
1037260
961766
999502
997395
1018748
1016512
1067002
1005498
1013863
1047773
996542
991774
1067266
1011033
1007230
1041458
1084919
1000833
1057102
987113
1047075
1036250
1109823
1058444
987229
1007917
1020048
1016329
990757
1012758
970170
1022434
1009495
1080052
1012028
1069929
1043763
981495
1025200
1047388
1024576
1024144
1037716
1017656
1012158
1100238
1016874
1005892
1024441
970676
1073285
1003064
1063770
973956
998127
974341
1002655
