990861
1141622
1061646
1076259
1142460
1044736
999905
1051378
1017630
986011
1046922
989681
1037364
1106423
1016874
998310
1033735
1068385
996500
1000807
1019444
1021543
1043671
1031699
1097983
1001338
1033710
1052496
993732
1034663
1018690
999747
1037255
1046445
984841
1009197
1002830
1030484
1067009
1101853
1037245
1029984
1102556
1026019
1000215
996902
1035782
1029646
1077515
1068994
1000823
1032179
1013238
992658
1075185
1054033
1020388
1013307
1126037
1021135
1083141
1083743
1126623
1053650
1053226
1010084
1027748
1073921
992837
1046401
1069720
1066875
1004098
1080259
1023770
1038301
1044709
1034093
1028405
1067963
1056310
1018043
1050086
1046630
1064574
1055449
1005782
1018394
1062431
1031180
1018998
1080941
1040566
993776
993095
1025801
1052497
1009386
1047490
1058632
982968
1022071
1019590
1039338
1040557
1087534
1027073
1034401
1067920
1018672
1012470
1089186
1031558
1028818
1065449
1104667
1020924
1086570
1008465
1067752
1059095
1130104
1078555
1008273
1029293
1041900
1037903
1005162
1031967
992433
1044451
1028682
1101256
1035870
1091978
1065682
1003841
1040443
1069079
1048907
1045799
1059045
1038528
1032258
1121345
1034226
1028296
1044559
991786
1096721
1024941
1084837
996658
1019121
996474
1023383
