3656449
3622101
4039647
3709140
3737785
3397001
3424220
3609888
3635374
3524939
3647746
3509899
3496814
3479255
3380583
3365973
3366566
3356577
3472317
3438845
3488042
3435403
3327389
3459041
3396982
3435508
3376942
3375019
3475337
3410840
3338202
3397321
3377054
3344387
3358631
3425939
3413191
3445185
3383430
3381310
3468846
3389221
3398922
3372516
3350683
3440438
3442319
3407067
3385166
3381981
3374028
3378936
3424950
3467203
3388718
3402943
3461717
3402675
3340858
3450712
3383222
3404884
3365246
3346561
3346632
3394311
3385016
3410722
3331901
3368318
3479271
3419908
3441607
3420122
3374567
3367511
3371008
3356731
3449054
3360668
3414876
3365353
3409041
3469789
3361731
3531219
3396119
3377004
3366394
3519563
3392881
3427263
3486455
3410422
3372672
3435435
3420993
3446680
3364406
3469025
3452771
3374548
3370101
3425364
3441208
3399278
3342195
3358453
3368698
3444027
3368358
3430687
3351837
3343831
3495317
3360565
3351783
3367768
3405713
3437507
3354830
3355956
3317048
3416445
3344598
3389163
3476853
3358700
3407366
3398908
3473799
3482697
3378801
3378200
3455471
3350210
3451100
3402085
3350834
3355829
3374323
3362863
3479153
3480872
3349754
3376144
3397907
3394822
3367483
3409052
3360423
3372727
3400634
3371100
3368508
3408384
