3682565
3630816
4047815
3716003
3745807
3405130
3432048
3617893
3644038
3532575
3656190
3517399
3508049
3486714
3388437
3374058
3374583
3365087
3480424
3446543
3496272
3442497
3334996
3466900
3405292
3444086
3384916
3383189
3482944
3419379
3348274
3405948
3385441
3352260
3366305
3433823
3420702
3452923
3391711
3389124
3477244
3397465
3406867
3380031
3358737
3838996
3450200
3415421
3392702
3390064
3382419
3387772
3433347
3475514
3396769
3410608
3470187
3413125
3348651
3458902
3391419
3413256
3372600
3354061
3354444
3402253
3392995
3418722
3339800
3377170
3487695
3434925
3450990
3427995
3382276
3375917
3380026
3365655
3456827
3367887
3422633
3373066
3416399
3477206
3369194
3538625
3403664
3384895
3374673
3530450
3401184
3435240
3497602
3419080
3380513
3442758
3428409
3454540
3372447
3476858
3460902
3382288
3377917
3433187
3448631
3406736
3349822
3366274
3376496
3451273
3376618
3438251
3362964
3351722
3502977
3368218
3361226
3377347
3413861
3445588
3362680
3363791
3324965
3424086
3352089
3396199
3494738
3366462
3415220
3407154
3481709
3490644
3386316
3385423
3462819
3357953
3459246
3409763
3358955
3365173
3382862
3371028
3488038
3488713
3357499
3384069
3406131
3402492
3375554
3417493
3371754
3381981
3408985
3379220
3377610
3416506
