280571
247843
324070
228639
288852
330059
342420
262404
263138
238058
276956
239357
383243
647776
1262966
1342151
403825
235918
703952
862712
440566
298849
558224
664466
691005
803694
709736
774797
888547
640985
671951
726121
660852
488799
583918
784973
1154882
981278
760171
920825
746715
356026
553316
530898
683650
472237
744747
720129
931904
1082170
470841
642702
489256
452724
460143
809127
355487
274182
670661
559569
507900
438559
516415
436646
487018
806282
255387
250313
303913
490496
299037
277078
468426
475245
561590
709132
434432
492476
449122
344095
362943
706153
412579
324785
667271
472957
698435
802139
455677
638278
727442
436705
734027
673133
359958
747153
883760
614468
537228
450490
395081
798231
808895
477027
704525
605277
579844
709200
737110
932714
563931
741800
318787
793115
516006
287037
538848
320946
418500
463017
658227
764606
483125
731821
441850
395012
369990
363397
350858
383990
381925
629531
530337
391117
589325
322635
417695
426940
279389
447324
422283
769341
254746
642888
426556
407859
435159
298315
753609
764172
484863
431001
389422
688841
585278
642865
