294533
256553
330938
235638
295151
336787
349406
269432
270156
245928
284573
247542
394179
655260
1270610
1350540
414103
246889
709931
870906
447620
305217
565060
672420
707638
808253
723833
780621
894989
652435
683845
734116
666456
495023
588910
789707
1161128
993738
773086
933502
756446
364454
561141
536235
692160
477515
749552
728611
944798
1086870
477688
649989
500883
458550
471608
813739
361145
290511
678569
571352
514897
445536
528756
444386
492448
813157
263718
256857
310992
497133
305952
283352
479987
481529
566733
716937
440264
504447
456620
350750
372968
712735
418481
338782
673587
482067
705531
811833
461122
648954
736477
441354
743760
682549
365046
753567
891044
619096
541468
456911
403782
803519
815556
481746
709761
617413
583871
714690
742543
939493
571255
747435
324664
797356
520413
295742
544262
328644
425844
470557
664363
769280
489673
737704
446969
402185
375830
371363
357023
390254
389098
635931
549216
397037
596428
333638
423334
440533
286482
459712
428233
774489
262967
648936
431323
420682
442110
305496
760230
768820
489879
445226
395088
696511
590273
648948
