120794
116120
109253
114736
125815
115488
114904
115791
132755
117158
113296
128173
130424
125784
127477
126121
114984
133106
128721
121535
109806
105802
126898
115047
111154
123268
134423
130536
173353
109438
113843
136951
101612
109077
102830
107104
129862
116418
112307
136983
131198
115435
128206
114261
119960
123440
131049
112139
111554
107492
110896
105380
122830
128034
118743
145457
128588
126008
109833
107650
113489
112641
114369
105937
102404
119139
110822
107509
115593
118119
135987
114182
106411
126915
135759
123701
123506
132552
102957
116019
116349
111738
143277
106039
104520
118733
118352
104538
108074
125766
115614
133877
115530
123064
109913
142527
111855
133836
111478
114026
126938
118635
114665
136508
111188
110044
110610
111465
137415
125521
123521
106750
115382
123379
148642
115441
108842
102856
113667
116439
154256
118255
122669
121394
123724
116026
117124
115774
107318
134979
117723
113121
104724
110570
120824
106224
126164
117767
146998
131135
128680
156143
113627
136626
120055
135103
110512
129374
125884
114893
132554
105555
108337
118713
128969
114987
