144971
124915
117381
124390
134933
124143
120941
123941
141203
125665
126222
136963
136964
133043
137650
133466
129497
142434
136725
128700
116807
123817
750542
121807
120436
130787
140290
135953
179780
118253
119961
143525
107458
120616
109240
114364
137279
126175
118058
143973
138347
125061
133745
122169
129137
127857
138992
117073
121378
118411
123557
111623
146353
133589
402548
155181
138498
132477
122002
113730
123227
118058
122401
114958
111711
127969
119242
114355
125176
127094
142479
121693
111153
138327
145072
136375
131976
140859
111924
122199
126016
119471
151623
113293
112920
125560
126360
116499
113561
131120
124713
140749
122771
133120
114672
153472
120792
140120
117906
120644
135818
123661
120817
141692
117939
116564
118693
116513
144764
132326
133290
111536
130101
133415
154509
120889
120617
109928
123073
124538
161103
125888
129951
129722
131111
122418
125711
123448
114755
144248
126631
120793
111730
118796
127623
118244
132799
127296
155697
139692
143627
166805
122392
146850
127860
141910
117520
139886
130661
120894
136989
114548
119662
124447
137625
122862
