73414
65844
75527
84620
85821
48608
68218
77343
73118
44973
77416
73673
46968
52372
70828
54822
75315
74448
82004
69630
53840
60587
85312
47078
79967
94998
45043
69794
98862
39738
80986
58593
77405
79819
64679
101221
61726
78489
63593
59917
115515
110057
69099
73014
53249
66856
60832
80008
72848
89020
71039
48915
68866
67346
65564
87656
74772
85168
74486
94460
57530
78763
102640
81959
68563
68116
85710
61345
88836
47451
73031
62936
68666
58803
70355
48289
72395
91687
43199
80309
50389
41278
78814
50296
63054
86338
76254
76887
60162
95743
45374
53901
78282
68988
66480
71108
61969
74848
90968
81936
65863
97774
55877
37012
75465
69109
76220
104850
59769
70467
116813
68874
100101
69817
78024
77301
67400
46460
60767
73242
67792
66733
38517
60636
75758
67335
94033
62125
81443
66110
69795
34506
65869
66858
92456
73195
74548
72861
64450
57831
74896
58727
70373
57263
78056
46427
41069
77652
81748
50281
40188
80926
83005
61770
65223
78344
