99537
74525
83679
94370
95482
58194
76188
85332
81838
54505
86620
86066
53722
60232
79093
63024
80573
82666
89688
76489
62590
68934
92204
57065
85635
100895
58598
76093
105702
57069
88272
65268
82746
87881
77429
108535
72001
83202
69016
65466
123276
117550
74971
78316
63293
75829
67667
88246
87184
100624
77096
58439
73446
74999
75439
95156
83223
99525
82066
102176
63772
86791
111317
95136
81656
76115
91607
66764
105180
55961
81201
69394
75017
67970
78442
57068
78474
102322
50197
93003
57961
47763
85863
57198
69423
91694
88642
85899
66395
102278
426320
58435
84308
74843
74857
76698
66273
81276
95825
95478
73936
108435
63042
41911
90282
74637
91306
114951
66421
77241
127583
73857
524743
81318
82796
87291
74439
57277
71804
90095
74014
72674
44763
66929
82381
73177
100107
69869
89594
75280
76789
41268
73251
73902
100492
90603
82065
79856
73344
69551
83876
68675
77174
63524
87694
56847
48806
88537
90263
60302
46253
87458
90227
68457
71916
86130
