1713189
1743240
1757445
1750728
1784076
1714521
1635795
1681255
1726873
1789359
1741346
1666675
1811418
1706298
1700649
1698850
1646995
1542175
1673034
1614097
1600843
1754657
1708132
1670299
1777867
1727891
1730334
1745174
1705265
1749472
1616892
1596679
1647248
1751457
1640319
1661108
1752828
1713886
1733539
1658847
1607788
1778317
1673315
1707133
1724305
1708106
1670881
1625481
1687449
1702869
1733131
1684648
1690083
1675363
1613622
1638750
1711007
1599999
1680028
1612211
1654910
1595378
1606983
1645094
1655820
1595094
1660168
1574703
1577063
1651359
1638941
1600067
1654543
1753061
1691150
1627729
1685712
1654844
1661603
1632238
1786895
1617163
1649009
1688057
1752336
1752191
1650902
1720603
1646468
1569259
1726230
1624138
1604182
1724682
1533795
1664824
1656304
1609810
1695500
1728201
1590889
1704400
1606773
1652775
1558458
1673771
1661510
1715544
1783133
1607945
1603712
1751074
1643066
1678537
1583346
1654479
1680603
1612235
1546860
1682980
1516166
1655318
1651688
1609836
1617518
1555973
1653211
1641632
1710996
1677413
1656166
1621489
1665276
1768357
1597536
1563232
1609506
1628077
1635823
1676246
1633783
1729864
1582460
1648405
1810293
1589036
1831075
1717210
1647053
1719221
1685488
1671135
1663646
1572051
1659932
1629583
