1745237
1759474
1768977
1760336
1794607
1731072
1651560
1693311
1739004
1797144
1753608
1679627
1818568
1713350
1715824
1711600
1661680
1553232
1679605
1623654
1614466
1765819
1717861
1678225
1787444
1738171
1752257
1754370
1713352
1758366
1628040
1603120
1656139
1762206
1658656
1672459
1769022
1726497
1741692
1668670
1618112
1784853
1684428
1717612
1739926
1720070
1687213
1634892
1701419
1712091
1740947
1693929
1698384
1694892
1622626
1646648
1725238
1607104
1691214
1622403
1672552
1606812
1618634
1653919
1673243
1604969
1672853
1601567
1592297
1675547
1648464
1610214
1669436
1764795
1707767
1638945
1693205
1664836
1672147
1641613
1794994
1626358
1660458
1696658
1763292
1761264
1660193
1729711
1657092
1574937
1737285
1629666
1615016
1734688
1539217
1672868
1670765
1622415
1702835
1735585
1604576
1711680
1616191
1660910
1567420
1681395
1670423
1723369
1791226
1615323
1611259
1762583
1650950
1687271
1590838
1662297
1690596
1623309
1555114
1694898
1525457
1665168
1659004
1616718
1627039
1579598
1662864
1786488
1723911
1689361
1675149
1640595
1672965
1780566
1605503
1572572
1618853
1636446
1646595
1684873
1642810
1745644
1597398
1659656
1816786
1597684
1839865
1726931
1655254
1729628
1693695
1677241
1670197
1581035
1666843
1637080
