128619
107748
107345
118927
73926
108030
86141
72414
80359
82662
58837
69003
70051
95276
57870
90363
84887
83752
79833
79995
90017
90403
111141
82423
97679
124981
111541
97648
104635
93271
93037
105093
98050
84717
101805
86703
104144
88009
110393
83704
105310
103011
88062
96348
99267
102819
116529
98020
104636
96036
76828
118225
90604
96983
81562
76937
94367
117993
88034
92120
113035
113067
99829
82809
101924
90466
99588
90241
94907
100521
83837
93456
98717
109519
99190
78838
97482
112640
116105
96699
98292
109348
93174
108516
90281
81778
114006
89302
103316
118513
104644
93523
96321
111086
108416
115375
92158
112572
89181
79937
101240
105681
93371
99541
101326
96498
65059
98699
83649
93365
102026
101227
107008
110343
100752
105719
125322
96990
90624
89720
108328
100181
103365
97495
96654
78063
79971
98785
114176
83180
105343
103659
79004
77090
94079
97058
91346
95285
114598
96822
81992
92944
105142
103207
88650
107736
94814
105736
101261
98616
100653
88182
114967
97641
109214
105669
