169562
156084
143185
152049
107429
139384
118538
104933
109535
115344
93108
106405
98198
115343
73522
130471
118706
115980
111192
122122
122862
117421
145509
115421
122788
158745
145041
128448
140842
122688
134495
137690
129860
120474
138141
122224
123073
118644
150028
114930
138585
137287
107660
128710
135595
142374
142120
129968
129422
131011
93991
150012
126511
118226
108378
94654
127094
148219
120142
123666
131212
132004
125205
114734
137374
122449
134143
121795
115150
131547
119305
121901
123680
135572
131922
106040
127735
154293
150960
126524
126133
139151
125644
127486
107084
113902
142361
122542
126680
156707
137785
125708
129367
138474
139123
139573
146854
144693
120574
98108
134621
133017
131306
129771
133231
129996
95141
131883
130551
125098
133660
140388
143376
139955
133663
135745
145383
124763
119821
121533
127914
123418
139821
121919
126706
110154
116748
132216
147511
115491
136524
135168
97715
104768
127009
129982
127476
127117
154039
128602
115911
135166
142899
130779
110542
128882
128317
127723
145982
129069
139612
112945
149594
132411
144473
137702
