3631757
4036963
3916839
3788694
4401572
4380318
4102617
3542148
3942446
3877987
7056708
7076747
6672140
10355141
12556159
14604169
15877188
17833935
20925898
22419334
24422682
26646624
27570373
28367172
29291892
30015030
30002403
30004627
30003862
30002562
30001396
30006651
30003153
30005329
30002358
30005685
30003547
30003823
30005164
30004234
30000701
30003201
30003118
30003778
30006473
30004103
30004380
30002231
30001581
30003053
30001648
30003705
30003481
30006661
30003375
30003221
30002668
30002068
30002992
30004304
30004119
30004220
30002328
30002601
30004175
30001852
30002624
30004621
30002919
30003739
30001945
30001905
30006230
30003592
30003171
30004294
30000881
30002467
30003083
30004222
30003113
30004095
30010717
30001399
30003887
30000009
30003849
30001804
30003019
30003191
30002707
30004267
30003841
30004511
30003987
30001931
30004170
30005885
30003196
30005007
30001123
30004147
30001300
30002236
30003088
30002799
30002905
30004274
30003346
30002294
30004956
30002009
30002627
30004020
30003542
30002772
30003748
30001884
30002436
30002734
30002291
30001543
30002296
30003112
30004407
30004048
30004178
30004257
30003592
30003375
30001638
30005434
30004634
30004590
30007008
30003273
