1458051
1432800
1294129
1347031
1351045
1437622
1223759
1348310
1212096
1312495
1489170
1362265
2118667
1764987
2117234
1636955
1831539
1735397
1604667
1631993
1764356
1622320
1583190
1836576
1869767
1839965
1877389
1613777
1857452
1881814
1847963
2090600
1506502
1640525
1704699
1887789
2096803
2155088
1936917
2199320
2003869
1836129
2044423
1624044
1948973
1683810
1826890
1734774
1999737
2140616
2369855
2124181
1834982
1998094
1766015
1877215
2065843
1789176
2075756
1893135
1716174
1594600
2016679
1795454
1654276
1862240
1655714
1879181
1698658
1795732
1824740
1654281
1774149
1907576
1919853
2076440
1862473
1719451
1992533
1636634
1896873
1605844
1880039
1839376
2085168
1758695
2049218
2129059
1956144
1759064
1810645
1767546
1827505
1729993
1814134
1937094
1962039
1940264
1865700
1804187
1967664
1780029
1892678
1504257
1720133
1922926
1777787
1649300
1879192
1799121
2099566
1848253
1959339
1838051
1774102
1906390
1928464
1877339
1901863
1575391
1902385
1844753
2127435
1947797
1753493
1720364
1825601
1505416
1634280
1640602
1671208
1812339
1626029
1665661
1744194
1722740
1686316
1812206
1653156
1532798
1739538
1802213
1636832
1807981
1731831
1388803
1707634
1535853
1704777
1504897
1523863
1569883
1403696
1567696
1501405
1598324
