1484843
1439891
1304088
1356668
1359590
1446891
1232260
1358332
1220230
1321333
1497353
1374631
2126445
1772661
2123567
1648365
1838596
1743746
1612737
1640747
1771240
1630921
1590754
1843718
1876849
1847970
1886206
1620871
1865928
1887343
1855446
2098666
1513788
1648499
1711338
1895339
2104420
2162554
1944455
2210914
2011226
1843251
2056728
1631405
1956166
1694011
1835656
1742328
2006954
2153219
2376304
2130947
1843075
2013462
1773439
1884934
2074885
1798920
2082458
1900571
1721441
1601960
2023540
1803106
1663464
1869655
1663062
1887029
1707487
1803454
1832011
1661397
1780977
1915597
1926603
2083836
1869092
1727675
1999560
1643532
1904239
1613462
1886476
1846603
2091972
1766653
2057815
2136044
1964690
1766455
1817774
1774909
1834989
1736875
1821772
1945094
1969220
1947909
1872616
1811654
1973949
1788015
1898604
1512264
1729139
1930013
1786068
1657891
1883852
1805661
2106449
1856570
1966232
1845231
1779989
1914068
1935374
1885262
1909604
1582081
1909608
1851188
2134725
1955432
1760897
1727962
1833437
1513067
1640845
1648172
1679309
1820600
1632676
1673968
1750729
1729789
1692572
1819543
1660691
1540458
1747612
1810661
1644330
1921004
1739072
1398049
1721252
1543387
1711125
1511271
1530446
1578164
1410495
1574552
1508952
1605305
