21378
35016
38272
33518
48077
38180
36418
37306
37239
34205
36962
40525
42459
37462
34865
29758
38649
34853
33752
35987
40033
53600
34128
45131
27600
37958
30027
36913
44694
38032
43840
35945
34220
39568
34435
34516
36182
42232
44512
39042
39486
39763
33889
35048
37903
34841
52645
36428
37815
43476
36981
36382
34610
36789
37829
27549
37615
35358
35416
33353
33702
40529
32356
37488
37669
36285
38109
40476
27170
34734
38799
33814
35331
37128
37721
36813
36705
34994
28982
34742
36770
38017
37749
29997
36438
36739
34728
31410
37126
29380
38295
44134
34755
36940
40495
35970
35188
34341
36427
33734
36869
38007
36276
35081
34717
38208
34392
35139
36309
34925
36077
25986
38225
35272
36419
38182
38259
34493
43183
37199
36949
34280
39032
34628
36816
37844
37270
35882
34003
34076
38071
32536
46110
38477
35010
36696
36288
37159
36933
34862
18287
37462
36005
35189
32063
35114
35145
37138
35405
37326
38608
37777
37521
38709
36013
38223
