30221
48720
46860
41386
57283
45897
46722
47431
46254
42303
45879
48918
50018
45785
42037
37861
48617
43106
41595
44801
48471
61654
43159
54673
35812
46068
39312
45293
52104
46353
51185
44677
42550
47998
42152
43136
44418
51036
53106
48211
49030
48249
41436
44508
46414
43956
60960
44879
48225
51551
44538
44490
42522
44822
45970
37411
46229
44143
43627
41543
41512
48540
40441
45382
45721
44850
46471
48661
35437
43120
46742
43883
43592
45402
46016
45284
44831
42231
36986
43101
44636
46021
45565
37971
43772
45217
42153
39899
45306
37732
46111
52757
42852
43992
48517
44707
43830
42857
44649
42241
45086
46268
44585
45081
43196
46494
42416
44949
45300
43226
44368
33859
46084
44711
44695
45895
45608
42958
51564
45094
44907
42214
46831
42101
45316
46163
45350
43829
42078
41978
46184
40218
54334
47359
42861
45025
44517
44953
45172
42999
26191
45115
43862
42495
39385
44719
43627
45978
43790
45013
46732
46112
45103
47543
44262
46197
