208922
340273
229668
228148
244074
216005
217117
209613
214149
203788
229591
283008
260439
235508
225381
232189
215023
226488
246878
251466
197943
233244
236632
214414
301473
236155
277072
218930
218375
296446
200483
204673
199401
243704
213368
204372
204869
232253
258641
228108
213556
236889
221919
217267
257794
253132
229573
223196
225101
259762
203467
206634
210855
237832
228242
226400
205985
221461
246248
267540
241523
213975
236099
227059
201388
273719
240309
265285
185984
245782
276638
214835
228653
238410
248721
224189
228477
224539
237380
240708
260032
215146
201818
213007
259891
237593
268839
254030
225868
214545
234166
230348
277550
208110
213939
281517
235498
215234
231733
317846
225689
228116
221919
227391
230832
213014
283743
246171
242276
286886
230166
228607
251955
227711
256336
234658
220825
266353
241709
239620
247196
223351
269477
222290
290988
240117
227683
244460
249677
259644
213883
269062
252610
223655
255214
247616
252354
235991
224135
212913
219418
264036
230475
219870
395378
227289
313970
222350
234145
209058
235015
201057
247563
233024
229143
267772
