213622
354450
238063
234143
251455
223349
224240
215977
221308
210872
236815
294114
267473
242744
232230
239330
222088
233667
254231
258748
205187
240850
243654
221292
307681
243395
284140
226638
225824
303233
208590
214018
206193
251148
221116
212682
212104
239719
265975
236088
220601
244683
228915
224815
264690
259805
236952
233644
232984
265923
210327
214513
218012
244411
236637
232937
212704
227962
253611
274609
248189
220424
242981
233768
208140
281816
247439
272796
192318
253042
284551
222014
236432
245463
258312
231153
237017
231525
244735
248370
267494
222856
209176
220243
266280
245114
276026
261334
232993
221735
242298
238304
285610
215165
221009
289316
242274
222196
239897
323987
232866
235866
228957
234057
238212
219598
290723
253513
249320
295595
237399
235709
258720
234181
263762
241248
228121
273567
248878
247081
254712
230988
278014
229544
298362
247747
235341
251502
257368
266661
222712
277458
260340
231061
262436
254811
260530
243531
232290
220341
226643
270873
237425
227510
403076
234955
321316
229271
243660
216426
243591
208977
253887
240467
236460
276130
