759339
742645
747599
807594
764897
825966
754717
744068
798128
742185
764768
803579
810814
788709
761275
740438
787310
757006
746226
756422
754957
751387
749480
784723
899884
763270
737490
761150
738150
735169
928015
729505
752808
789201
749917
759439
744080
749937
755140
761452
789661
763794
763147
793803
785641
743815
796117
755396
762190
744258
743917
759762
740724
754202
815506
739687
737363
768238
749718
754755
876138
790277
755586
744971
751104
805335
868131
759711
784918
785073
762204
747327
759183
805599
763455
751145
751570
749056
778443
748519
729556
751861
769771
749518
893444
775795
801139
742735
772497
768290
828596
760610
801970
735227
773315
742822
755760
768215
745549
723541
764257
790340
732412
750032
741981
771138
758351
738697
769407
739841
735118
779417
775517
783124
788312
772384
747167
833556
742519
755766
772289
747019
747265
750463
759425
754853
760260
796773
751369
763885
808635
746629
822683
801107
755148
778861
774908
740295
899180
769733
790437
758369
773780
745527
912223
743013
777597
745137
774371
752404
744266
778668
724523
747535
796334
743507
