767812
769150
756988
817036
776559
835287
763734
754253
808556
751348
774384
814990
819528
796681
769767
749496
795742
765913
756507
765654
764604
760403
757862
793961
909210
773764
746404
770464
746944
745975
936499
738005
762463
798643
758992
768451
752980
758701
764673
771288
798305
773073
771563
802620
795021
753788
804697
764550
772492
754397
752840
768584
751006
762697
823782
748612
747090
777866
758429
764720
885100
799491
765941
754105
761489
814308
877564
768746
794503
794348
772693
755948
767869
814406
772806
759472
759097
758790
786305
757618
737893
763673
778588
759873
901765
784722
809944
751738
782338
777715
838746
770077
810070
744769
783530
752431
766622
776931
755069
732845
774838
799393
741265
758601
750743
779188
767280
748393
778392
749192
743715
788572
784512
792584
798448
781121
756099
842865
751253
764838
783744
757321
757786
758927
768074
764278
769070
806606
760658
773175
818391
756997
830699
810459
763963
788524
783992
751091
908135
779481
799956
767482
782372
754835
921843
753021
786217
754464
783765
761665
753790
788485
733224
755641
805358
753041
