2186669
2282032
2441228
2481967
2392432
2537985
2376853
2295778
2324885
2520847
2286685
2106660
3527382
6638823
5683960
5403339
4183714
3369661
3528779
3391895
3334963
3494725
3156318
3621805
3369283
4231644
5617594
5577475
5989023
5253650
4797466
4554015
6775227
7526945
7444956
10946582
13127455
14244769
14586731
16170040
16201526
16756001
17355573
17880217
19709856
18833270
20064520
20239297
19770118
20196599
21310974
20647208
19977083
19094205
17480252
16677003
16356056
15084697
13600350
12733739
11463817
10430097
9360650
8195738
6872053
5265289
3824747
3841211
3730986
3380908
3580714
4634728
4004884
4523523
3878325
3661261
4564051
4572062
3971641
3730468
4264011
4305796
4255730
4668483
3778673
4746980
5933303
7060248
7772705
7519056
7544898
6253227
6093592
5997163
7733198
7583129
6140625
6983466
7272326
7330381
8693238
8164280
7669687
8465625
9868476
9583383
10075962
10612193
11041910
11107869
10250684
10147126
10074742
9829943
8764865
7125939
5938594
4582668
3316877
4549301
3970361
4044253
3612737
3678819
3141956
3676983
4052480
3836202
3580228
3466008
4002001
3474493
3648685
4442269
3360102
3279511
4274573
3489904
3661102
3790392
2846946
3821527
3793194
5330160
4431853
3552600
4524927
7033963
8349836
9576364
10403365
10563088
11265421
13632396
