2210047
2290754
2448322
2489070
2399237
2545941
2384219
2303180
2331849
2528748
2294827
2116551
3533903
6654010
5693496
5413186
4192272
3375661
3539325
3400653
3351013
3503330
3162845
3636567
3384045
4251124
5622894
5583833
6007787
5265729
4802863
4561455
6786407
7532229
7455126
10958473
13136433
14251421
14593127
16174650
16212780
16768121
17360706
17885691
19717213
18843773
20072922
20244137
19779074
20206990
21322258
20652582
19985851
19102913
17490097
16682153
16363075
15103346
13606274
12743783
11470358
10435437
9369282
8205030
6879500
5273779
3833122
3852638
3740305
3390921
3588733
4640639
4013175
4530446
3883479
3667243
4575100
4578298
3982159
3742744
4272828
4321324
4263200
4677851
3786600
4756398
5938622
7072925
7782526
7523641
7550939
6293312
6101971
6007883
7738738
7594309
6146459
6989174
7278802
7336711
8700273
8173794
7675870
8475123
9874629
9593702
10083566
10617962
11048686
11122912
10263058
10151595
10084978
9835450
8772890
7138488
5944169
4591875
3321791
4553798
3978188
4088479
3618821
3692127
3152538
3689201
4062648
3843067
3588722
3472757
4009595
3480106
3658219
4451924
3375389
3288261
4284089
3498175
3667277
3797174
2853714
3835403
3806788
5346817
4438594
3562153
4532105
7038875
8356689
9582171
10408397
10568890
11273492
13643174
