58243
52046
46915
44262
44153
59318
46931
43633
61933
46158
54109
62110
29703
45138
55288
45771
60684
44567
43066
53627
48708
44921
47741
44988
45591
60290
43332
47836
48153
56931
45603
46713
57507
45155
56382
58322
42855
61909
29264
50173
60134
43533
46040
52140
37452
58546
49036
44009
59350
44838
42031
57558
45846
44947
57537
45359
58604
45722
45419
61075
43609
42232
59624
45512
55448
51091
46961
60463
29702
50720
54069
43747
44943
38099
46582
59006
30808
45190
46875
43805
59776
45186
46393
58547
44736
45831
47796
45338
57488
43831
49583
59221
44131
63865
49092
45464
59491
46314
63607
59636
47296
47784
46387
55346
46479
47010
62490
44269
57132
48354
40511
63000
43495
48868
61764
45470
57921
47503
43525
59009
31751
46097
51851
42951
47503
50031
58959
46890
55849
49285
45085
63017
50448
45532
60219
48871
50078
59299
46987
46102
57140
32182
45966
45824
42210
57822
45049
59917
44037
44424
57997
45346
51569
56334
47249
58991
