66140
60289
56475
53139
52894
84163
58726
52914
70734
54893
63143
70513
37312
53771
63257
53492
68958
52866
54063
62723
57562
52969
55657
53702
52703
68810
51603
58707
56718
69091
55758
55320
65899
53693
65151
67969
51462
70367
37775
58731
68302
53153
54784
60292
47022
67837
57650
53847
68043
53733
51779
67394
54531
53459
65914
53931
67078
53561
54168
69779
51454
50279
67650
54741
63686
59684
56118
69301
38287
58837
62018
52679
53228
47814
56333
67038
41569
53220
55328
52936
68182
53321
54653
67008
53181
55580
56428
54017
65722
52626
58078
67549
52806
72545
57398
53566
68369
54149
71764
77966
55203
55779
54543
63653
54074
55796
71054
54385
65695
56802
48761
71391
51354
57724
70041
53574
70621
55732
56076
66886
39111
54698
59282
51547
56197
59126
68225
55241
65846
57595
53451
71180
58185
53209
69022
59229
59038
67622
56173
62135
65450
40259
56570
55132
54943
66398
53102
68701
52083
52621
66525
53712
59981
67314
55441
67544
