844156
831482
722300
771929
891256
784876
819983
765703
694193
752611
757664
805140
1571480
756165
1552105
1553613
1546940
1077479
987956
785730
1009880
803794
842842
906036
1130525
845112
1182753
908708
911434
908528
891511
823556
905104
968085
890421
831223
1213339
898651
1225357
1105682
1200504
1035907
1065066
981284
1032332
1000828
1001080
978372
1239577
983283
1027192
842053
1019907
1000910
1046807
1151335
1027337
1267917
1018781
874785
934833
782262
1181867
972291
826501
1045315
1262401
904930
910316
849731
857848
961136
1019432
851920
1108037
827896
827284
870061
1136045
808277
1090287
841199
824225
942550
1222195
875585
1283794
1044219
1103837
1122487
849957
800147
1049911
826004
732543
1148720
1020325
843653
1171600
818939
1137110
1165885
956531
869345
940227
795409
851186
1060860
1367316
856956
1270202
825589
959616
930605
1265838
1393495
1167880
817338
910109
883455
1201400
807615
1067432
819420
868815
835625
745795
791016
947094
856549
802126
994789
1152894
779221
1124949
894009
745737
851576
890860
807603
843392
889531
854706
886190
1138790
904229
921152
755219
993697
842321
976353
820537
973550
850816
807258
818714
