855962
839043
732768
779205
898280
791742
827436
773637
702117
759597
765581
813556
1577299
763132
1558713
1558748
1553434
1085028
997061
793131
1015555
810729
849436
918619
1137429
851020
1192151
920617
918340
915859
897910
831213
912166
974869
903941
836955
1219451
905465
1231433
1113246
1206796
1040690
1071686
988389
1038490
1007641
1008341
987824
1261401
990980
1034460
847473
1026597
1007316
1053883
1158890
1035271
1277457
1025149
882679
940993
789204
1188105
978414
833155
1052089
1268346
911898
917216
861038
865187
968302
1024449
859494
1114092
836707
833608
876629
1142870
812799
1098681
847955
835305
949177
1233075
882348
1290412
1050565
1112661
1131867
856319
807383
1056004
833506
739294
1160819
1027344
851805
1177965
825708
1142486
1175193
964332
875881
946372
803850
858140
1067809
1374247
863371
1283141
832592
969641
936835
1271463
1400171
1173898
824058
915925
889710
1208744
814386
1073090
825617
874920
844053
751880
797652
952770
863084
809457
1001609
1157381
786726
1132162
901709
753179
857524
897025
816972
849453
896695
863691
896841
1143874
912455
927986
761718
1000801
849084
990228
826785
980109
855829
813724
825328
