424394
429651
417185
800232
429136
414597
452318
411737
450816
415648
408947
415483
402632
432731
421275
419199
420230
433753
460583
403810
449370
413505
412111
448738
463873
445057
416666
467736
435933
409136
426221
427574
492611
405834
439003
432661
470243
422615
451800
419102
450139
429547
418004
433957
427508
466729
471247
457125
486761
429982
488504
428723
410180
427991
455270
450632
451800
433832
415049
412975
442331
416135
414054
434680
443708
427720
439033
463791
462100
438735
433672
438477
438126
433701
466953
473020
453826
399113
434826
435097
442417
416789
427018
444793
421324
413561
441179
416760
421310
421909
446384
412228
490935
411306
449824
438337
409441
430025
488976
429640
448602
447812
415284
409340
418905
430258
446836
443049
432735
433260
502990
418876
441747
434269
429773
425334
406117
417947
442535
399713
415551
421239
418683
439016
449614
425835
431444
460079
449400
426967
410832
415953
426366
431288
457731
430905
418942
413003
411422
466930
443362
429300
420125
410434
421034
406572
523044
404117
421610
422199
443517
469416
440461
399871
443327
430317
