431878
447022
441943
808256
435517
424565
459721
420065
458069
423919
417354
426503
409471
438849
429491
426440
425109
440798
469483
415930
457457
422342
417895
455422
472175
450445
425504
473923
442212
414894
432328
436084
499827
414730
446388
450220
485519
431746
457471
424174
456092
443391
423566
449630
436860
476752
476160
465905
498919
437994
493298
556977
417156
434074
460513
457131
462325
440884
423429
418869
447555
424568
422759
440948
451188
438178
447164
475405
472732
444687
441534
444736
446524
440868
480450
477741
476020
407077
448150
441629
451850
424383
434654
450193
426993
422552
446286
426998
429027
433539
450665
419527
496971
418288
460619
450974
414601
436122
493463
440075
453753
451930
420355
424070
425511
437750
455671
448945
440299
437455
508566
426076
448684
440520
434962
436776
411919
424286
449852
406665
421592
426660
424998
454169
459903
434358
445206
471872
456656
436837
420975
423162
436223
438445
466543
439944
438503
421284
418887
474719
450988
435498
426799
418453
426519
412927
686139
414302
432105
428528
454711
475482
449127
411298
449709
439601
