3572966
3520595
3529328
3459227
3544276
3588353
3502920
3444399
3458051
3470797
3448659
3709353
3688023
3842901
4457815
3700644
3626041
3673500
3572421
3521690
3588968
3580784
3568120
3752806
3581537
3596882
3596538
3682974
3572860
3650428
3622746
3589964
3620711
3519747
3575066
3698081
3814686
3610256
3548460
3623816
3549590
3645788
3569020
3630592
3544614
3569202
3678029
3662341
3626120
3692919
3609108
3605321
3529320
3713181
3702929
3626996
3568739
3590816
3543508
3623381
3604212
3509704
3565816
3588517
3639262
3646991
3614254
3580587
3587935
3566292
3503749
3599705
3509046
3579445
3585864
3554723
3580198
3649855
3568155
3591149
3511894
3564027
3624945
3591814
3539496
3615634
3554031
3574949
3617622
3621707
3645547
3609015
3540181
3584722
3605476
3698814
3664044
3594202
3584619
3593319
3604037
3654940
3609396
3574585
3638774
3648186
3745934
3732650
3682160
3960599
3644107
3643245
3599935
3578297
3637397
3539270
3564940
3537106
3563357
3711603
3718804
3624199
3621748
3706961
3535890
3593712
3600764
4140610
3554123
3518934
3828058
3637888
3543192
3552763
3574554
3579410
3541533
3558752
3537377
3526053
3484766
3537536
3490780
3663771
3630908
3668137
3656989
3574375
3587458
3595327
3626413
3582460
3555327
3592783
3576546
3761675
