3581360
3528869
3539134
3467519
3552489
3601319
3511811
3452523
3467049
3478677
3457748
3717560
3694519
3854739
4463464
3711162
3634003
3678769
3580339
3533189
3621134
3589249
3575135
3772837
3599668
3604107
3611636
3690958
3580875
3658496
3627538
3603009
3626745
3525825
3582131
3704218
3873826
3620794
3556910
3634133
4100532
3657332
3720629
3639798
3550818
3579118
3685014
3667810
3633765
3704974
3616884
3610766
3539072
3720546
3709715
3634355
4005727
3598154
3548919
3633126
3610098
3515623
3575517
3595866
3645103
3656686
3620696
3591670
3595058
3576366
3513224
3606241
3514714
3587828
3591129
3561458
3590141
3658905
3578469
3597409
3519252
3571658
3641659
3603779
3550051
3622650
3559419
3580248
3639604
3642229
3657969
3616309
3546428
3593051
3611323
3717916
3680126
3599270
3590710
3599466
3609783
3665883
3617912
3581696
3644680
3663934
3753624
3740738
3688428
3979245
3650601
3648306
3609495
3587510
3650128
3546566
3574071
3546146
3570673
3722084
3726618
3637077
3628360
3717084
3548447
3601749
3606485
4154008
3564803
3529859
3836498
3646109
3550100
3558544
3580684
3586114
3547204
3564654
3544691
3534758
3491584
3545406
3511524
3673133
3640484
3676556
3971453
3579708
3593021
3609038
3634493
3590264
3560704
3598963
3585521
3769331
