22740
33980
31821
24502
31748
31343
27968
29079
31358
32921
33061
30106
27965
25637
20172
16732
31456
26543
30610
22251
23718
30898
31072
31986
30012
30888
16565
24782
26546
27954
17790
30524
24133
31425
33700
26623
14341
28346
34822
21916
30648
29059
31738
30482
29772
20472
25259
30640
27892
32409
23027
26321
31737
28232
15324
30207
26011
32134
24190
23762
26246
29776
18624
32860
31497
30691
27700
22811
29935
31158
25528
30733
24856
31494
21313
21058
25376
28738
24417
31333
34453
21669
24290
35719
16908
30661
21981
24884
29789
27288
33457
29282
29872
32006
31968
21368
31153
28203
14990
36354
25920
21389
21943
23532
17954
12011
30332
31773
31269
20215
32701
23638
30252
22706
27908
15262
32409
30336
27461
19071
27042
32503
29978
32385
23103
14243
29277
31442
26533
23230
29985
16084
25356
25491
29973
26883
26110
30474
30866
31565
22919
25457
30320
28177
30985
30951
26579
20603
30031
30234
27339
31812
23255
28669
23835
33369
