45470
42423
39658
36640
40289
42063
35936
37039
39627
41565
41805
38416
38759
32377
26456
28855
38173
33706
37873
29428
30663
37933
44825
39553
37313
38221
22996
32267
33294
35627
26373
37862
31892
37347
41685
33598
22580
35672
41699
28482
37165
36133
38474
37630
36375
26330
32577
39177
38298
40211
28389
34695
39377
34947
20724
36787
36126
40598
30271
37526
34012
38189
25508
40085
38948
38874
36243
31807
37785
39169
32555
38130
34409
40346
27535
27832
31950
36844
33213
38545
40991
29777
30433
42340
23535
37384
28997
32661
39740
34213
42631
38268
36510
38859
39649
29043
42199
35500
21156
43611
32716
27774
30524
30061
24739
18843
38913
40844
38016
27842
42158
30674
36452
29385
36115
22138
38394
37427
34060
30545
33782
39233
39282
38471
30590
20632
36300
41847
33743
30844
37466
22504
32009
33349
37230
34757
34237
39002
38327
39669
30582
33337
36841
36313
41842
38008
32554
27128
37069
37026
34813
40449
29801
36393
31700
40188
