113139
131611
114048
116438
117410
117555
118308
116900
117420
114478
112244
117095
110598
116480
129013
175342
120688
127137
115991
118251
116935
112778
118107
123501
112867
125138
119138
119752
134615
115869
116565
114216
111886
144233
120235
101497
130186
119087
119252
106703
108993
116387
123414
132808
136025
151114
107165
117959
110995
137069
115829
119128
108413
120046
119169
118040
115512
114429
120190
115487
109795
112689
107974
114005
117712
119443
113277
108386
118768
115964
116294
117821
118086
134277
133838
115587
118794
116794
139913
117751
110364
119628
119106
119110
134920
106762
122152
122520
116330
115972
114470
121443
116250
120464
116352
111116
113932
134213
121785
121753
123780
115990
118270
119246
99690
104066
114477
124871
109037
120628
114911
116343
122888
118661
114248
120186
108133
127746
121209
116074
117474
115333
119771
108179
116950
116030
115260
98914
120928
114090
116478
107554
107318
136309
116799
121267
114796
105553
114851
134298
106038
105044
118356
107322
116608
115459
120989
122726
102737
117322
113141
115302
103757
122062
118609
115860
