121337
155703
122426
125710
125907
127145
126229
125817
129590
122593
120753
125094
117520
124083
134987
182753
127952
135299
123089
125890
125723
120421
125929
130666
117952
132245
125842
126855
144345
122270
124518
121778
118970
157851
127472
108598
136499
125376
126523
113711
116465
123346
131912
139490
143625
157792
113819
125801
121811
143855
122996
125395
116672
176840
126722
126831
122448
120864
127244
122905
115450
120504
115681
122992
124898
128104
121163
115893
125482
123279
123562
125536
131203
142402
140593
121579
126025
123126
146704
124430
117337
127414
126883
133632
141611
115697
129350
129897
123041
123751
120839
128155
123049
127903
129099
117590
119535
141953
126946
129784
131265
125176
126740
127308
107279
111367
124119
131794
113794
128677
121670
122608
130454
125751
132092
126667
115407
134921
128281
123133
126460
122611
129072
114808
124393
125276
122284
106652
128390
121198
123718
115656
115023
143334
124274
128924
127686
112643
121916
142035
113762
111863
126565
113654
124603
124261
128678
134724
108667
125344
119240
122673
111250
133476
126184
124312
