4703089
4606348
4772795
4603568
4892834
4688408
4629213
4612543
4794841
5427932
5272466
5130341
5076335
5067047
5098339
5116354
4886915
5113414
4986694
5040301
5264668
5042129
5058966
4912425
4980933
5130542
5046464
5078144
5285835
5235002
5370501
5063412
5131335
5169727
5109653
5261368
5110797
5150419
5359006
5430410
5438216
5263386
5080611
5073798
5063451
5229617
5240513
5094600
5233895
5121463
5178910
5149853
5168406
5546034
5101952
5119056
5284155
4889458
5221391
5190834
5185332
5234444
4948120
5135073
5042947
5130781
5006931
5191444
5247607
5256796
5118192
5178891
4989541
5029021
5154065
4977060
5107315
5153209
5222455
4927780
5144580
4983873
4980816
4927057
5047785
5021482
5028266
5105959
5088276
5149141
5279079
5023376
5031927
5119452
5139266
5179753
5169578
5271793
5303240
5126104
5252582
4975612
4967563
5085084
5033187
5156092
5101585
4938382
5253636
4952297
5073200
4911637
4958114
4940703
4779617
5081744
5239413
4858714
5018424
4838861
4951977
4930179
4891003
4832312
4875705
4863845
5079815
