4753498
4660182
4835430
4668626
4947741
4738528
4680721
4666958
4854936
5485831
5322777
5171391
5119020
5122312
5149826
5170573
4940947
5149123
5044982
5096613
5299113
5093666
5106398
4965692
5032828
5172631
5094121
5137006
5336148
5279204
5406847
5100570
5176420
5211949
5144709
5310839
5166392
5199533
5414072
5477982
5478144
5305961
5142774
5128129
5120101
5277121
5306414
5134937
5292524
5164174
5217865
5204298
5215574
5583875
5148658
5168293
5343844
4938590
5264117
5235273
5250074
5276978
4997431
5195075
5100419
5182251
5069727
5244676
5304077
5325312
5154828
5224895
5059417
5078376
5210182
5048159
5155803
5189064
5279231
4973127
5195709
5037210
5029424
4964794
5100903
5073625
5088684
5149885
5139476
5201848
5327710
5088034
5078045
5175571
5195066
5229481
5216771
5327953
5356231
5169766
5305294
5028636
5021691
5140284
5086799
5200060
5168362
4994912
5303298
5010118
5125252
4983379
5009377
5001147
4828156
5135888
5295547
4891421
5069377
4891211
5001751
4973800
4954154
4878362
4911964
4913972
5135007
