752247
731895
738321
733286
720434
740051
758541
853337
750048
771596
799356
802707
798478
779776
742281
729764
709662
748781
714884
723112
713706
720324
742758
725464
767484
746487
764535
753106
722944
706348
796287
717526
703089
735123
742135
720722
758337
714498
738172
706037
721243
701150
719859
741378
758261
737468
718930
704630
719381
717650
707216
713649
748806
742585
768275
740167
787407
729625
777196
753797
792363
779944
760837
757920
765182
756989
798613
750706
727581
736322
768441
710308
764918
729374
703461
727008
717419
724163
749916
766231
782494
772507
744114
746730
765687
746960
770871
744038
735235
721587
778717
743748
744720
721064
777998
710196
746474
735676
737972
740464
730952
734495
767447
759443
765614
752470
758811
764730
750477
726564
738400
713854
716468
718118
736705
768813
713164
720907
783069
757546
739720
731814
729313
733220
742384
715225
736943
723752
730148
774160
709398
732496
778839
732206
779891
732442
749153
727451
804139
735462
715409
751123
749615
719382
792112
758265
739100
736542
726904
720908
755120
720175
735513
746637
716198
751624
