775176
740925
746453
741107
728451
748080
766674
862188
758673
781340
807900
813931
807344
788256
750017
737908
717875
757331
722943
731536
722179
728277
750869
733496
773928
754788
774409
764841
731318
714316
804000
727142
711121
743216
751122
729049
766436
722692
746872
714208
730781
709397
728048
748989
770737
745375
727005
714430
727524
725577
715045
723006
757148
750299
776352
747899
795079
737398
785104
763276
800377
787426
768915
765733
774725
764463
807041
758472
735601
744960
778146
719775
781824
737493
711458
735236
725361
732149
757944
774954
790717
780692
753759
754847
772725
757488
778799
752162
742950
729742
789417
751679
753073
728763
785840
718388
757517
745493
746461
748800
739010
742376
774891
767452
773451
760495
767270
773156
758595
733201
747489
722076
724165
726257
744099
776950
721026
728506
791020
770108
747655
739929
737347
741063
749925
722829
744628
731749
738103
782259
722874
740427
786468
741430
787187
740560
757520
735623
813582
744375
723562
761677
757506
728469
802977
766100
747296
744462
734850
729131
764356
728361
743538
754006
724266
759384
