237988
244730
311275
233925
238175
231100
238118
393185
212988
216717
225415
242981
344794
248697
243123
283929
213101
208220
278905
233558
228320
235234
281143
286209
249154
268357
320910
280111
223781
241441
209534
212491
266465
219598
217676
232343
238745
260450
234450
222174
246512
212255
226884
240809
223734
235466
235685
265769
250409
270946
218205
246363
222660
223419
246393
304657
208713
217412
203481
238165
261086
257360
250876
225646
227127
232261
224043
239818
222137
221625
223195
252494
220872
282134
211456
198021
234962
217901
242909
242771
232386
241931
232098
235264
274282
233221
250099
253092
230799
236178
246681
219952
228415
283652
253408
273296
216827
247651
215867
237372
229151
213416
228825
228507
264956
279236
228960
251112
224955
285518
215677
244742
267280
249193
237247
224735
212210
236788
249049
259770
208168
230250
219228
225146
227065
223332
220216
236043
228088
259428
228643
247176
350030
329128
268892
241848
229803
263964
226922
255010
233038
227735
293307
232393
252094
244714
233899
232429
215475
261071
239685
258005
204686
262899
254662
215050
