255465
252443
318914
241499
246245
238247
246013
402215
221999
224325
232943
252379
352086
255964
249704
290984
220277
215548
285588
241091
235745
242351
288529
294465
256138
275768
328453
287459
231569
248357
216938
219507
275748
228615
225368
239234
246129
268217
241606
228323
253830
219987
234270
248049
231424
243165
245313
273439
257691
277820
225244
253304
231004
231769
253624
311766
215576
224689
211083
245404
268049
265539
257336
232656
234977
239340
231098
247413
229158
228862
230859
259685
228659
290986
218625
205276
241349
225159
249545
249663
239321
249489
239400
242449
282239
240968
257469
260215
238100
243373
253743
226744
235443
291612
260635
280384
223912
255002
222756
244436
236105
220290
236412
235798
272756
286407
235691
258116
232228
292667
222515
251534
274434
257407
244384
242471
221604
244673
258146
267148
215653
237852
227157
232323
234365
230380
226782
243480
235989
266506
238516
254065
357815
337344
275689
249327
237179
270887
233679
263278
240888
235054
301656
241659
260016
252038
241161
241202
222892
268182
246890
591844
213303
270411
262385
222522
