8412336
8457300
8726191
8456359
8246271
12195802
13577407
13244521
12703310
12146053
12201098
13112897
13689659
13414642
13440802
13986485
16878731
18364065
19679466
19955950
20796529
23291487
24580264
26034981
26847946
28319752
29300865
29822981
30010599
30001384
30009573
30005194
30005181
30002301
30009950
30003714
30005045
30004188
30004107
30004195
30001959
30004902
30004785
30003590
30002157
30002084
30001518
30007354
30002947
30004278
30005743
30006108
30003989
30005245
30002880
30003009
30012251
30006216
30005807
30003669
30004240
30006454
30006100
30005826
30003238
30002974
30006494
30001396
30004874
29185743
28141981
27527539
