2368469
2236337
2229819
2531728
2363477
2355189
2411884
2379027
2342451
2360807
2306220
2208434
2234130
2313430
2138565
2279149
2139991
2172793
2171126
2282830
2386622
2285165
2328337
2398460
2193941
2298356
2071313
2296289
2302259
2063544
2304509
2354198
2129678
2264463
2347698
2007619
2393570
2420618
2191182
2230720
2199413
2195842
2193104
2263699
2205945
2155249
2179306
2294136
2200284
2221100
2202483
2199964
2273111
2178718
2778183
2312446
2311388
2311468
2293428
2283512
2343806
2303862
2197776
2203249
2371487
2193573
2317561
2237446
2323704
2249010
2317594
2227612
2249177
2005233
2158447
2062761
2262843
2334415
2365740
2307401
2341679
2233680
2180407
2284738
2153898
2315343
2173725
2328381
2373670
2302585
2280591
2254511
2335864
1960856
2334499
2182805
2359828
2086488
2185246
2378074
1995574
2396396
2074955
2325695
2142421
2271627
2153904
2380150
2381448
2370035
2111697
2332926
2328926
2025085
2343267
2228061
2388235
2304455
2313217
1957031
2380735
2394889
2302976
2352109
2255450
2172211
2199672
2279861
2263279
2128125
2231903
2336775
2274359
2192411
2331417
2353820
2305605
2197795
2318737
2329548
2239616
2089048
2260574
2355785
2314660
2348385
2253311
2187067
2021357
2273327
2354262
2209851
2246325
2232299
2174098
2109074
