2374133
2243681
2238281
2544673
2372397
2361950
2418885
2385868
2350357
2368658
2313985
2216478
2241401
2320310
2145847
2286180
2147582
2180148
2179644
2290806
2394319
2292467
2336251
2406249
2201611
2306033
2079091
2307469
2309413
2070792
2312562
2361488
2138887
2272359
2354740
2013717
2400581
2428193
2198550
2238388
2206764
2204714
2200346
2271144
2213059
2161434
2186857
2301377
2209723
2230301
2209409
2206860
2279885
2187164
2785126
2319886
2317912
2318317
2300318
2290642
2351687
2312030
2204438
2211025
2380208
2201137
2324928
2244934
2331844
2256455
2325394
2234765
2256279
2015173
2166679
2070198
2269915
2341458
2373099
2315161
2348672
2240375
2187450
2291657
2169368
2322340
2181618
2335696
2381168
2309957
2289199
2262470
2342956
1968614
2342026
2189461
2367766
2094544
2192903
2385414
2002901
2403965
2082132
2332718
2149552
2279744
2162359
2387665
2388408
2376499
2119915
2340323
2336785
2032251
2352188
2235800
2395651
2311885
2320534
1964281
2388329
2402410
2309211
2358621
2262069
2178891
2207280
2286456
2269669
2135964
2241128
2343657
2281851
2199626
2338145
2361228
2312845
2204661
2325709
2336411
2246810
2096169
2267834
2362259
2321704
2357016
2261292
2194587
2028824
2279962
2362256
2216659
2253533
2240021
2181556
2117207
