33596
39781
35653
45244
40940
34365
38191
35709
38621
36043
44798
36022
35846
34749
19063
37389
35331
33913
38739
35402
41578
34691
25650
37773
33625
34604
20766
34487
43708
43208
39862
35498
41250
35457
37496
34354
39087
36977
29291
34658
34341
34483
36734
31838
35897
36227
28619
38802
32133
31878
22280
28968
34154
44306
42383
33623
41797
27382
42120
22041
36257
26072
43991
37158
34649
37943
35892
31319
35133
35300
38831
34995
39477
35361
40885
33466
28456
35962
32019
34523
30059
35799
36818
39402
21487
34812
21927
21909
20303
21085
33503
27613
35082
19231
36991
34519
37382
24895
19934
29032
34074
38397
48697
33984
30902
26242
35895
37296
29213
27143
45539
26746
29764
19205
23416
36824
34390
133011
35177
32555
34279
21462
32950
29487
39151
27105
35415
19270
34024
18148
37299
21486
34076
18947
21977
38937
33215
32915
34947
36827
39074
34231
44571
46026
29935
36280
20939
51563
18723
33562
35779
28879
42736
34485
35093
38294
