59383
49393
44532
54338
49335
42787
46298
43751
50808
46502
56336
44194
44160
42053
24517
45660
41658
40030
47105
42326
50178
43349
33570
44404
43307
42430
28231
46809
50720
50298
47818
45029
53129
43155
44761
42240
45616
45377
34586
42988
41772
41472
52521
39403
44066
42022
35014
46692
42277
38225
32013
36969
40378
50891
50464
40207
49411
39915
50342
31099
42019
32537
51129
45059
42428
44360
43295
37611
43297
42222
49908
42088
47271
46381
49371
41708
35535
42643
38978
43550
36977
41778
44910
47136
28355
41838
30294
28454
28993
28166
41110
35219
42765
25699
44501
41201
45507
31565
28403
34687
40834
44985
65668
41802
36031
33105
42610
44996
46271
34022
53079
33573
48919
27088
30451
43538
42458
140458
43478
39931
40783
28213
38692
37107
45909
34273
44343
27277
42587
24996
44947
30164
41265
28300
29025
46213
40625
39217
42248
44181
46534
41573
51651
54646
37932
42893
29240
59087
25898
40104
42805
35348
50691
41730
42851
46031
