3796360
3774568
3832069
3981858
3912088
3676782
3644497
3658652
3695753
3479358
3539746
4552905
3877104
3853799
3706636
3701919
3889966
3623509
3737105
3838086
3703073
3663638
3668396
4078449
3704651
3964221
3718788
3810119
3765622
3799414
3655448
3832949
3669261
3697577
3690894
4075584
3896989
3977858
3811764
3756444
3841129
3848057
3704109
3757914
3822397
3933736
3833652
4015304
3861713
3767143
3693734
3773816
3745059
3897817
3593002
3631016
3637673
3765419
3710300
3834917
3654946
3845447
3733161
3664265
4002396
3777762
3747663
3711304
3581569
3681971
3690404
3815167
3635192
3689129
3632453
3600379
3614079
3707065
3661912
3720604
3617115
3648813
3696593
3794287
3615361
3764386
3775182
3768619
3806797
3744037
3718335
3723712
3679492
3685749
3821012
3810699
3786351
3753278
3681802
3682411
3634063
3847641
3744722
3753239
3697709
3794556
3764810
4185450
3949124
3851265
3814477
3686011
3648417
3722458
3658656
3633061
3641119
3695317
3817997
3748520
3738078
3677088
3645474
3815792
3674203
3678618
3701657
3701796
3679764
3613396
3743166
3560590
3707969
3670581
3664915
3593680
3633651
3625704
3742088
3623227
3649965
3711808
3653470
3931379
4009497
3944026
3703227
3864986
3867824
3703401
3850260
3797607
3721884
3698402
3762658
