3824120
3783353
3840740
3989897
3921956
3685886
3653144
3667307
3704235
3487807
3548502
4561746
3886945
3858365
3712684
3709656
3898207
3638788
3744389
3844889
3716139
3671443
3675771
4089200
3713962
3974630
3724731
3815056
3774583
3804984
3744320
3838051
3674542
3704044
3703281
4081216
3903755
3983853
3816892
3763346
3847056
3854334
3729688
3762832
3828616
3940010
3839591
4031151
3870463
3776574
3699573
3783599
3759693
3905468
3599619
3640684
3652727
3770938
3717589
3840117
3660284
3858685
3744618
3671753
4020881
3787139
3757235
3718357
3597805
3692651
3697720
3823061
3643349
3694458
3639301
3606384
3622844
3714037
3686639
3729913
3624122
3662689
3705191
3801912
3625202
3770236
3781210
3775230
3812487
3757603
3724852
3728387
4336992
3693177
3827275
3819841
3794794
3758556
3687854
3688682
3640437
3857421
4650501
3760898
3703552
3805023
3769288
4190748
3957548
3856390
3820764
3690802
3653839
3729674
3669383
3642104
3647901
3702805
3825153
3757962
3743302
3691245
3652449
3823137
3680433
3687019
3715810
3708628
3686868
3620711
3749678
3567773
3715698
3680664
3672057
3600235
3650089
3633073
3752023
3634499
3656296
3719199
3675906
3936705
4020241
4269569
3707733
3869781
3873364
3710416
3857063
3803287
3729481
3707675
3769416
