104762
114207
118368
133685
125404
116509
118499
119186
113979
113978
117034
120234
125714
115581
116542
116652
118123
112596
113593
111682
118483
123074
113791
114535
115632
115987
112332
115396
116613
113570
115226
117780
113999
111938
114389
113302
127184
113286
112364
114242
114505
113274
114430
114362
114665
114311
112344
115950
115758
110497
111676
119110
116272
106018
117280
110238
113977
116222
112310
112944
113347
117287
133211
140802
116679
116118
115568
111436
117634
115270
115495
115957
125929
112769
119909
115162
119392
114482
116127
116391
110404
111043
109277
120163
116945
114614
133836
113645
102547
115198
112355
115420
114898
112552
112275
114969
113541
100312
136985
114446
112385
113305
115882
113453
115620
111914
115000
116408
115735
114680
114111
116761
115214
113690
111635
116557
107881
112300
117643
112257
113668
115558
113585
116431
113551
118998
129848
114799
110625
131656
115038
112176
114023
114864
114945
102175
117340
109738
117894
119165
116985
114635
131832
136067
115045
112920
121974
114094
115879
113933
115576
114080
117141
120585
120839
114076
