112023
121932
134995
141830
133927
124309
127005
127598
122198
122690
125195
132185
133513
123429
124881
124616
126189
120635
121706
119630
126537
131365
122176
122796
123525
123984
120156
123660
124661
121816
122708
128636
121778
119565
122795
121487
134711
121980
120136
122637
124122
121252
122656
122239
122243
122578
120903
123978
125154
119055
120562
128195
124431
113824
124878
117949
121758
123807
120009
121164
121551
125060
141475
148663
124602
124025
123457
119199
125321
123832
123906
125309
133017
121744
127802
123179
127559
123719
124446
124559
118382
118501
117166
128259
124357
122266
141454
121283
110169
122779
121986
123358
123086
120354
121324
123039
121973
108293
144917
122423
119803
121316
123773
122198
123927
119414
123165
124296
129039
123511
121759
124765
123095
121522
119513
125123
115602
119959
124985
119632
121611
123210
121139
124525
122474
126809
137970
124120
118401
140370
122940
119806
121349
122549
122750
110324
124909
117543
125730
126862
124888
122482
139987
144004
122394
121549
129450
121927
123682
122548
123024
122020
125062
128356
128211
122344
