3732218
3635016
3940816
3701404
4053212
4076475
4042718
3643952
3908716
3585328
3862501
6055731
7677058
9676290
10886447
12045339
12783129
13735371
14491741
15766950
16603840
17967599
19002954
19491319
19938596
21946601
23860633
25142361
26024434
26482947
27955558
29864850
30007076
30005932
30006043
30004818
30004655
30003639
30003918
30000180
30006252
30001339
30005434
30003166
30002766
30005552
30002903
30003167
30000121
30000525
30002580
30006350
30005690
30003066
30002509
30003197
30002242
30003443
30002517
30001246
30003975
30005911
30004198
30001705
30007387
30008523
30002656
30003485
30000533
30003616
30004531
30005878
30004051
30004269
30001481
30003307
30007310
30001132
30003328
30005084
30005836
30003374
30005769
30001652
30001601
30002305
30002980
30002869
30006128
30006587
30006156
30005791
30003290
30003698
30002650
30000306
30008143
30001716
30003234
30006374
30005706
30003130
30003497
30003688
30003458
29999930
30003171
30007327
30004639
30004500
30005704
30005149
30004753
30001638
30007347
30003066
30002760
30004929
30004050
30002622
30001835
30005226
30003062
30001074
30002889
30006981
30002048
30004151
30005909
30005889
30005437
30002387
30002125
30002866
30002459
30001978
30004235
30004568
30006294
30005317
30008892
30004175
30004004
30003566
30005277
30005284
30003050
30000386
30003209
30004674
