29156
21578
32931
14132
31290
29699
25071
34253
28037
30775
29673
29854
30876
27279
28998
24619
36147
25274
23193
25917
30061
35488
17515
25928
36775
15245
26567
27084
30181
13671
13856
27827
26411
25901
17391
18040
26270
27741
14126
15524
14366
18269
38518
19410
24496
23228
19205
16443
17317
16847
19899
27997
25956
13454
25543
24491
13783
17748
27294
22463
27109
30458
26316
36169
21093
16728
21716
20428
20994
29426
27674
13717
21574
24276
19633
33174
29559
31535
29125
27751
40441
16999
20616
16025
30320
29385
15344
13424
28267
26289
18303
15079
21465
18584
24488
20309
29336
19976
27969
21468
18514
16997
19060
23885
13847
21604
20229
17344
14813
18895
22039
22386
13619
20829
28333
26639
13984
18743
30031
30256
26634
20667
34179
30530
30126
30755
24279
28695
23301
32176
29213
27572
28175
29886
13407
36281
28969
19052
29511
28875
18101
17223
26289
19888
24572
20878
16287
31232
31719
14788
14395
13939
18720
32526
24223
18195
