58573
29883
41407
22527
40227
38747
33608
42581
36201
38773
40731
268641
38854
33979
37113
32445
44112
31373
28496
32155
41500
54989
41246
32537
50497
27033
50028
33096
40926
19308
19733
34727
32196
30992
23329
23987
33240
33537
19475
31662
28346
25911
45494
25959
31484
31063
25785
22326
24115
21784
29353
44770
34364
24874
32788
31675
22129
25818
35249
31064
32630
36542
32639
44278
29388
22518
27600
31556
32030
40212
38433
22896
29618
30537
27220
41096
657688
40405
35392
35794
50509
25257
27853
23783
37771
37855
25766
21410
37061
35792
24941
22509
29762
24618
31049
25336
40147
25698
36802
26898
25235
24771
24918
29419
19265
32940
25854
22909
30878
42968
32295
29999
26025
29892
35562
35155
22807
29792
36626
40835
33902
28871
40489
35941
37602
38739
40519
35145
30341
44200
40878
34831
40049
37462
19984
43947
41338
27798
37170
35160
24067
27175
33711
31444
36199
28015
28635
38967
40237
20443
19243
18803
25883
44574
31860
31346
