1774212
2352762
3388404
3176239
3534754
1582612
3598186
3200988
1878704
3287276
2625382
3373498
3630101
3155716
3162328
3107001
3228911
3713902
3500814
3754471
1916562
2921508
3155820
3383305
2638477
1826082
3344477
3456180
1935645
1704739
3131305
3431419
3173555
3736841
1869196
1744102
3736399
3702484
2575050
3119176
3021593
3383839
3045257
3028156
3085183
1890464
3283344
3746184
3360200
2925234
1768020
3318394
2843230
3329698
3188272
3428886
2981340
1723558
3514648
3084793
2951752
2934105
3376458
3065515
3270742
3446239
2885805
2900930
1806964
3226781
3847103
1799396
3138475
1721651
1855388
2998505
3343158
3282701
3712582
2943321
3289579
3398596
3065005
3279509
3054134
3498341
3039184
1714075
3285484
1683769
3274064
3089968
1806294
3529129
3117182
2921097
2821842
3529077
2962905
2985730
3345619
3677107
3129062
3308334
3498540
3041584
3223560
3208264
3125603
1883532
3061333
3188135
1662245
1864892
2988392
2833127
2466358
3285895
2969233
3224546
3303127
3740289
3746909
3318749
2807675
3687972
3280529
3240358
1927491
3350393
3441047
2847094
2832391
1925058
1947216
3039135
3389354
3165527
1832107
3484282
3018529
2901246
3685734
2784683
3293130
2945359
3046728
3045994
3056190
3145040
3009734
1750652
1736353
2788440
2966708
2876726
