1799181
2362415
3397019
3185116
3542937
1590371
3612802
3210944
1888439
3297653
2634614
3384493
3637364
3161373
3169988
3116330
3238225
3723419
3511978
3762478
1924751
2928746
3167366
3390314
2647083
1832673
3351961
3463319
1942671
1712263
3140483
3438641
3181354
3745514
1876339
1751481
3741590
3711836
2581857
3125132
3028666
3392404
3052909
3036558
3093156
1898210
3291521
3753151
3370091
2931464
1775228
3326171
2852741
3337684
3194990
3435898
2990112
1731013
3522693
3091623
2959044
2941951
3384153
3072909
3278320
3455447
2893331
2909246
1814082
3234425
3856391
1807283
3145941
1729262
1862694
3005193
3350183
3292046
3720285
2950647
3297639
3406557
3072328
3286506
3062941
3506688
3045844
1722338
3293120
1691652
3281470
3098255
1814592
3538970
3125401
2935876
2830497
3537289
2975512
2994052
3352831
3686170
3136526
3322453
3506490
3049589
3232188
3214359
3131953
1890664
3070051
3196415
1670086
1872296
2997090
2841016
2472838
3293546
2975243
3233829
3310305
3750514
3755761
3327936
2815722
3694194
3293781
3247737
1934643
3358786
3449809
2856487
2841159
1933899
1954432
3047475
3396787
3173086
1842212
3491942
3029649
2909654
3691308
2792515
3302161
2953761
3055836
3053540
3065805
3153562
3016822
1759845
1744036
2802627
2974496
2883909
