30105
43025
36081
34827
39113
36757
36898
35727
34096
40891
35604
27171
26005
36253
36623
40901
36469
34615
38538
35132
35052
37501
34179
39434
21207
34395
35733
38945
34512
36678
35523
36755
36788
35496
35993
37358
37357
36553
38884
34124
46577
35236
35805
39512
29904
30280
39206
34745
35619
37295
36296
34494
39887
37007
37518
34467
40330
39482
34549
36063
34559
35454
35475
38131
36483
37975
36734
37486
38468
34479
37642
40571
36252
45182
34949
38142
26325
37275
34269
44439
38762
35624
35912
34732
33900
41849
34593
37363
36374
34151
37569
36373
30448
36782
35965
33862
37949
34637
35812
40897
19986
34694
35603
34470
36628
40339
50464
36850
39108
34570
34222
34513
37466
35030
36232
37331
34348
41811
34388
33943
38759
34651
34769
37412
42282
34901
37059
38774
35755
39088
36116
35867
20665
33922
30345
34448
34763
35523
39884
37338
35227
38433
38375
32292
44033
43818
37191
37091
46866
35080
36461
42804
36375
34454
36861
35056
