55285
51176
45199
43673
47944
44970
48483
47504
43397
49752
44082
35823
33182
44115
44312
49689
44813
44157
47594
43331
43961
46020
43106
48153
28910
42604
44511
47205
42697
45046
43654
44417
45453
43583
44484
46548
45601
45084
47412
44180
55428
43534
44593
48118
39151
38209
47318
42597
43209
45425
44499
42587
47571
48494
45669
44038
49053
47386
42986
44477
42613
43121
43710
46483
44566
45915
44797
45476
47423
43570
45180
50278
44565
53811
43562
46313
34214
45200
42293
52112
46870
43274
44201
42648
40023
50037
42963
46781
49626
43575
46752
44393
38776
44919
44110
42203
46067
42864
44122
49003
26519
43570
43886
43640
44321
48004
58495
45383
47939
42619
42197
41957
45536
43036
44519
45491
42529
49991
42772
43149
47406
43424
43150
44872
50541
43164
44765
46880
44016
46460
46520
43689
26909
41692
39255
43283
43082
43749
47593
46280
43582
46536
46281
40798
51004
52560
44908
45135
54977
43437
43984
54315
44596
44456
45381
42513
