7477618
7710169
7821165
7716391
7456985
7732040
8152441
7823891
7557644
7566168
7608319
8018634
7739077
7626857
7530140
7467877
7492046
7529441
8418171
8121796
8163633
8317340
8350871
8026084
8166830
7923320
7974221
8128841
7993914
7973465
8441771
8236983
8177364
8155754
8152053
8215650
8063620
8143653
8281617
8388177
8281473
7984396
8068492
8332228
8042705
8121380
8141162
8049498
8129416
8129229
8334450
8057119
8075038
8348015
8186409
8062821
8171634
8042060
8179473
8162535
8245199
8026202
8190133
8246660
8178495
8057649
8206786
8200112
8402623
8435713
8036910
8205371
8355365
8212062
7806736
7587317
7279198
7521629
7274925
7518259
7379083
