7486167
7735574
7829728
7750630
7466945
7741344
8162065
7832307
7569199
7574407
7621680
8026646
7748110
7636553
7538609
7476955
7500947
7537986
8426603
8129915
8172547
8325246
8361302
8035734
8175881
7933121
7982772
8137364
8002984
7982474
8451441
8245300
8186097
8164577
8160479
8225060
8072220
8151687
8290430
8395155
8290411
7992760
8075975
8339885
8050969
8129753
8150548
8058374
8139810
8138217
8343176
8066412
8083846
8355861
8195189
8071236
8180308
8050950
8188522
8171393
8253305
8035676
8198824
8254466
8187168
8066424
8215639
8208472
8410931
8444494
8045328
8213833
8363646
8220151
7816566
7595278
7287702
7529966
7283762
7526921
7386786
