110218
144210
114131
114181
119277
117717
120052
118133
119923
114818
112764
107521
125925
137607
121584
119968
109410
141365
142307
107365
114391
120234
129426
134362
111130
127642
109494
116422
127313
139895
117764
118934
114946
134604
156226
116721
108678
110230
114910
133452
124679
104200
102381
116803
118819
117886
103008
112741
107820
137344
139927
119232
111429
116116
116423
121705
119937
119563
102990
117692
101549
130977
116637
118231
126872
114201
109664
130039
113774
133434
114160
118801
118080
132416
116735
130735
117213
134273
119514
112637
102745
117637
114700
117567
122571
112940
119911
117962
117537
121551
115550
117872
115412
118318
113633
116674
124959
115317
118390
116691
115154
119099
114251
118182
113415
116303
117686
117492
107685
118347
118430
120762
117694
124513
113374
119241
125003
133286
130575
100659
109266
117639
116542
121084
100511
113688
114359
126091
115764
115832
112582
119312
132625
121040
118726
116080
114328
107473
120219
138079
99992
104905
126301
125639
110237
120259
120536
125744
117374
123929
130453
129639
133501
117876
116089
122282
