134279
152312
121462
122044
126484
125639
128721
130473
128242
121357
120507
116376
133741
143896
135001
132100
115988
148236
149369
114179
120884
127986
138094
140919
121100
134903
122032
123453
133076
146832
125622
129587
123632
142831
171763
125370
117555
116559
122857
140304
133672
111958
110196
123699
126222
127194
123755
120262
114177
144750
144817
126553
117652
127281
123487
128646
126506
128320
109386
125853
107570
137854
124234
125967
134332
127212
120075
137601
121952
139864
121413
126058
125722
141561
124279
138717
124875
139940
127056
119292
108993
125063
121463
125960
127854
121203
126902
124323
127050
129282
123932
125794
122419
125230
131504
124014
130905
124870
123980
125068
121821
126643
121254
125736
122155
123695
125179
125925
115014
125462
128805
128258
126004
133874
120668
126894
131500
153375
138312
107944
116269
126137
123860
126858
107642
123014
121835
132841
124577
124321
119624
129222
139303
128110
125515
122798
119538
115107
127922
146635
107029
110999
131907
139124
116034
132412
131501
132753
124120
130488
136026
137989
141129
125979
122739
128863
