24201
38466
34209
31071
31670
27385
25592
31429
22877
31352
27032
34110
19851
33422
23578
26390
32094
19114
32523
31073
22008
29696
26289
19742
30330
25936
32392
30044
29728
32666
19181
27615
14823
46265
25111
31403
31904
16037
28997
26969
31419
24288
26112
24665
33719
28955
31826
22094
31364
32407
23238
33199
27606
14350
31252
29875
31521
31199
32671
30084
32069
29521
27976
29229
31263
21547
26970
22144
32429
20152
31509
25682
31991
22891
25313
33441
17154
30507
33750
31151
28544
31689
33316
20558
28160
22361
33138
24296
30511
29981
29303
23832
30502
25268
31445
30631
36243
29594
21721
29917
32377
29893
27457
22515
28003
26816
21274
32007
30647
28254
32062
28460
30613
29764
28023
29215
28638
30169
31229
24731
29097
23022
31715
32058
33317
30776
21337
29626
29486
21744
29950
25086
23354
29742
31889
30983
19785
24902
32082
30907
25787
24158
35384
25065
27063
26611
18760
27942
31436
34988
27774
30037
24795
28379
30364
23692
