46422
46998
44561
39616
40554
35164
39006
38956
31108
39332
37684
42255
30884
40916
29265
32814
39665
29702
39842
37355
31450
37044
34653
26491
42501
34074
38573
41328
46596
39537
26886
34770
20282
56356
33371
38224
38900
23539
35867
33711
39023
32708
32741
31920
41213
36255
38301
28061
39574
39056
32197
39686
34320
20597
39732
38866
39088
38799
40051
38257
38716
36583
36520
36169
38947
37011
34573
29715
39847
27545
39738
34543
42466
30608
31815
47784
28314
38395
41091
38574
35475
38474
40087
27966
37519
29386
42133
30989
37424
37891
36636
37678
39079
32001
39750
37137
45224
36911
30127
38785
41538
39660
34006
30619
37828
33911
28908
39195
36922
36592
37803
35654
38273
47718
35661
36050
35995
36960
40585
31853
35861
31404
38964
41171
40810
38714
28482
36667
38174
27959
36896
32248
30237
43149
39048
38144
27714
32140
39854
38820
32810
30349
42936
31961
35877
33549
23175
34184
38302
41617
33930
37215
33502
35830
38791
30978
