126420
119427
105112
127683
76855
126381
84429
72724
87408
67723
107810
68519
86270
101738
72149
85588
86726
82354
82705
75837
97588
77978
92686
94435
99183
89063
91346
75738
125751
127382
98410
98927
100366
102528
83712
98961
95202
123370
120481
95758
118708
103261
104290
73421
102531
94623
94446
76754
119128
98022
92620
99623
92931
82413
125558
112139
79840
103771
119272
86291
87948
104233
99613
107150
87483
108682
104323
115037
116336
80435
94463
80890
106290
81064
107469
92119
104642
116386
80573
92175
101522
106462
88184
98230
82476
102319
85849
85700
78112
106110
112942
113188
97333
86956
104155
94410
118980
99568
90953
85401
91020
85571
109255
93764
109212
79076
81336
88577
105915
142328
88497
74728
108980
83409
76711
102358
100080
108340
87248
94817
71749
127559
96168
115909
105321
79831
95642
95308
105557
103574
102821
90320
76884
97726
84794
88876
101236
99012
105757
121831
129176
100316
74202
92349
70124
78958
100171
106005
94825
106274
119096
100514
85107
101280
94405
81553
