163058
153098
140550
161483
120202
160371
119572
106839
123403
102591
145606
104493
118257
141056
107309
109663
108904
112799
117863
99644
117553
114491
127660
128244
156914
121705
113964
104031
163182
151350
121684
124898
131170
136859
111305
132237
115620
141442
141274
113894
142734
120627
132847
94765
136478
116547
124221
107939
141220
117926
115814
124666
125214
109762
174147
129935
115971
126175
144936
116408
111741
137117
130875
145935
124502
144692
138107
137829
151448
115601
115325
115975
143564
99041
142362
111044
137240
150750
116613
123748
126983
140217
126308
127407
117803
134480
108468
124122
116227
144489
152425
144027
120253
111733
122138
132555
140968
130353
110873
108803
116331
105083
135354
112361
135854
99758
102427
110147
149014
158005
118313
102401
143219
103080
103595
124018
132781
133352
114420
124218
104358
164893
115907
156050
137563
116797
130093
114287
136127
136746
135271
127340
107705
131205
120187
124843
130221
127219
130427
149347
154474
133156
100773
116872
96186
111158
125583
135657
116400
133244
144119
124119
101484
130620
120378
103443
