748797
875317
744092
777804
748316
822248
751587
788463
756273
781212
731765
771847
814314
760255
752932
761417
741929
781172
742030
782260
736192
744915
792195
766143
819178
752437
734773
824058
744586
748946
936365
761610
775133
777316
736934
773910
754131
781954
767224
754319
798796
779022
744864
792594
733662
811823
772497
758955
829592
759447
754454
887572
736627
764350
772805
777703
757319
762259
748272
786542
810684
798752
805444
760602
734832
796626
779177
793118
764598
772209
783227
788829
842730
791037
750985
793965
749529
767922
776704
797093
758946
782118
761501
801992
814542
766849
749673
750639
799484
790078
757369
758748
808483
778928
772760
772918
743166
758978
746344
799131
796248
763739
758285
757257
849427
774961
777945
813476
732936
827011
741860
741379
752192
755202
756644
785884
738146
813663
745288
834926
796439
784975
755522
794785
910522
775412
791354
769232
752951
782233
752069
804828
834257
771842
834294
760328
778827
823495
890499
783970
780084
770055
751651
774583
895125
829627
750898
829812
749161
778741
790703
790264
785273
755352
735198
845118
