757309
885881
772646
788451
757226
831256
762368
797954
766506
790818
741818
782097
823874
769133
761362
770758
751645
790509
752634
791323
746570
753755
800314
775317
827449
762921
744119
833562
754377
758729
946352
769965
785481
786888
746384
782862
763124
791242
777726
763427
807380
787981
754335
801011
742887
822872
781721
768095
838402
768476
764456
897122
745964
773426
782053
786160
766178
771302
758011
795750
819864
807612
814187
768850
743900
805696
789384
802669
772606
782295
792592
798113
851275
800728
759809
803301
758411
777717
786184
806524
768163
790962
771320
810583
822683
775809
758785
759837
809661
799530
772241
767714
817235
788062
781715
782462
753021
767576
755432
808277
806240
772345
767550
766275
857972
784584
786422
823554
741202
837180
750777
750661
761017
764399
767834
794596
747094
822513
754640
843140
805098
795413
764395
802937
919261
784352
801106
780063
761876
791448
760339
819106
841811
781187
845145
769134
787779
832528
899494
793224
788886
779133
760938
783678
904358
839128
760478
839290
758122
787933
799571
799072
795503
764308
745045
854185
