2263707
2261655
2250500
2495385
2192290
2558056
2854344
2489521
2660318
2391099
3030592
2351471
4845984
4838614
5711312
4102352
4048705
3565948
3488789
3376046
3614027
3357024
2814513
5512890
5105088
3733158
4347628
3930264
5541660
5157998
4872101
4444595
4091660
4720620
3820963
4900704
4238390
4649016
3411929
4543815
3655126
4411391
4019404
4158987
4473260
4787119
3315134
5117434
4949407
5289452
5111752
4418032
3410549
4760022
3154332
4245411
4448202
3999969
3561342
3385110
3431294
3535596
3716045
3310033
3348496
4075727
4359626
3741860
3957668
3824872
3935688
2974789
3381707
3329130
3582962
3707566
3614829
3196540
3805579
3536047
4048355
3099830
4084229
4561796
2531274
3092941
4246342
4047054
3710767
4483130
4439835
3733375
4268682
3711245
3682478
3987262
4071601
4787978
3241412
3535013
3439492
3812982
4201664
4386820
4054933
3726240
3329232
5073550
4628405
5331424
5267102
3657193
4376033
3729976
4510166
3529485
3870213
3483901
4081635
3677162
3963211
3931345
3812121
3671042
3180659
3329018
3477111
3531094
3138767
3283180
4037883
3394962
3881329
4070093
3359368
3374895
3940546
3450732
3448864
3671399
3379470
3118509
3626899
5461912
4233015
5802267
5982511
6341213
6812905
6036411
5439490
5308969
4113355
5050327
5330717
