2270392
2285734
2258179
2504182
2200824
2567328
2862443
2497049
2668752
2399214
3038665
2366057
4851636
4843300
5715585
4107460
4055435
3574802
3500207
3387522
3624561
3363342
2824378
5521030
5115263
3743652
4354868
3938927
5548324
5166144
4881948
4451696
4097323
4725428
3827412
4910771
4247559
4657533
3418657
4552918
3661638
4416912
4025201
4165741
4479618
4794452
3320730
5124317
4962719
5303543
5116532
4424640
3415527
4766352
3160029
4253391
4452954
4009498
3570219
3390580
3437190
3544836
3723386
3316974
3356791
4084834
4366578
3748314
3972773
3831301
3951787
2985389
3390441
3340542
3590006
3720404
3621829
3202875
3813667
3556418
4053166
3112251
4094542
4567997
2538619
3103207
4255076
4056895
3723519
4488705
4455746
4177154
4275956
3722992
3687745
3995188
4081569
4799215
3248056
3541550
3450319
3821528
4206804
4392475
4059252
3732041
3334462
5081076
4640966
5339082
5276222
3662288
4387643
3734811
4519273
3538658
3875942
3489516
4088079
3687904
3971702
3938145
3819226
3677344
3189915
3335564
3484251
3537633
3145259
3288981
4045237
3546681
3890438
4086449
3370405
3381940
3947505
3455738
3454273
3678267
3387405
3123737
3643046
5469283
4258380
5809669
5987162
6348859
6823952
6049818
5445932
5316872
4125009
5059647
5335017
