32313
38606
30722
32017
29642
12043
23915
29509
31835
24354
32367
28826
31875
20079
16568
17175
19089
35634
31374
28743
27887
18933
16718
19212
23887
24204
19474
13110
35736
22329
23966
19945
20659
14242
22372
19732
14348
13213
29589
28357
19431
26052
14036
18877
16262
23488
19335
23882
17067
15480
15896
22956
25217
14922
18421
28179
19844
28454
25651
26935
23745
15807
31844
31176
12935
30007
15663
14965
22988
17834
23481
28473
25614
19692
30374
11629
31650
12996
19352
24057
17503
27220
28053
29668
24670
29546
37112
15786
14199
18779
19851
23507
12065
15547
12371
23355
23807
24567
29810
25747
22121
20438
23375
18563
15261
19202
22081
27805
37323
15714
13135
17015
19070
22067
26187
27922
15899
22134
26631
25827
16213
12482
28370
28560
28356
30127
30726
29108
28203
15041
20183
30328
18059
25335
26966
31933
24961
35479
13860
29927
18900
19422
30293
26085
31046
22750
15984
30371
19934
20985
17022
13989
11922
23860
17387
18171
