42191
47428
56346
39940
37304
21755
32211
37957
40886
35018
40726
36593
43630
30979
33839
25352
26293
49537
36872
35763
36156
28090
25408
25519
52875
29737
30926
20585
43327
31369
30632
28775
27490
21407
29165
25787
19837
17100
38796
37814
27955
32283
19844
27088
21750
42987
25409
35544
22997
22993
22730
30714
40782
22556
23694
34634
30188
38272
33191
41226
29983
22729
41132
41138
18096
50674
22342
20963
27957
24542
32013
54061
33498
37061
39500
17436
40553
19525
24591
31295
33621
34353
36153
42799
33696
36828
46053
31625
23992
24582
27579
32307
17720
29601
29924
36972
29718
32739
35814
36198
32714
26961
34316
27307
26669
27249
29071
34967
41638
22776
25606
31089
25905
27389
36258
34571
33635
29142
33606
33868
31246
18529
35156
36390
39232
36760
39946
37757
35938
26120
26605
40673
27729
36420
33531
39669
30614
41468
19760
37795
26606
33283
37424
37582
37595
29055
21775
50133
30836
28759
24004
392611
20064
29494
23237
24957
