348895
258718
409673
306436
241547
262468
399739
386023
230693
281070
264723
286077
857889
493080
562943
623471
512926
689486
605739
467974
760418
588660
468597
870562
867998
653968
1067570
545556
876525
526419
597499
545962
526613
605922
652070
403906
907912
1098508
721675
617834
1006171
931689
836833
742217
516069
505611
903210
593774
939006
884044
829292
691778
420463
539851
583492
544843
475682
429765
729978
384490
939501
322658
686219
380093
500359
566617
738706
430107
422798
488794
309788
507149
495252
500329
629190
515555
523946
441517
997889
486979
486640
605954
482475
689180
669078
659666
502419
416499
712365
671596
555771
613186
575776
697194
458305
516677
703674
649844
752486
513318
510058
974253
543297
486448
664107
473350
502452
568570
770636
335066
954709
624338
573933
608592
390964
731646
539345
846773
487563
302577
795274
779578
654617
454677
507381
504932
446991
420503
389222
487183
369516
457080
439901
392552
771362
375344
392362
494731
391853
450753
471192
391358
307653
468289
1140962
630328
606838
647929
617038
585752
694093
531453
488207
668794
506893
534342
