363588
267109
418832
314068
248993
269372
409252
393550
238709
287792
271882
295892
864635
499256
574914
635123
521732
698405
614981
476352
767041
595238
475311
878131
873657
659697
1082100
561217
881691
535713
604887
552157
532056
612450
657441
413532
920113
1104673
728798
623406
1017844
938888
843974
752675
520788
511677
909112
607942
945361
894522
840140
699414
425354
545384
589219
549729
485115
436075
737277
392086
986927
333786
693614
386104
513077
573691
745845
436880
428465
496708
319559
518215
507825
507214
634876
521369
531527
448920
1003656
492947
496039
617090
489197
696075
676295
668594
508313
421423
720323
1047521
573354
621223
584324
708008
463905
525398
719838
656159
760425
519925
519192
980880
547999
494461
671328
478528
507230
576514
780207
410415
961548
629457
591861
617801
397317
737350
554397
854056
494687
309494
804212
786014
661028
464562
514523
520615
455041
427006
395172
493906
375287
464006
446815
400494
778856
392552
402723
500547
397515
458968
996106
404844
314587
475832
1151395
639684
611993
655385
628464
592986
701163
541176
493708
687336
514919
544299
