1064889
992942
1028988
1018678
1016613
1012126
1075178
1035044
1072609
1014262
996544
1057793
1104115
1043048
1019499
1027537
1074962
1035998
996226
1009191
1101810
1125862
1013301
968922
1036212
1057348
1069028
1065181
1016091
969148
1259554
1000175
1107024
997850
1016246
1026272
1121638
1022749
1043201
989538
981307
993771
1007867
1073827
1053845
1015308
1102498
1038411
1028648
1016536
1023115
1081459
1065429
1034567
1006530
1042744
1130587
1014170
1034201
1092023
1153281
1013123
1165149
1020940
1019460
1076266
1069738
995314
1047207
1031641
1077978
1020376
982220
1073329
1000610
977802
1052360
982129
1031193
1062474
987167
983299
1060238
1034995
1118718
1003455
1036486
1064651
1084619
976029
1184570
1014792
983463
995585
1021276
1085050
1006134
1012648
1066380
1020642
1096572
1051832
1002247
1048787
969616
960432
1057751
1019490
1013027
1034548
1015231
989703
1062773
1014196
1074617
989203
1058423
1064180
991819
1068370
1081703
1007276
985533
1015920
1013542
1010051
1075483
1016104
1061036
1021679
1032007
1002010
1074731
1000038
1073616
1005933
1011620
1036637
1143008
1020233
1084565
978157
1022766
992547
1123655
1029367
1079307
992914
993018
980021
1128974
1013581
1085403
1005855
977236
1013115
