1085379
1017592
1066193
1039568
1039041
1035251
1108151
1059537
1095580
1035110
1018423
1079387
1129514
1063782
1043526
1048859
1096788
1057264
1019590
1029911
1124411
1149474
1036947
989572
1057954
1079293
1092122
1088572
1037305
991365
1283007
1022096
1125928
1018821
1037284
1048992
1144058
1044258
1065105
1011928
1002442
1012639
1030095
1094845
1075239
1036183
1124048
1059787
1049976
1036099
1044495
1102695
1087481
1050924
1026416
1062339
1149504
1036997
1049088
1114281
1173697
1034439
1186161
1042143
1049996
1097998
1083955
1014084
1068270
1053710
1094022
1042744
995162
1095143
1021809
997466
1073605
1003792
1051955
1083653
1007810
1004599
1081862
1050613
1134588
1024544
1057123
1086836
1104640
998120
1206100
1040159
1004728
1016987
1042970
1105276
1027741
1035405
1086489
1042021
1118177
1071577
1022605
1073002
991371
987751
1078649
1042671
1033615
1057302
1045109
1009148
1085453
1036314
1096831
1010848
1080786
1085876
1013883
1089780
1102463
1029287
1002922
1039582
1034627
1032372
1096936
1035257
1082353
1043483
1053415
1025570
1090598
1021054
1095448
1027093
1027401
1056955
1160223
1036569
1106838
1000697
1044961
1013176
1145183
1050515
1099577
1014737
1014553
1003003
1150269
1035794
1104962
1028414
1000201
1034093
