114989
115160
118104
117739
115797
116349
108313
106477
122835
123303
134990
107866
147759
124053
132493
110572
127221
116328
106679
122031
129127
111096
126195
126491
112376
136438
110660
101646
108010
137018
133432
104594
121466
105803
113083
153030
109401
109578
127876
111759
108763
114396
137189
111275
160542
107241
114213
116505
153265
139650
107850
106354
121767
114200
113609
105215
112970
116048
115346
141300
144342
119547
131088
125763
111652
105817
123782
133308
120290
120845
113968
117848
129471
115690
152238
122578
106911
138134
154750
101209
120565
112431
111574
131224
156491
116436
108950
126691
117147
109415
114219
109764
118296
125341
122053
103575
186319
124564
119661
144162
108710
113498
115184
104388
157091
110384
111226
107358
112573
101948
110501
111223
111731
107264
114800
118116
136628
122251
106389
146254
111697
111368
104070
117594
119523
126127
158951
119003
122729
124841
120624
139305
124582
132309
115908
110353
120949
101338
100630
112233
101863
135998
114403
103474
127585
122496
132147
119196
109038
122950
108354
117194
111864
107703
114172
127146
