139153
123841
128851
126730
123920
125018
114210
114317
131301
131273
143316
118607
155321
131371
148502
116769
137433
122235
113157
140180
138829
116526
137379
131936
121098
146404
117723
106551
115646
146927
139125
113655
129209
110539
118223
159998
119345
115139
134917
123050
118923
118789
142167
117590
168270
113537
120407
135057
164667
144666
117804
113260
129106
119863
126564
119672
572239
126534
123779
153255
162524
126263
138657
132862
117705
119861
131356
142387
126999
127031
121800
126931
137712
122681
159062
129725
113699
146143
165399
107890
129959
119105
125813
138334
171916
128300
114104
134032
127604
123495
120869
114895
126099
131593
129134
108837
191032
132627
126505
150197
115238
118787
121597
108915
162396
128289
117676
133524
126001
112060
115470
121688
117545
112349
123108
125832
150479
130525
113062
152810
117339
119754
109596
130140
130378
132624
170467
128954
133118
132473
129201
146631
136531
140918
122736
117629
131169
107108
109084
135771
109044
146673
120023
110612
133003
128587
137736
128577
115201
130333
115871
124930
117772
114646
120211
133653
