864904
881177
941051
988743
753307
829738
782078
791813
770954
883383
814726
777256
3258700
3988060
1502245
1548544
1009246
2260648
2040948
1187511
1495860
1328395
1343028
1499173
3028903
1631271
2109568
2640586
1803171
3237783
1754436
1340146
1278290
1593685
1419578
1268891
2778335
1814498
1542110
1858887
1385469
2060448
1646595
1502002
1703336
1300609
1668171
2045605
3001046
1293674
1606531
2491898
2703465
1233393
1447488
1203127
1189605
1319054
1272748
1192947
1403926
1011848
1262036
1050147
905006
1150695
1590976
1245528
1192355
1134127
1199021
1251460
1805128
1253281
1101092
1153576
1380560
1412747
1073719
1261537
1081792
1345455
1031691
1168882
2168937
1401530
3025323
1993831
1367686
1543766
1405579
977209
1167322
1186851
1423251
1163434
1893322
1146993
1077482
1131681
1423842
1242322
1030569
1066921
1263770
1567189
1339039
1186738
2224890
1713487
1991942
1723203
1848954
1487668
1300952
1250794
1069513
1091998
1504433
1338252
1370987
1604057
1289633
943055
1188241
1279703
1443690
1331974
1221636
956765
1414507
1024508
1422658
985358
1267404
1152957
1073537
981054
1135734
1335816
1089230
1133653
1083140
1526239
3390275
1650691
1725721
2270172
1924773
1646411
2311653
2331085
1740865
2383956
994208
1101304
