876879
887252
948643
996993
761969
838029
789809
799275
785357
890462
822701
790005
3264410
4002029
1510149
1554557
1016160
2269765
2050134
1193537
1505533
1344460
1349622
1509511
3042652
1640063
2116167
2647552
1813145
3243623
1762903
1346782
1283273
1599461
1426513
1277659
2784573
1819898
1549681
1869354
1391552
2066958
1838263
1511269
1710509
1306968
1674684
2050903
3010542
1301812
1616101
2502290
2711101
1238712
1455593
1667803
1195275
1325823
1289323
1202057
1408960
1016686
1267743
1056671
913380
1157581
1597623
1251248
1202762
1143595
1204425
1257438
1812545
1259675
1108528
1283135
1388070
1419652
1087283
1269311
1089469
1356260
1038905
1181751
2178387
1406498
3033732
2005286
1374190
1554207
1411569
985026
1174374
1194285
1429937
1485496
1909915
1152550
1089058
1140653
1445981
1248985
1037907
1072988
1269986
1571629
1344580
1193981
2230470
1718904
1997107
1728873
1857105
1499311
1308897
1259205
1075315
1104903
1510427
1345979
1377007
1610514
1296243
948217
1195760
1288597
1449845
1339881
1377925
961946
1420538
1029377
1428101
992660
1272910
1168795
1081082
987210
1142813
1341226
1096558
1140636
1091373
1534226
3397050
1659473
1732759
2277950
1936898
1664408
2321619
2336889
1745980
2389546
999815
1106992
