4407924
4478741
4648120
4518096
4519328
4581059
4449234
4616478
4356309
4657650
4590453
4701876
4578657
4485553
4466814
4536139
4512459
4440574
4499444
4531095
4938449
4508219
4509378
4456808
4376505
4676776
4540367
4614313
4561550
4557342
4416230
4610617
4510111
4516091
4457886
4530376
4490272
4531198
4624610
4690825
4664895
4705059
4549816
4486746
4536602
4517498
4536824
4482199
4474575
4386427
4499878
4580020
4656291
4631193
4528641
4673744
4551223
4660836
4536387
4495291
4511955
4560161
4483371
4494648
4574171
4476896
4562326
4432779
4492201
4583583
4583075
4590416
4563149
4618213
4602567
4565181
4550318
4422225
4650396
4584845
4650649
4445265
4521603
4691858
4575233
4603443
4529220
4569506
4485238
4540982
4471126
4405611
4666647
4399731
4600293
4504667
4494491
4499163
4503461
4553004
4507188
4434729
4430466
4503181
4484739
4658475
4569146
4518484
4572857
4527259
4582901
4583583
4587966
4504895
4450348
4577634
4616860
4518457
4549919
4568658
4532535
4641461
4679673
4556818
4615537
4447000
4711967
4430917
4594411
4497074
4532668
4556571
4410169
4532794
4492961
4433697
4500199
4505828
