4475808
4535224
4705539
4570024
4574550
4637973
4500564
4672546
4411583
4707314
4643352
4743126
4627910
4533631
4521083
4589934
4562193
4495408
4551219
4584492
4987608
4562543
4560843
4507185
4425169
4727323
4590278
4661109
4612736
4612966
4468367
4645610
4555898
4564971
4509422
4582567
4551789
4585056
4676965
4741477
4718157
4754781
4602604
4536651
4591646
4569189
4591072
4531247
4524670
4437458
4554788
4634581
4706924
4682263
4585921
4722900
4599003
4709574
4593204
4546801
4564893
4599712
4533952
4549548
4628941
4528430
4616323
4491165
4546331
4637411
4634433
4645884
4615197
4668162
4650191
4608967
4604625
4472833
4706072
4655521
4702334
4499987
4573092
4743190
4629068
4663138
4582166
4628801
4538479
4592315
4523421
4458449
4722012
4452432
4652873
4562200
4546436
4547260
4560181
4606872
4554700
4489183
4488250
4557567
4540477
4710079
4615730
4574075
4626987
4576160
4637680
4632720
4643273
4558881
4509442
4631458
4671155
4567253
4610111
4621390
4584785
4687022
4742017
4611969
4669444
4497823
4763195
4481354
4646107
4549926
4606668
4612705
4462846
4588294
4531916
4483724
4550479
4559859
