29451
42506
37222
34771
37196
38710
35387
35660
32187
38173
34399
38040
35160
36265
38539
37439
35618
36703
39263
36870
36478
26872
45296
38475
29206
36536
35438
39361
34880
37357
44384
37212
34614
37238
36594
40461
42911
36758
35412
37939
47419
35854
38669
37342
36451
35583
39646
34847
35619
35130
37728
38304
36322
38301
36154
35778
34726
37062
41093
36295
19651
40926
34721
38122
35267
38086
36094
19903
24091
36665
37332
47599
38913
34372
36729
40403
32645
35375
35699
34397
35468
32268
37856
29231
46491
36729
40937
36980
38585
37387
31081
35764
39022
36765
38213
35346
39077
36743
39042
34922
38150
33467
37486
34087
25822
34137
40783
37986
38962
18903
45069
36009
47806
35572
36410
38237
36338
35607
38080
37025
34950
36964
40629
34234
33149
37005
38862
35623
37728
37206
37606
40486
28441
38081
36646
38640
38103
37000
34163
35241
40188
35784
36014
36482
35313
36192
37579
40720
25616
38162
34953
36803
40193
36191
31185
34357
