37600
68639
46117
42560
45466
46049
43673
47707
40566
46621
42896
46025
46911
44446
48263
46585
43975
49180
48061
45483
45770
34444
53601
47405
38315
45252
43683
47689
42668
45451
52367
45983
43101
45380
44994
49040
50252
45312
43253
45852
57328
46942
47340
45912
44604
44099
47097
42767
46322
43061
45850
46198
44682
46378
44033
45074
43278
45263
49909
44571
26354
49124
43410
46846
43534
45956
43989
27807
32222
45342
45660
55935
46850
43379
45761
49824
41248
43359
44195
42957
44157
40505
46107
37074
55028
44133
49661
45656
50721
47332
39068
44505
46749
44610
46055
43533
46202
44671
47526
43206
47095
41322
45277
41713
34178
43068
48589
47428
47343
27078
53399
43872
55991
43518
44774
46410
44376
43410
45943
44788
42240
46686
49595
42622
40890
44674
46643
43223
45765
45119
46444
48551
35978
45531
45099
47104
46243
46863
42061
50750
49189
44247
44567
44196
43219
43698
46004
49048
33731
46468
42750
45328
49479
44329
39598
42900
