8632249
8277541
8406872
8012841
8404081
12302632
13031270
13419777
13530770
13398934
14086180
15893714
16152134
15384788
15184909
16374800
18200000
19522781
20607890
21656646
23061860
25892175
27726256
29170709
30011125
30004876
30006003
30002711
30003441
30005111
30002916
30003508
30002862
30003716
30004702
30005704
30004012
30004634
30004495
30001917
30001736
30003910
30004477
30002659
30005326
30005102
30003916
30002983
30004876
30002167
30004480
30009754
30011386
30010525
30003994
30002548
30004506
30005325
30005205
30001038
30007233
30002418
30002314
30005620
30002787
30001613
30004017
30006798
30005597
30003013
29448026
29251554
