53128
82973
86021
79704
65026
60330
66443
63559
53181
68402
65785
82852
50509
62767
66465
111714
61706
66789
63389
52334
63287
64621
61194
59095
37414
40739
59996
53945
43471
62677
52118
50565
66996
45153
58363
36843
36379
59843
46116
47852
59175
56344
71701
52123
51599
42232
76200
46624
57393
49537
74581
42941
42183
78841
64809
39399
41309
33373
32959
43966
47681
61960
58898
86199
55652
67692
56573
56399
58684
56003
67325
71482
72616
50890
57806
57853
49933
43187
84391
75935
75686
76699
73646
67775
53448
54606
54874
54080
43852
46364
57447
64904
44868
101118
66508
58880
33251
46429
70365
42289
59863
43108
38534
52691
89282
56747
49906
43894
49209
68231
62429
53546
52625
66198
39232
95669
71484
48712
31293
46297
71591
64160
71815
44714
56386
30753
55619
37420
60966
62843
48368
33957
67649
80542
59939
78948
50664
56109
60862
56258
52991
45577
54025
93573
39243
78164
59154
68635
35341
52041
49939
54263
64399
60043
32090
46442
