202577
222257
241678
238960
215007
222437
217248
204460
199403
226873
237111
223310
179778
214509
207372
301158
202826
197820
193218
188631
210863
183248
198453
182006
152108
175150
189940
176739
215007
190483
169325
179480
209346
183122
197335
202155
199578
210968
184826
190092
201914
179805
191234
220962
198018
166703
263301
201048
197146
221874
196951
219398
163044
194282
185701
148132
179099
172901
170785
195556
204318
185582
190440
209902
220153
211266
196163
179184
187584
201200
217545
242367
226614
186111
200001
202208
205576
170670
231320
233163
210008
211471
208083
209917
208959
177929
194205
175192
169084
159068
160974
194812
158187
261006
207417
172020
161261
166000
201055
145849
190247
159779
167585
169341
232569
174547
179133
225479
225334
192496
176761
205418
194946
197335
152642
232664
191223
178455
166143
186309
224083
201156
200308
182444
200616
181967
192974
182199
216424
209710
196497
164359
223309
199418
204493
251307
193292
187012
189050
219791
194481
190764
196962
227983
151237
192942
191239
215868
168816
173393
164495
180085
181521
178196
179365
160873
