789434
800769
772785
759821
798149
782456
746515
754281
769323
769198
763065
760854
897111
793065
902034
924029
907408
817468
806359
870427
812522
868739
774759
898128
858680
904086
808040
825438
891901
772298
858498
880937
856420
939628
824459
885776
921007
827647
846324
834605
857371
840110
820977
867872
849771
813821
843916
845511
914283
917956
831968
896323
875779
895488
839132
834783
881887
839439
857898
886068
868438
918726
851631
872310
785517
889327
826342
864230
835240
790487
813225
829133
864870
859767
836459
886588
801925
784314
816187
858834
829228
805427
803228
855548
849493
825525
918236
821277
925701
823918
848319
790467
895463
807618
823421
859093
915751
813088
822534
856841
849557
768464
825884
791037
842420
754271
820234
787680
789801
877710
804658
793421
900647
780122
832615
819556
760838
864348
851998
795496
1011761
847247
874444
810615
816507
956435
869698
883840
816755
797683
831002
845102
889700
825927
862852
809212
824442
853060
839565
826904
789508
814606
792783
825922
887509
821831
852858
800819
774375
874132
857432
851150
811208
867271
833343
794300
