797555
810202
780198
768839
811264
797928
755262
762403
779193
784542
773062
769748
903030
801635
916829
931742
916451
825356
815705
878816
822870
876983
783614
908624
866304
914269
814476
833414
899457
779842
868874
888523
863759
946940
833301
893793
928313
836727
855983
843474
865104
848642
827819
876234
856979
823169
851789
853407
923091
925548
840130
905018
882694
905872
846367
843826
888986
851790
866043
893452
874467
926920
859438
883534
795190
898447
834829
871787
842631
798836
822099
841524
875211
868222
862450
894576
809040
1345286
824859
866765
836739
813547
810183
863932
861591
834245
925414
828960
933309
829938
855585
801487
903419
816015
834646
866864
922528
821755
831019
864778
856239
774645
833733
799958
853169
763765
849691
795273
794323
886355
812992
803440
907239
787791
843493
827152
768286
874212
858812
804328
1026002
856125
881906
821316
824109
963161
878498
891586
824159
805393
840244
853124
898310
834451
871003
818295
832139
861664
846919
833946
799060
823263
801919
834527
898131
830163
862948
808931
781981
883190
870447
859670
821448
876651
841587
802701
