54975
44552
43630
60631
45140
51861
52942
27002
96432
43819
46847
53264
45536
51579
35769
53694
62634
33402
60429
46479
41487
65129
27678
40128
51314
45997
38311
47536
45871
37866
45339
48078
44297
39284
47043
46048
35710
51221
43290
46934
41324
40283
35304
47770
50233
28801
50136
55351
45538
58967
36256
45813
51066
46142
55832
54426
50110
44735
38771
49004
47117
44443
52259
50693
32749
45860
44603
44281
31974
55605
28665
39850
42681
38722
58470
38760
55172
43965
44921
50514
40872
40227
47213
44747
38771
45242
47410
36886
50455
44960
59541
43840
45229
43208
49149
35065
43307
42612
48947
39499
54562
38382
56525
46236
48648
58338
43882
51613
46145
43736
52649
43615
43760
35367
32088
45988
50632
46607
62425
33111
44130
60276
43942
35330
58529
44779
37083
48039
44064
50853
42516
43137
60523
46065
43756
46829
36969
56817
46531
45625
59118
31002
41552
52043
50500
44749
36777
42606
43506
59313
50912
41714
46905
40567
56337
50973
