63689
53903
69247
69694
54028
61209
61145
39371
105794
53043
55827
62220
54985
59251
42718
59088
69757
43206
69693
54183
49285
73401
37514
48518
58546
64778
46685
54587
56706
45655
53654
54407
52556
46740
58673
53449
41916
59997
51536
55710
47306
47913
40659
54716
61599
37490
57447
64753
54428
66876
56994
53615
58060
55000
62448
62237
57746
52339
46411
57052
56141
51994
60493
58146
39777
54900
50989
62396
41073
61948
36787
49342
50728
44195
66167
46701
63370
53678
50774
57543
48126
48405
55103
52150
46504
54702
54123
43887
56948
52111
66881
50727
54440
50561
57253
42755
50291
48474
61585
46180
62185
45176
63514
54312
58695
66702
52461
58375
54013
51677
59909
50048
51793
41000
38517
54206
56817
60490
71406
43763
51336
66761
53600
46089
66560
52456
44418
55750
51199
58536
49601
51273
66884
52916
51739
55815
44246
64920
53877
52541
68739
36713
48687
63227
59690
51823
46314
49899
50991
65457
57551
49962
54503
48242
65314
59106
