1191257
1161673
1175185
1058660
1080372
1028529
1154256
1055033
1136976
1073189
1093111
1055728
1234101
1188387
1214482
1283377
1270663
1244277
1206411
1205491
1233947
1173229
1268971
1220709
1369439
1279147
1234935
1213637
1213196
1186514
1316501
1170460
1233020
1210758
1224878
1258189
1233151
1191827
1251345
1240744
1314594
1272471
1203363
1197633
1232306
1202436
1201161
1164809
1176100
1154131
1292393
1172911
1241185
1276765
1191409
1147367
1167845
1248079
1199089
1240645
1246831
1256033
1253208
1196351
1140813
1230455
1195654
1180548
1196642
1174054
1150984
1197256
1279666
1107323
1259891
1288112
1240435
1157046
1211641
1142073
1196473
1243915
1209566
1147455
1248757
1210887
1214510
1236703
1252504
1181630
1124149
1205217
1170753
1137889
1147864
1167707
1311349
1164148
1226262
1181083
1244924
1272375
1190017
1217989
1216021
1115018
1162335
1283315
1196515
1142172
1278967
1232166
1200108
1204848
1160855
1214915
1169061
1176957
1187188
1179352
1194010
1945149
1181584
1244506
1259704
1074507
1265096
1210283
1223932
1164883
1167999
1205855
1177203
1083172
1173296
1222305
1194703
1154737
1247001
1144756
1138854
1157082
1269878
1138657
1252547
1230993
1184172
1137628
1168994
1214521
1105351
1149830
1110689
1167208
1194380
1209374
