1211880
1189038
1197447
1091224
1102670
1049881
1166955
1076859
1158384
1091081
1111911
1077261
1255067
1210027
1233517
1294975
1280181
1263157
1219924
1223035
1248310
1199947
1288110
1235655
1388513
1300526
1248772
1703038
1227805
1201736
1325976
1187311
1247106
1227203
1271345
1272351
1247413
1210626
1267755
1264194
1328220
1286714
1226309
1221443
1250552
1216234
1218027
1178286
1195391
1169286
1308824
1184636
1256720
1301044
1207384
1163039
1188625
1262426
1218917
1253345
1261525
1276378
1274603
1215477
1162391
1250689
1209842
1206505
1214385
1189264
1175070
1915520
1297635
1124585
1280114
1304361
1260563
1172095
1235087
1160617
1219137
1263427
1230716
1168769
1260225
1233189
1232300
1249187
1276633
1198791
1137369
1219350
1187551
1146951
1161962
1181300
1326107
1177708
1246515
1196173
1260225
1287310
1201621
1231878
1235428
1128685
1172589
1303079
1211357
1339370
1297916
1251478
1216648
1218604
1171149
1230210
1186790
1196068
1209855
1197361
1209902
1965057
1199359
1264775
1282725
1092828
1289201
1227353
1239084
1177121
1188439
1225114
1196978
1111513
1197572
1242029
1211766
1367102
1271011
1163139
1159070
1176800
1290855
1167740
1271263
1252388
1206049
1149813
1181751
1233950
1118761
1159843
1125659
1185105
1211321
1222682
