60629
72234
61061
57451
53077
53296
75344
50405
77613
66556
65120
58189
70882
80673
43322
61895
42415
68239
70297
51597
68156
60430
67386
66250
58912
46080
63752
76758
62380
38299
68510
54827
72266
46234
66617
61618
50695
54945
68214
66770
54735
53996
64144
67280
53804
59461
46341
69442
86664
71450
64230
45230
55602
72762
71556
51581
77810
57384
55370
65018
68986
44686
54675
57581
61440
75681
64603
60427
50317
55004
47369
52958
48581
55296
84367
43695
54295
43565
62094
51527
69167
52176
70974
68797
60122
56530
52872
70648
63734
59715
55157
56139
49222
62361
62497
58445
64538
66665
69160
31058
65983
76500
65872
70209
40692
60709
70832
79679
58536
73890
58129
59197
54809
65676
56085
67278
57010
73758
55732
78831
50077
54104
68629
63220
67596
48227
56742
79100
54235
55828
58535
81087
63441
77320
65192
57068
38852
57678
63028
66878
63249
78906
76377
69235
63360
72253
63021
72485
48258
62742
69231
69522
54122
68662
53583
73096
