225444
223607
198267
216638
193719
217981
212917
179502
217666
212843
221861
199639
207277
228299
169255
213872
178066
226687
220111
208490
217665
200050
226060
213053
209857
195675
215572
226738
215249
191449
239398
206856
257219
199339
206558
222266
208014
192942
229967
229949
231369
220877
241205
437255
200209
211650
217215
212894
237941
224034
206457
196486
198098
232135
222768
216670
226992
217414
211117
217701
205946
204397
203042
235710
226542
230712
205480
207651
203806
201387
190963
195221
202242
203568
235633
189701
222571
183798
216237
209390
213576
193284
211767
217264
205467
216872
204293
255367
217567
204725
201075
211238
207274
196931
209667
218383
232889
211697
223859
176666
205406
229139
213973
222838
187504
218538
217267
238497
215726
214062
200094
215297
201851
197024
204882
221281
231575
224805
204523
225049
203195
198028
210780
205814
212504
198583
211804
227476
204273
219550
230064
239209
210372
231936
245101
201957
182530
201952
214587
219253
210311
221363
220146
224608
205405
229890
201243
211563
205779
219567
221125
222840
198394
219282
210164
223179
