1201185
1384985
1303072
1434198
1224958
1344770
1285001
1477775
1271247
1338678
1358050
1446789
2314309
2154946
2543807
2086767
2161763
2071696
2279792
2434452
2229310
2399266
2130394
2387160
2638176
2325257
2038711
2996862
2441097
2441884
2475882
2312397
2540050
2216349
2373169
2249086
3248571
2878413
2523513
2786871
2988217
2653141
2625555
3281339
2740078
2678796
2716987
2747624
3116851
2946162
3090583
2658595
2746146
2542531
2761158
2319387
2322992
2477556
2187284
2428477
2484525
2227444
2205672
2179807
2216229
2497919
2141551
2128800
2365211
2227308
2209693
2189207
2065147
2359653
2594894
2244366
2379669
2363379
2272864
2159513
2596649
2295502
2201437
2256117
2679106
2585535
2823463
3032844
2908837
2807884
2577069
3082862
2917280
2434358
2457170
2763319
2859383
2789291
2609687
2325673
2587200
2889133
2789600
2397281
2690667
2863542
2851501
2799085
3510905
3572509
3207952
3242256
3077446
3114317
2386953
2235864
2026987
2279965
2535543
2378603
2259158
2358259
2368201
2314175
2206491
2242639
2305076
2157647
1996189
2352362
2243931
2229751
2246243
2477118
2312285
2178310
2352581
2457324
2085049
2190905
2123518
2193407
2276393
2551388
2547801
2397165
2336877
2374451
2160277
2315174
2153883
2220932
1975736
2007143
2178636
2194811
