1227329
1392928
1312334
1443222
1233804
1353719
1293155
1486863
1280065
1347684
1365879
1459774
2319418
2161380
2570782
2665341
2168431
2082528
2287860
2440562
2239377
2407660
2136694
2394792
2647981
2335859
2044230
3001854
2450938
2447446
2483747
2320232
2545608
2225578
2378904
2254921
3253734
2901595
2529637
2792605
2994408
2658526
2630673
3286465
2745887
2686966
2730223
2752844
3124474
2952886
3102004
2663747
2751159
2556862
2769441
2330025
2330945
2485098
2209180
2436351
2490733
2239532
2212880
2187431
2446091
2505994
2148017
2139992
2386237
2233841
2216920
2196230
2072249
2365773
2602763
2251705
2387706
2376412
2279786
2169269
2609252
2305218
2208715
2265068
2690676
2592393
2833320
3039951
2916047
2815017
2587263
3088040
2925612
2439384
2462125
2770193
2863605
2796827
2616931
2333142
2597320
2898862
2809180
2402257
2704209
2869262
2856630
2805294
3518327
3582568
3214152
3255159
3081954
3121585
2397296
2241891
2033300
2289234
2543245
2385706
2267333
2369070
2374678
2319711
2214517
2248025
2314038
2164272
2003188
2358778
2251790
2236300
2255826
2486839
2319871
2189859
2360203
2462868
2094057
2198793
2129334
2201189
2283296
2557034
2559275
2411371
2342157
2381264
2168754
2320076
2159389
2239874
1981268
2015166
2185057
2200860
