4750741
4995353
4832591
4696532
4632189
4746529
4872395
4876566
4921919
5494048
5353463
5365023
7775391
6876762
6069774
5443773
5250265
5336944
5489753
5393381
5491178
5278128
5491960
5318236
5330052
5412082
5367768
5408676
5526235
5426406
5441924
5412085
5542440
5367236
5412490
5315146
5182646
5404334
5589803
5451869
5340607
5388618
5219864
5378466
5223058
5162169
5176428
5323858
5285650
5356951
5413838
5297972
5068758
5340618
5017319
4970283
5098860
5146540
5312586
5339366
5433160
5226480
5442601
5235109
5236094
5092810
5150103
5377232
5220243
5389311
5242687
5096095
5140002
5122518
5222487
5208432
5067941
5415730
5277192
5109997
5046671
5239576
4960402
5150990
5000127
5058636
4956049
5232679
5409181
5113597
4907261
5472890
5164042
5272177
5221760
5417928
5364453
5569191
5580677
5358658
5236711
5442649
5177483
5281688
5326438
5339656
5299256
5568097
5179742
5255158
5233680
5415540
5364460
5437357
5259836
5483923
5183513
5473454
5232640
5004862
5047422
4891160
5116580
4792662
5090530
5049177
