4812593
5048416
4868315
4746753
4683098
4800053
4927243
4925074
4975110
5563711
5396743
5409939
7836659
6915549
6119240
5490448
5298095
5382926
5548180
5445176
5543157
5333693
5531016
5361403
5368614
5450708
5398928
5438594
5573195
5482986
5469779
5455313
5595278
5416169
5459134
5362017
5226118
5449483
5637209
5499282
5387205
5437655
5264047
5427498
5280330
5229932
5234717
5370885
5321322
5415413
5445397
5364350
5127909
5376326
5094587
5024680
5155161
5186274
5358352
5376361
5481523
5277009
5489651
5275446
5281447
5140375
5191001
5433516
5273823
5440617
5286807
5138563
5182085
5182523
5271701
5247109
5100428
5466312
5313407
5140554
5086813
5291942
5018137
5209407
5032207
5107347
4989834
5277129
5455692
5149798
4950704
5518272
5203819
5309270
5262091
5454638
5404361
5601622
5617142
5409978
5295616
5511147
5229081
5343140
5363960
5373558
5340532
5621367
5232302
5292483
5289830
5459058
5408953
5487042
5306264
5523220
5237073
5525081
5269448
5033911
5109792
4933433
5159677
4827834
5130672
5092408
