126022
107193
115180
81305
78065
107059
81160
70998
67508
68122
90469
91073
79819
120874
87997
90098
53647
71606
106985
68625
73252
111333
98520
85433
106146
129925
96832
101818
96583
90293
87887
83587
79890
93015
100427
97964
99391
94022
89068
106074
92757
98757
113300
71881
81099
77286
81723
108121
94765
87411
104976
101007
90750
92606
139056
92609
116859
100813
96623
120656
112685
104899
134821
106479
96442
81192
93773
127925
112438
90736
98650
110639
82950
100146
125733
89229
97558
89166
80708
115766
127043
96679
108785
115335
81670
78613
77913
75635
120670
79595
148323
132256
81324
100513
91892
138091
76574
84852
94176
172224
94898
150938
110325
136391
118701
95472
88206
126471
109753
102917
127205
93201
117025
117258
89233
84062
91322
97982
87533
115333
72018
91380
81343
91319
93370
107496
104451
88108
114929
94602
93140
106657
79222
95213
104022
93754
120731
81934
93927
110040
114944
86940
77447
95582
127447
105527
97485
80031
88396
85826
90453
81650
91255
86051
103865
100226
