172877
142579
150815
113466
113957
139202
121841
101811
101798
99671
123354
130054
107296
143277
623890
127070
88857
100032
137147
99485
101316
144757
125399
104524
126635
156090
125604
120282
126344
107883
104419
106526
98682
110875
120935
119713
144104
134921
114092
133505
107811
120292
145060
111751
111527
103745
99679
127219
137564
116100
127547
128951
110179
117008
165219
120361
152140
137850
123795
165690
141952
138772
174318
135640
119207
121281
126035
151266
145835
112117
133377
143639
104828
131986
160035
119026
135180
117463
111178
147019
147625
131913
132816
147673
104727
112219
100755
96475
142181
97551
192924
154994
116517
123320
110143
164751
99440
110771
120165
198030
114145
166575
127922
350318
138082
112309
104733
143604
128916
125787
142420
123851
149060
143764
109542
112456
111674
132911
125248
147506
104596
127282
97821
124961
115421
130879
158000
660448
142504
123692
115856
137589
99553
133877
143079
124856
154018
108999
118025
141344
153821
116579
117511
113825
173572
137965
116442
99068
121768
109686
114950
105510
121712
109878
141471
132101
