3509029
3474640
3541978
3525854
3607963
3573649
3480547
3559167
3467893
3471669
3472084
3896395
3731302
3989091
3782440
3614189
3621813
3627048
3603129
3637635
3657960
3669024
3646462
3652120
3584575
3857551
3609481
3710886
3601650
3633543
3633226
3809382
3696366
3707980
3717341
3762701
3719404
3631013
3650264
3574780
3684884
3610334
3596056
3664548
3753153
3683339
3643600
3612485
3663125
3626637
3685359
3692837
3679852
3725934
3605516
3664123
3707534
3570883
3564845
3658509
3635249
3628920
3652921
3612152
3678440
3774921
3546394
3580750
3580502
3539073
3592888
3659124
3714443
3575869
3675878
3619785
3621857
3602536
3562880
3573806
3606426
3575956
3615794
3783709
3655688
3727784
3718550
3711290
3653075
3648951
3592066
3658613
3725946
3658431
3723067
3755658
3633211
3760078
3589039
3585373
3613228
3630959
3891551
3606251
3593444
3592169
3624780
3878271
3779522
3753394
3664482
3700141
3668497
3611735
3576090
3629087
3577515
3598527
3677022
3718189
3682838
3633940
3688324
3591196
3628359
3661818
3592329
3602075
3585403
3614250
3583377
3637517
3647355
3694756
3568406
3618609
3584920
3588706
3634974
3625174
3613332
3522444
3573199
3673211
3700331
3827671
3647114
3568120
3590062
3599917
3639479
3756768
3686048
3795419
3655495
3897993
