3516966
3500896
3550092
3533403
3615435
3581669
3487646
3567324
3477200
3480400
3482188
3912751
3745307
4000635
3786800
3619516
3632412
3632890
3609604
3643548
3667442
3677255
3652928
3659770
3603378
3864077
3615696
3728059
3616691
3640235
3639660
3816851
3863330
3714590
3726255
3768737
3726166
3636835
3658229
3587241
3691582
3619336
3602208
3669932
3758922
3689312
3654915
3620934
3684583
3636931
3693317
3700412
3687817
3733262
3618654
3676648
3724615
3578810
3574868
3664310
3641711
3635307
3662684
3619155
3686349
3780850
3551747
3588782
3588633
3546520
3599384
3667942
3723335
3586338
3682950
3624597
3627982
3616192
3573103
3580740
3614134
3583360
3623814
3790054
3660329
3734266
3725284
3716561
3658228
3656370
3603377
3666057
3735165
3667390
3729578
3760268
3638208
3767019
3593510
3591262
3623972
3635192
3896192
3619328
3599701
3598597
3634814
3893932
3785304
3758277
3674837
3704962
3676678
3629831
3588054
3636817
3585186
3604912
3693073
3730761
3688379
3676086
3704156
3598480
3638490
3674862
3598905
3611030
3592901
3620400
3594682
3644776
3661902
3700657
3576261
3627045
3592837
3597193
3648976
3637224
3620118
3529815
3582010
3688717
3707097
3833912
3656364
3576269
3605067
3614246
3653412
3766425
3943304
3801082
3660986
3903562
