7809709
8325004
7580096
7635022
7576535
8102555
8392712
7756157
8331069
7908538
7765030
7781449
8053443
8039402
7620449
8042770
7791017
8061261
8313427
8385094
8333160
8478488
8708717
8504325
8431130
8327239
8232375
8390594
8359836
8193684
8210944
8935076
8501884
8327125
8994656
8276281
8416135
8462169
8828677
8269344
8241521
8608587
8338085
8651605
8494048
8383666
8368720
8712973
8251884
8243819
8421819
8196721
8143391
8389259
8610225
8325112
8401508
8426817
8309849
8222385
8700451
8753035
8313413
8440787
8423777
8047731
8344004
8189531
8145552
9141456
8624097
8288966
8975745
8351789
8135801
8545447
7862143
7651646
7496088
7645205
7708807
7592638
