7817221
8333939
7606144
7644132
7586317
8111692
8401433
7765274
8341234
7917590
7776811
7790539
8065108
8048626
7629936
8051431
7799279
8070157
8321834
8393802
8341991
8487070
8719426
8513309
8440025
8335574
8240671
8398862
8369149
8202505
8219585
8943713
8511195
8335798
9003573
8285856
8425273
8470086
8837419
8277555
8249890
8616646
8346649
8660403
8502404
8391912
8377355
8720557
8261383
8252232
8430404
8205164
8151684
8397517
8618553
8333179
8410304
8435320
8317786
8230469
8717008
8762670
8322423
8449279
8431796
8056172
8352658
8197950
8152857
9150061
8631833
8297272
8985611
8360319
8146686
8553667
7871264
7660134
7504988
7653842
7718216
7601288
