23737
29173
35228
30377
29389
29024
30999
26994
28877
28415
29006
29412
17308
31465
39316
20025
24715
28316
16210
16387
13934
33545
30242
30004
23916
13884
13459
20980
20441
22703
33482
17565
13700
14389
16502
17286
22366
16740
24775
25515
25314
20574
23858
15459
24584
19934
33481
27302
20545
25514
23170
39470
22423
20897
21182
32095
13833
21693
20978
23917
19760
34671
34914
29029
33183
20583
32448
31564
23077
34190
27112
30918
20762
31482
28470
19568
24388
14162
34024
24249
32232
30714
33471
18576
21490
25332
15574
18068
16713
27579
24637
29515
16655
18968
17019
29890
24105
22875
16070
16848
13830
28637
20196
35111
13552
16837
18937
21214
23696
21167
35150
17719
13548
15370
27852
18272
31363
37503
37543
20484
33742
34431
26855
19977
16069
15809
31426
33099
13657
33603
31721
39230
22924
32101
28268
30181
28882
29226
30811
19988
15174
14431
22051
14137
41831
14677
23240
28184
14485
20761
17916
17663
13712
15129
19018
17251
