31066
37615
61844
39249
37397
39944
38804
35599
38188
36624
41258
37407
24644
38928
60439
34824
36870
35448
23145
26979
25700
41274
36201
36514
30640
20650
20877
26300
31755
35235
39994
23331
19977
20060
27966
25496
30761
21175
33310
35079
31815
31476
33908
28873
30459
33795
40396
34917
27693
33968
30106
44478
28586
26792
27042
38606
22510
30326
34794
33031
24819
43435
42451
36000
43668
28482
42907
39110
32685
41560
33649
59836
35480
37323
35534
25320
32718
24320
43069
36490
39755
40980
40302
25719
28677
31067
22036
25994
24271
34154
30323
37869
23927
26169
24303
44572
38531
29378
26432
22130
20559
33945
30572
41935
19344
23507
25224
30597
29590
31961
40644
27556
20549
21747
37087
25326
41281
43873
48207
27350
47563
41113
33813
30118
27476
21592
38311
41652
19436
43106
39622
47281
30179
43207
40126
39317
39805
36675
37042
28094
22081
19661
30681
24463
50803
19778
28962
38892
21133
28581
22719
24052
19755
20901
27482
23280
