835162
768473
759373
855523
750616
743410
746386
739003
749119
796137
724073
747620
834912
782251
746733
797952
750921
748538
719933
793282
735523
742762
763738
789111
771992
812252
760861
730573
785564
735145
735785
744203
770872
735037
764340
772664
747142
739555
789567
733200
746516
776967
726379
759794
834416
755845
743914
768486
770669
744951
750516
796758
783126
744880
795757
765659
767410
780455
749641
791498
821003
760878
778229
849692
727862
757918
783449
779942
743913
797565
749664
743748
788120
759028
763154
750772
792429
756685
756866
792752
795954
759689
782849
765231
817403
789985
744159
736938
778973
784010
746999
760907
748805
775249
735615
776242
742633
739405
758176
745233
738697
825329
737229
749306
756993
742927
762774
804374
761018
742144
752873
805940
741332
799949
800209
742617
732541
760422
727092
757302
751234
745593
755346
795960
741881
754532
744528
764925
749275
803692
746590
733307
805466
833531
821767
741987
744642
739360
753541
754401
772311
748116
755142
779759
798922
773009
812989
820188
746501
790363
735843
737150
761868
748688
746776
762463
