859334
778436
768545
867257
758892
752423
755738
748037
758310
805269
735149
756891
843643
791854
755355
806482
760252
758914
728639
802574
743978
752526
772774
797607
781125
821422
770150
740390
794153
744090
746147
753312
779807
745077
773050
781252
756452
749558
797659
742261
755632
786541
735743
768344
843632
765110
752782
777180
779480
754034
758790
806211
791856
754781
804025
774451
776524
789117
759342
800745
831724
771163
786941
858062
736566
768378
792463
788698
752595
806308
758480
754499
800059
768278
772131
759302
801757
765626
767065
801886
805749
768944
792212
773904
827603
798878
752889
745852
789106
797625
756627
770453
758358
783869
744765
783816
751700
748170
767619
754688
747125
833638
745983
757834
766821
751888
772320
813654
769832
752536
761799
816427
750070
809158
808750
751744
741641
769981
736197
765970
761236
754292
766174
805025
752160
763147
754269
774231
758201
812470
754937
742837
815033
845730
830647
750978
753840
749130
763304
763463
782144
756907
764272
788990
809477
781977
821455
829057
755388
801117
744544
745830
770683
757486
755490
771575
