315695
165694
348319
287813
187216
329190
296635
285785
317854
194442
327971
217769
335758
369631
441112
341402
275693
213203
286958
295332
199610
292236
356714
285617
177241
358531
340713
339263
330971
386213
359166
306746
336775
204840
403568
308782
391589
188790
327283
330986
291612
320538
196891
317058
349882
350435
356548
289004
213316
339357
281000
278674
342638
337777
293954
307236
347249
164376
198553
282309
358110
324021
335223
350693
197794
295464
296787
352346
200624
286936
295114
342643
321958
304466
349832
283399
321034
383764
354472
278223
315401
337329
340097
283545
322631
299706
410872
331459
296359
254091
343715
335088
341243
325270
347332
384410
263752
288749
338657
339679
357602
328845
340586
316251
322765
341999
335344
321748
420864
268571
338473
310890
191125
324127
366287
365422
214527
358347
356052
322277
409543
367785
373828
367864
321515
294669
185547
334402
334952
330287
338923
395580
329797
181642
339286
190475
324604
196380
353870
354340
390034
277804
267035
315029
324738
333817
321446
309425
185854
166399
285970
341397
343382
302889
356352
284794
