341499
174130
357134
295431
195587
337721
306851
293799
326541
203615
340551
225772
343618
376754
451121
349697
282945
219017
294685
302222
206702
299298
363388
292896
182915
367895
346985
345819
338010
395105
367113
315759
345588
216006
410429
314917
397532
196577
337045
340251
300879
328638
203463
324248
357207
357960
363314
297617
218870
347564
288782
286984
348982
345605
311632
314605
355322
177907
204559
288967
364180
331311
342874
359091
205202
305978
305292
360693
207618
301185
303043
352291
326561
314158
357320
289878
328738
389333
362748
286144
321994
346737
346943
291905
337384
308101
417425
339467
303464
260751
351442
342378
348125
333017
354181
392147
268931
296304
350107
348026
363570
335211
348594
324791
330958
348978
342812
328768
426468
276039
345706
318559
199140
330903
372230
372852
223562
365799
362429
329294
415055
374336
380129
375062
328845
301979
192841
342147
341785
337575
347015
404371
335689
190343
345634
197968
331843
203422
360300
364351
397504
285724
273930
321499
332165
341190
327605
316094
196483
174702
293285
350717
351242
309988
364087
291217
