2078475
1464410
1328861
1436695
1295342
1487042
1519105
1531079
1210177
1311480
1295704
1253961
2839886
2920151
2198536
2499098
2248519
2327001
2161508
2274188
2096612
2084204
2447611
2530016
3219910
2593122
2128694
2844444
2728686
2377145
2302584
2255070
2346723
2052836
2468521
2049725
2631998
2518100
2751700
2850631
2797174
2984195
2663471
3162917
2927249
2860460
3114504
2859927
3039221
2907758
2893798
2767297
2636268
2486605
2595549
2223943
2271674
2371384
2285516
2460490
2573446
2486622
2472553
2195740
2153559
2380725
2541230
2331887
3233916
2270989
2220613
2604702
2375996
2115593
2192752
2129733
2386047
2247010
2288884
2025336
2664322
2007753
2411244
2428349
2662227
2587884
2858969
3422331
2930310
2713149
2669498
2713636
2580454
2557731
2757053
2790191
2810172
2740766
2576329
2680229
2783354
2895472
2811747
2860310
2759711
2872574
2987331
3053025
3193788
2811934
3066157
3356005
2772955
2591822
2943831
2348664
1933581
2072234
2152908
2448040
2523840
2538625
2314622
2498847
2269899
2558571
2484839
2608037
2303414
2237418
2180377
2383324
2594229
2837622
2234738
2353432
2448107
2242263
2199623
2053573
2170642
2012204
2120660
2424419
2263231
2052679
2121294
2029013
2317190
2618863
2071234
2405146
2194715
1985527
2083651
1924227
