2087185
1490268
1338579
1443910
1311540
1494439
1528082
1539368
1218957
1319761
1304235
1264757
2844395
2925423
2206219
2511729
2259623
2345814
2169497
2281517
2108636
2091826
2455899
2538225
3230656
2768000
2137117
2852323
2734234
2384044
2309467
2264105
2351775
2062100
2474915
2057371
2644610
2524545
2757150
2855316
2803504
2994450
2670365
3179460
2939882
2868064
3118919
2864420
3049285
2916287
2902344
2776343
2640937
2490846
2601517
2231540
2278191
2381536
2292334
2468028
2581498
2493919
2481194
2205173
2163327
2385630
2547096
2342185
3244432
2277788
2227986
2611890
2382470
2123329
2201607
2136599
2392428
2254046
2296262
2032558
2672881
2014521
2425915
2436354
2668127
2601454
2867977
3430306
2940912
2719496
2675103
2719610
2585283
2564068
2769764
2800908
2823247
2747222
2584326
2692680
2791962
2903936
2817666
2869130
2767293
2884242
2998031
3060063
3200754
2823874
3073457
3365867
2778660
2598012
2951048
2355840
1941935
2079332
2159746
2455776
2529464
2560512
2320856
2510989
2447081
2566568
2491923
2616959
2309525
2244831
2187849
2389728
2599923
2844891
2240757
2361442
2453410
2248526
2208693
2060629
2179791
2021665
2128055
2433797
2273471
2059283
2131008
2514977
2324978
2632712
2077183
2413448
2203827
2002242
2089622
1932656
