7978476
7917876
7811983
7711071
7435114
8058399
8523510
7563345
7949032
7625156
7755296
7966351
7962791
7857660
7789417
7599333
8152710
8066654
8434510
8364442
8353760
8217596
8515152
8509263
8527659
8259417
8330439
8454370
8321016
8332761
9003838
8618840
8325699
8215589
8278151
8257056
8440684
8456949
8397087
8306853
8474410
8319329
8633193
8168634
8649010
8392546
8155351
8305391
8181883
8329586
8545305
8655473
8421981
8451127
8193970
8189649
8285390
8325452
8312551
8314506
8343475
8216592
8434300
8397412
8384824
8498770
8254882
8936338
8705575
8404816
8329824
8369041
8191701
7926533
7781711
7407026
7463350
7634048
7592658
7466301
