7986608
7926338
7831056
7721475
7443830
8085623
8531491
7571382
7958312
7633779
7768253
7975234
7971447
7865705
7798066
7607891
8161855
8075226
8442923
8373179
8362598
8225065
8525197
8518282
8536509
8267904
8338469
8463112
8329654
8340955
9012610
8627206
8333987
8223891
8286093
8266729
8448662
8465754
8405484
8314526
8482707
8328112
8641504
8176580
8657729
8402752
8163332
8313884
8192015
8338006
8553352
8664206
8430114
8459416
8202367
8197572
8293595
8333604
8321209
8323348
8352875
8226151
8443656
8406383
8392652
8506683
8263657
8943471
8715282
8413264
8337872
8377405
8199955
7934671
7791659
7416015
7471410
7642194
7600717
7475212
