160961
115538
124574
112452
99052
99001
93708
76755
123108
78381
92872
68056
67791
103038
111228
100208
61628
192960
97008
82350
99131
115447
87721
68133
91413
137606
102766
104560
95769
87501
86193
97225
128090
111915
85409
96278
168806
119378
146740
75384
84803
142572
102743
103913
90805
79669
85661
111586
102230
95486
125942
85449
122409
97456
157068
83419
75889
114391
111274
124271
102779
103756
100774
96671
90014
109680
110512
88157
74206
102676
80321
100152
91432
88415
87687
106762
91113
83509
91939
131831
113115
117147
96754
95621
111748
131006
113521
100643
99371
105284
96531
88943
82700
90125
98876
89372
108765
85933
85639
96297
76231
77326
110295
115566
92714
78303
101067
77432
97176
70248
132392
106988
84479
115553
84466
92482
77424
112342
85103
83546
73914
125844
92422
101034
101292
73711
96100
104267
92023
89672
96145
79984
94721
108832
101905
89573
95569
82542
102855
97136
92441
93613
103890
114376
104859
107227
80077
91318
132570
102656
95823
80109
99212
84954
94833
91443
