214608
151676
166250
151841
125071
146260
124391
108898
154223
116948
126248
101548
103162
136492
145003
127537
101845
226927
131538
110362
134415
160297
104913
96122
288236
158971
137088
129945
118730
111082
105883
143556
161831
131729
126273
151971
206850
138641
168331
101221
120321
163140
149812
128244
113233
101906
107126
135685
129745
119366
148886
108063
173998
130362
191252
107089
95337
156628
151824
153579
124156
140803
132738
146783
138387
134821
149257
114598
128573
168596
108515
126763
108482
114617
123840
138629
123556
117990
117090
169054
142247
152279
117269
126816
152972
164769
143389
126720
138568
141995
124233
108158
107412
118246
132817
114398
138423
116498
113544
141674
102390
107198
142753
146261
122311
97076
119053
102664
124085
97041
165659
151612
118609
150388
120162
118348
103334
144247
113324
107074
139227
146271
122995
126591
135240
106155
143110
152804
118371
123060
133040
120459
131815
153844
122750
127277
113588
124841
152211
141411
119815
130334
137038
143417
122367
129765
107654
109739
163209
132859
123573
107274
123835
113127
123427
125997
