41656
75647
67746
75259
69852
71954
56026
93131
71316
99592
66194
89342
74973
72688
99066
69163
53417
59610
94946
100452
79372
55846
83740
95739
53383
93879
77602
82860
84426
82148
62098
66936
80743
40613
72980
71287
74187
42905
46934
92901
85170
92502
95370
68005
89646
84471
93960
80392
118634
48655
86041
73073
41119
65255
87031
43318
109586
74776
46970
64957
71043
70074
67514
68158
92651
71562
74818
69504
79038
82532
82328
74817
65858
70865
75465
68134
60588
94358
82249
74884
75329
65520
82434
73796
77635
79863
82969
68783
89239
89468
69253
97048
92709
35976
70275
55757
82940
57327
86491
78850
82973
66803
73260
84821
73803
71867
53877
71646
108405
67617
91557
73165
64402
85327
78134
63601
66704
78131
44929
40775
68879
71618
106240
76772
67498
61615
71466
74696
57587
63184
85461
46501
92334
99679
79516
78361
53932
75618
37291
74533
54575
94418
47710
63868
94429
75570
82373
98686
67651
74258
64207
93740
89210
52018
63980
88001
