49024
99698
75239
84559
78808
81320
67806
101166
79430
107666
75454
100844
83580
81990
114513
75075
63716
69536
103070
112089
87543
66653
90100
102305
65545
101339
84764
93761
91482
88544
67682
75913
89013
48439
81232
78392
81905
47692
55989
100824
93722
99723
104644
73877
97383
90612
102093
91685
129280
53423
93551
78708
49325
78640
93025
50763
123673
82094
59412
76124
81819
77382
81712
75549
100593
81535
81399
75599
85750
93309
92976
82939
74752
77856
84588
76492
67257
102985
87067
82350
90956
75612
89988
84157
83242
88070
91151
75962
104566
95424
75754
103347
101150
42164
79435
60869
94487
69853
91884
87120
89110
73389
83410
93130
85933
81646
61411
78323
113566
74772
107600
87911
73658
94952
83114
76744
77648
84640
52398
47261
77776
77809
127581
86805
80450
69292
78845
82060
64617
70808
94265
54436
100348
106822
88267
85452
61492
81417
47438
82421
60312
100411
55485
70007
102258
80772
87932
110111
79670
86767
70600
108784
95591
62745
70682
105151
