334275
356975
336292
347504
386510
300500
311213
386461
187930
306523
343545
378396
175289
384069
434272
199206
409388
341029
321789
321417
216919
410742
401969
343222
359724
397772
429786
350713
301422
374535
380079
316677
198024
354302
260260
334196
384823
318692
353714
413802
473784
198309
352808
385171
271646
269737
399258
430732
348978
366105
358070
223856
425077
339369
403326
329039
200160
368967
210957
362577
353252
230926
306943
321155
378166
311445
201392
220877
310651
336276
375093
390200
339305
227794
382804
374042
395370
394441
272659
350902
383267
219317
278341
315815
208550
246403
335208
362935
334563
339482
378208
362748
214527
362077
331830
327339
352794
369919
386333
304256
384737
379755
365199
395731
347251
271842
335597
391355
356107
388358
453050
266381
426382
357526
348959
366369
199265
221753
400310
366107
344821
358039
192526
315519
362275
380941
335828
411098
317549
364667
365334
181119
222359
201558
203843
314456
210112
351545
391091
320999
354439
354917
369042
349145
216291
326066
384736
390594
345165
330492
345804
309240
376532
194519
364583
298485
