359745
367979
344122
354486
394950
309212
319245
393104
196386
315438
351678
389667
181721
395668
438833
206575
417550
355545
330452
329403
225015
418927
408266
352367
371731
404165
434865
357123
309663
388562
387203
324882
205382
365662
264644
338958
393790
324536
359589
423456
484399
204663
363288
391768
285494
285070
404512
438312
361821
371119
364331
227897
433195
345169
413229
336028
205952
378316
220011
371702
358514
237921
315854
328352
384385
320466
208806
225374
317118
342466
380763
396377
344654
233978
390054
379181
400861
401441
280908
360178
390647
225916
299629
323225
216891
252769
348692
383741
349278
347075
392084
367724
223162
367780
342365
331679
357458
375526
394344
309566
396271
387622
372050
401785
352285
279852
343563
400922
361702
395536
460294
274098
431405
362266
359322
381908
210771
230250
408275
377826
350645
365441
198440
464456
379092
388230
343145
420724
326393
371072
374765
187999
228047
207810
209418
322147
219460
358970
399392
328891
366049
361886
380880
356498
222332
337237
399260
396750
351384
334908
351291
317456
386185
201512
369487
305025
