222387
422424
323339
361438
290077
381123
452163
463313
540264
305565
269076
318948
403261
743160
747587
650691
499709
654602
499395
584569
479627
429105
600621
583181
822578
545244
730737
623193
559931
706836
573436
656102
683669
563757
604998
856571
796276
896278
577572
933977
651910
774286
767124
901503
624416
835765
385670
492498
1097414
429551
620673
527361
1009842
698379
581023
585999
488955
599811
335958
462756
907137
611419
613263
544345
289200
663257
652969
584557
471076
583169
702572
433883
565852
560175
609513
634773
354525
597428
548646
517286
431070
534259
390218
496179
527607
543063
833644
797745
470959
1088452
390101
527012
509015
637826
422922
687174
488751
623899
493346
552128
508680
779633
794674
638194
798948
395788
571394
580071
575213
538431
816038
606452
826950
432624
377007
516251
460481
567232
331968
576857
521351
601321
578349
516677
331394
629393
424448
355173
467718
323289
546777
519494
608489
472050
763796
543538
367445
476337
319913
492304
303101
554276
424982
356495
887911
539671
583241
602052
607061
729773
821669
605398
600280
553695
630133
486025
