239519
430170
329538
369236
298451
390630
459450
470798
548039
313648
276460
330134
408373
750285
758121
662833
506470
660288
505638
593449
497125
440324
609900
595042
830222
552846
740231
627960
570068
712566
580264
661635
693067
570147
609917
863288
802019
903402
582892
944579
657185
779496
776638
907842
630380
844357
396937
496898
1112013
434816
627167
541230
1018390
705151
589365
592115
500579
607511
343257
470643
947098
618913
626968
549351
307852
668493
665415
591169
476822
592720
716623
439187
579774
567122
617156
644117
361259
608244
554092
533799
436535
540633
397089
501856
531835
548724
838853
806043
485622
1100449
394784
533251
513909
643954
427535
698694
493637
629135
497658
569024
531974
789029
799092
644285
804012
400782
578945
585327
584738
549694
821327
612785
832932
441213
386921
522244
467006
573805
337914
582333
532648
606464
584722
522010
347810
636717
431765
359560
472996
328219
553362
526482
614572
482341
769709
550965
376390
482029
328333
499095
310591
561257
431595
361942
896814
544625
592324
612864
613637
736053
826698
611205
605397
559687
639104
494486
