79854
77767
75287
82314
76861
46409
54990
74389
48870
46196
76494
66464
51659
69538
87713
71881
71539
72561
57095
87892
63257
68646
78899
67376
90475
83285
77179
78492
75101
75071
74515
67426
68335
91633
51722
48941
72103
80736
45546
51189
67094
75912
71990
61467
68408
68807
65181
71541
67664
69754
83678
68849
86480
67330
71144
68231
45191
85829
78749
63511
70910
82051
70686
71677
93034
72475
83068
51487
44860
88841
82187
61167
74034
66730
64247
84122
44630
71741
71406
78057
64404
49833
72652
69660
86124
77192
71458
73490
87177
79913
70786
70115
59449
82113
58615
65061
83041
65650
85226
44438
71120
76727
79125
43860
47275
79062
44518
77724
79970
54420
55547
59731
53598
58200
66599
67992
53599
65140
50145
73755
44165
66867
78837
64707
77369
78911
78834
74562
66703
53688
62091
83846
67507
80591
70709
76983
62215
94727
70114
50741
89334
82205
71292
80890
49606
67109
73062
46688
84522
82869
79876
83638
69508
48547
81218
70632
