87221
102707
83333
90012
84677
54428
63182
82717
56443
54826
84657
74450
63086
78224
95862
79603
79926
81040
65579
96433
71490
76645
87174
74341
96717
91232
84997
86647
82458
84381
83162
75785
77770
100013
59799
60696
80204
89254
54183
58749
74916
83888
79605
69639
76323
77442
74225
79713
75903
77898
91632
76992
96038
75014
79501
76611
53089
93593
86495
71233
76927
89282
78704
79506
100626
80267
90932
59637
52761
96676
90235
70670
83987
74224
72837
92070
52594
80261
79184
86075
72133
57265
80606
77621
95561
85568
79594
80773
94631
89906
79349
78757
67795
89061
66614
72847
90636
75017
93171
52337
79164
84365
86905
51609
55026
86927
52457
85996
89132
63033
63000
67769
61745
66293
74079
76033
61009
73582
57965
81478
51811
75220
86814
72422
84970
86881
87696
83027
74180
61707
70362
93189
75078
88579
78721
84963
69960
102059
77666
58582
97145
89986
79146
89426
57115
75307
81179
54898
92397
90262
87457
91238
76820
56570
89279
78866
