1366160
1337423
1317373
1789626
1466888
1328520
1364769
1258249
1581986
1295303
1874225
1300726
2024439
1929836
2005959
1892635
1798433
1818867
1686493
1642292
1656852
1804136
1691935
1574539
1872308
1936090
1894451
1820876
1678212
1686224
1750021
1713344
1821058
1670275
1879718
1647956
2260869
1876835
2049709
1716297
1784507
1857939
1979172
1737177
1730331
1748255
1671293
1856982
2012600
1936401
2067320
2056664
1958554
1949864
1869981
2000662
2053385
1995195
1831415
1892150
1993688
1614960
1708892
1531830
1877943
1799022
1564495
1780719
1687768
1756467
1764591
1653497
1861356
1819879
1717009
1945432
1878154
1786951
1752506
1654957
1773472
1672158
1717120
1713193
1843178
1915258
1885438
1898677
1633939
1726076
1724525
1545349
1911247
1650273
1819011
1754280
1833083
2051662
1664119
1756232
1832337
1754669
1703476
1473587
1670206
1694447
1550430
1781871
1818510
2010058
1914930
1662158
1961944
1911395
1678693
1818291
1674654
1717890
1688634
1625886
1858352
1810139
1752343
1846253
1516425
1742396
1504859
1609937
1652527
1662514
1644077
1694080
1584135
1467138
1714103
1696243
1647335
1700174
1663030
1628373
1725729
1648745
1577385
1673985
1496752
1367445
1496473
1684448
1741658
1697117
1398654
1467362
1389815
1465058
1387768
1386194
