1392167
1345561
1324902
1797330
1474995
1336683
1372636
1265624
1590747
1304333
1883587
1309004
2035522
1937529
2012452
1899502
1805583
1826566
1694544
1648843
1663934
1811317
1698192
1582044
1879684
1944690
1905623
1829011
1686034
1694147
1756680
1721015
1830473
1679442
1887250
1655409
2266952
1883284
2059073
1723591
1791907
1865111
1986090
1744606
1736527
2083346
1679729
1863071
2026608
1945715
2075613
2063733
1966652
1957689
1877222
2006247
2072741
2003229
1838551
1900364
2001057
1625193
1716529
1539759
1886705
1805884
1572816
1788072
1696161
1764338
2186859
1660990
1869318
1827208
1724159
1952492
1884094
1794303
1759098
1663543
1780696
1678890
1724932
1719651
1849128
1922560
1891251
1906605
1641673
1734353
1732284
1554185
1918471
1656395
1825822
1761813
1839898
2057891
1671613
1763167
1838804
1762142
1712499
1480837
1677991
1702776
1558850
1787874
1823352
2017080
1921986
1669015
1968246
1918247
1686348
1830309
1681913
1724352
1697844
1633015
1866058
2044321
1768029
1853514
1523967
1754250
1512985
1618896
1659881
1670936
1650871
1701085
1592103
1474095
1721312
1703948
1654395
1707037
1670454
1636870
1732493
1656721
1584358
1682522
1506133
1375166
1504612
1694577
1748556
1703321
1406604
1474316
1396938
1473018
1394063
1394112
