831447
821046
762960
824612
764743
825979
784444
800682
764273
759252
811935
851381
909839
817969
864783
919642
886815
846357
864107
851687
882913
785317
812094
815982
902096
807775
852108
846090
846638
832583
893652
810936
797267
843291
838970
901517
881226
785728
847008
799975
839910
828301
801099
860691
835574
810720
843153
845559
852928
903350
830540
803819
881838
826244
908691
831640
841029
824012
854716
857902
850246
800952
795543
911800
861446
885887
859771
784027
823146
839862
797493
841761
897029
874945
841715
862005
795216
785445
858116
838731
799473
805152
868749
801556
924322
804368
927318
820488
843303
863173
785939
818096
862920
802400
840180
885877
847782
810344
845777
828568
878719
826789
847121
838505
804564
821676
884028
877820
825098
836868
823089
776136
884736
827610
839090
818513
846704
796808
841283
838814
836683
883815
810759
818304
911050
799118
819976
814571
803662
777884
839852
865508
803998
921730
860980
802100
866235
810729
812680
805425
784391
781380
784636
846756
845978
813822
820530
878491
917135
836003
825891
809415
840053
801450
796161
832045
