860463
830222
775836
833767
779613
836055
793705
809725
773880
769115
822181
863412
916974
825151
876555
926934
893977
856244
873356
860059
890990
794037
820278
828804
912015
816141
861073
855374
854848
840459
899647
820540
807522
850847
846652
910351
892660
793584
854537
807689
851748
837151
810256
870519
845151
818581
852025
856833
859684
912162
842373
812933
892265
835211
917592
840779
849231
832984
863852
874551
858367
809944
803658
920929
871520
893084
869031
791655
832231
847876
808432
848434
905924
883774
850316
870596
803831
794921
866919
846719
807690
814280
877825
808959
933114
815026
936596
828494
850847
870990
795795
828257
871667
810631
848274
893987
855849
820459
853927
837505
887130
835747
855026
847561
814057
830129
892928
886199
832119
845776
829177
786375
892800
837174
847143
826157
854810
805635
850270
847409
841935
891439
819370
826607
920973
807297
830529
824197
811037
785946
848753
874286
813413
930670
871768
810950
874502
820159
821893
812709
792083
790558
792716
854965
855142
827690
826425
886940
928647
843608
834222
818737
848497
812207
805550
842534
