26274
33160
29458
30195
30205
39670
31903
28848
28854
29631
28960
29054
31594
21692
18867
22746
29524
34131
30737
29386
28398
13763
31733
30828
28566
27977
30939
25847
28341
32541
31548
31332
25422
36967
35557
20007
28626
26477
30452
26655
29302
34400
16042
28502
26011
17542
29057
25718
18928
14000
22454
16156
30860
31981
26833
25993
29842
29505
35182
36000
27549
29723
27982
36898
31910
15657
27913
19250
16063
27653
12907
24248
25655
25734
24298
27260
25186
40214
30573
29137
29091
37180
28474
31549
31255
13464
29833
22092
29072
28529
28673
35366
29405
34595
32134
15908
31721
20771
17447
30530
30683
22008
28791
18423
28204
27922
27646
34558
29114
28727
30150
13382
26440
33132
30588
23446
29491
13220
19460
28059
22870
28056
25332
23803
32244
27908
28773
40296
29132
29800
22905
28670
29298
30091
25313
27410
29059
29126
21234
30144
27553
26680
26586
30064
31918
29816
21291
28769
28657
32609
32825
27673
30611
29892
27707
18135
