34237
42159
36978
38626
39437
48877
39949
53388
40131
39057
37165
35868
40155
30712
23625
30792
37302
41065
38971
36661
36740
21404
40157
40210
35944
36033
39913
34977
34808
40170
39726
38881
34192
44516
42577
31192
35708
35543
37336
34106
36066
43496
22714
36487
36906
29695
36393
34169
31323
23321
29025
21142
42594
39413
32722
36246
38546
37949
41954
44881
34282
38363
36940
44154
39566
22858
52509
25718
24217
35169
21177
32359
35072
32645
32275
33896
32594
47795
38549
37144
36879
43501
35636
38937
38735
21323
37846
28472
36063
36144
37325
40992
37117
41824
40520
23366
39651
29237
22672
38018
38205
29845
48814
26198
35495
35155
35612
42521
36380
36734
37983
20975
33943
41270
38325
31758
37843
20656
26553
35688
29750
35594
33457
33383
39649
35056
36948
48580
37279
36912
30039
35066
36307
38776
34276
34652
36167
37049
29438
37575
34654
32975
35403
37103
40041
37813
27834
36092
35611
38737
40784
37243
37745
38560
35341
28143
