745567
738723
765024
758015
758005
795705
737851
730375
764343
753339
768669
752978
896705
781496
804846
1008386
778186
842223
825215
788887
834502
800421
791265
770488
786555
742310
763261
803379
762083
788954
759420
775980
758179
779876
775592
764082
814463
749336
788492
787367
814975
802243
760068
748831
747766
748117
768526
749192
770674
840110
781551
791399
790250
809188
805157
780517
801965
772484
789930
818675
841872
761097
782246
796355
779917
765670
841638
791606
778780
792497
787639
757712
769460
764059
779214
806562
779282
774754
774359
792659
807199
774598
806556
782820
809388
754740
826062
768161
817495
824807
809217
825477
761906
778647
794099
773545
797729
758070
787612
753812
834737
792787
787242
762118
772322
812979
773926
770793
750127
737580
863701
770843
804368
798147
743635
769341
755783
782078
800198
733145
754504
759208
802247
733296
751657
773070
765742
747308
737741
766934
726204
755323
744203
730997
774801
749880
757059
774506
815161
770975
737524
738235
751038
758937
821333
730622
737165
982959
732109
768066
742858
759880
787912
749694
794025
738295
