752970
765855
773109
766000
765742
804264
746498
738532
773845
762158
776586
763696
905552
792384
813719
1015606
785125
851563
832476
796938
842417
809206
798880
782061
802165
750200
773588
810187
767723
797670
767659
786170
763802
792768
787546
770854
820307
760523
800717
793951
822769
811757
765114
755333
767832
757095
775599
757133
777509
847401
789546
797004
797324
819940
813070
787722
810232
779927
797832
828568
847768
769329
791108
802991
791783
775912
848631
805718
787049
803508
794769
769845
775596
774354
786965
814575
793890
784708
782655
799887
813304
781564
813361
789834
816138
762332
832937
776330
824136
832061
815478
834307
769297
785886
803220
781015
804009
765269
801667
758836
842643
800394
794305
769964
780040
820467
781555
788904
761240
744423
869985
779344
810406
805784
750172
776975
765090
791900
810339
741441
767032
766565
809107
739430
758327
779999
774666
755270
745449
774618
732996
765044
750603
736889
781751
756512
762766
784694
822357
780580
745099
747151
758227
766324
829779
738122
742805
991221
737615
778602
748910
770262
795122
760120
799857
747754
