aes-nodejs-100000-101000

Metric              10             200            300            400            
cpu-cycles          3037861476     3273164296     3298698053     3192013733     
instructions        2955267119     3108719724     3166780492     3064458065     
context-switches    19653          20329          20426          18682          
cpi                 1.02795        1.05290        1.04166        1.04162        
ipc                 0.97281        0.94976        0.96001        0.96004        
user-util           9.37000        29.47000       48.76000       49.53000       
system-util         9.45000        12.41000       16.97000       17.11000       
idle-util           80.31000       57.54000       33.68000       32.79000       
issued_req          156            156            156            156            
completed_req       156            156            156            156            
dur-mean            93940.10897    94149.92949    95060.08333    98630.84615    
dur-stddev          13109.69658    13446.03345    15888.62285    18371.12017    
dur-min             58128          55765          60964          54374          
dur-max             133833         134234         172346         171991         
dur-p25             85903.25000    85002.25000    84598.75000    87038.75000    
dur-p50             94150.00000    92712.50000    96179.50000    97047.00000    
dur-p75             100438.25000   103419.00000   103613.00000   107898.75000   
dur-p95             115224.00000   114673.00000   117062.25000   125177.75000   
lat-mean            127992.94231   127505.99359   127588.64744   134242.62821   
lat-stddev          13594.07963    19987.66868    39233.16301    65265.24813    
lat-min             96013          87361          83116          78578          
lat-max             177647         281669         556070         871782         
lat-p25             119714.50000   116278.75000   113198.50000   115508.75000   
lat-p50             128221.00000   124923.50000   123471.00000   126186.00000   
lat-p75             134342.50000   136550.00000   135846.00000   138650.25000   
lat-p95             149881.00000   155547.00000   161178.00000   173036.25000   




aes-nodejs-700000-707000

Metric              10             200            300            400            
cpu-cycles          19829238340    20333513606    20016876387    20100137580    
instructions        19521515458    19251521247    19052116383    19173792255    
context-switches    63868          54863          50938          48352          
cpi                 1.01576        1.05620        1.05064        1.04831        
ipc                 0.98448        0.94679        0.95180        0.95391        
user-util           9.34000        29.60000       49.24000       49.87000       
system-util         9.47000        12.52000       17.11000       17.13000       
idle-util           80.30000       57.30000       33.07000       32.41000       
issued_req          156            156            156            156            
completed_req       156            156            156            156            
dur-mean            381637.37821   403410.58974   409728.55128   421242.95513   
dur-stddev          21064.08269    25581.81433    38830.50796    36495.39620    
dur-min             340259         348617         356042         352479         
dur-max             440984         490683         660038         536731         
dur-p25             364944.00000   384710.50000   387078.75000   394447.50000   
dur-p50             380680.00000   401822.00000   399833.50000   415873.50000   
dur-p75             395950.50000   420937.00000   423037.25000   438022.50000   
dur-p95             416799.50000   447187.25000   475399.50000   491854.75000   
lat-mean            499191.53205   517267.82692   521689.04487   536568.73718   
lat-stddev          41440.38842    42394.76989    54540.94970    80777.91800    
lat-min             444638         448407         457580         456931         
lat-max             929423         923159         831495         1380690        
lat-p25             480049.50000   497382.75000   490866.00000   502051.50000   
lat-p50             494491.00000   515922.00000   507714.00000   525121.50000   
lat-p75             511593.25000   532952.25000   537165.00000   546659.25000   
lat-p95             536923.00000   562393.50000   617862.50000   625117.50000   




aes-go-1000000-1010000

Metric              10             200            300            400            
cpu-cycles          27395214225    27978328295    28109016302    28117051859    
instructions        26614681355    26685039368    26571350673    26779497925    
context-switches    76935          65358          53441          54910          
cpi                 1.02933        1.04846        1.05787        1.04995        
ipc                 0.97151        0.95378        0.94530        0.95243        
user-util           14.52000       29.82000       49.32000       49.81000       
system-util         10.06000       12.79000       17.24000       17.17000       
idle-util           74.58000       56.83000       32.89000       32.43000       
issued_req          156            156            156            156            
completed_req       156            156            156            156            
dur-mean            61632.84615    63048.30769    58673.58333    55792.87179    
dur-stddev          10168.90297    12736.70943    24799.53673    13308.19853    
dur-min             31058          33944          22641          30476          
dur-max             86664          93922          296516         106463         
dur-p25             54790.50000    53021.00000    45476.00000    46246.00000    
dur-p50             62227.50000    63515.50000    54465.00000    55222.50000    
dur-p75             68844.25000    71066.25000    67993.25000    65117.25000    
dur-p95             78065.25000    83749.25000    85180.50000    78210.50000    
lat-mean            214509.74359   211305.96795   201201.56410   205893.12179   
lat-stddev          23060.82969    25595.80324    54619.61822    77199.26175    
lat-min             169255         145277         150396         152619         
lat-max             437255         417221         674645         788494         
lat-p25             204156.25000   196314.75000   176834.00000   180664.75000   
lat-p50             212985.00000   211676.50000   191237.50000   190892.50000   
lat-p75             222785.50000   223169.00000   213085.25000   209696.25000   
lat-p95             238080.00000   238520.00000   241149.25000   239253.25000   




aes-python-500-505

Metric              10             200            300            400            
cpu-cycles          21158572121    18533658522    18966531377    18480467735    
instructions        7343681242     7424057529     6866030915     6817720075     
context-switches    484345         491099         450084         445226         
cpi                 2.88119        2.49643        2.76237        2.71065        
ipc                 0.34708        0.40057        0.36201        0.36891        
user-util           9.03000        29.24000       49.25000       49.66000       
system-util         9.57000        12.57000       17.41000       17.17000       
idle-util           80.57000       57.64000       32.76000       32.56000       
issued_req          156            156            156            156            
completed_req       156            156            156            156            
dur-mean            29687.42308    27776.01923    23183.84615    23855.22436    
dur-stddev          4103.05368     5794.01423     7317.22429     6896.40464     
dur-min             13221          13377          13179          13076          
dur-max             40474          50601          44158          46377          
dur-p25             28802.25000    25043.25000    16872.75000    18140.75000    
dur-p50             30198.00000    28555.50000    21336.00000    23331.00000    
dur-p75             31458.00000    30573.25000    29223.75000    28487.75000    
dur-p95             34707.25000    37096.00000    36395.25000    35663.50000    
lat-mean            38178.67308    39993.50000    35781.67308    35443.19872    
lat-stddev          4167.13890     50603.58829    38060.73444    32813.10262    
lat-min             17926          21241          18247          18285          
lat-max             49493          665316         465595         416585         
lat-p25             37239.25000    32955.75000    24960.00000    26355.00000    
lat-p50             38609.00000    36486.00000    30986.00000    32198.00000    
lat-p75             40155.00000    39412.25000    38112.25000    37679.25000    
lat-p95             43248.25000    45609.25000    46403.00000    46287.75000    




aes-python-45000-45450

Metric              10             200            300            400            
cpu-cycles          288546977959   288034301117   288308819650   289847436596   
instructions        189313454805   188719222030   189585563736   189040896792   
context-switches    485142         479823         458156         461229         
cpi                 1.52418        1.52626        1.52073        1.53325        
ipc                 0.65609        0.65520        0.65758        0.65221        
user-util           10.33000       30.37000       49.85000       50.61000       
system-util         9.55000        12.40000       16.97000       16.96000       
idle-util           79.25000       56.66000       32.61000       31.84000       
issued_req          156            156            156            156            
completed_req       156            156            156            156            
dur-mean            1037849.23077  1152089.58333  1202732.18590  1225684.00000  
dur-stddev          46710.65812    60083.45941    82103.07933    67779.17242    
dur-min             960432         1009471        1028529        1028058        
dur-max             1259554        1337355        1945149        1440425        
dur-p25             1006431.00000  1111312.75000  1166626.75000  1181362.50000  
dur-p50             1024693.50000  1148926.50000  1198361.00000  1228410.50000  
dur-p75             1065666.75000  1188237.00000  1237636.00000  1267582.25000  
dur-p95             1124206.75000  1253902.25000  1283330.50000  1342913.25000  
lat-mean            1059334.96795  1172032.28205  1230682.00641  1244906.95513  
lat-stddev          46651.39636    59141.79842    106764.07950   66898.71655    
lat-min             987751         1033573        1049881        1049721        
lat-max             1283007        1358194        1965057        1452423        
lat-p25             1027656.00000  1131857.50000  1184987.75000  1198838.00000  
lat-p50             1048925.50000  1168998.00000  1219027.00000  1247384.00000  
lat-p75             1086997.25000  1208168.00000  1260803.50000  1282701.25000  
lat-p95             1146255.75000  1268757.25000  1326008.75000  1359980.25000  




aes-python-200000-202000

Metric              10             200            300            400            
cpu-cycles          1092317541869  994119841784   999527425679   998388752361   
instructions        736700221000   670657403594   667568975471   668045193673   
context-switches    496571         459660         492086         511866         
cpi                 1.48272        1.48231        1.49726        1.49449        
ipc                 0.67444        0.67462        0.66788        0.66912        
user-util           12.82000       32.95000       51.33000       52.57000       
system-util         9.28000        12.23000       16.22000       16.50000       
idle-util           76.95000       54.27000       31.88000       30.36000       
issued_req          140            127            127            127            
completed_req       139            127            127            126            
dur-mean            4484556.08633  5075592.14173  5214074.34646  5309519.11905  
dur-stddev          80748.85502    171553.23765   188040.21091   277136.98498   
dur-min             4317374        4603568        4534762        4576234        
dur-max             4744781        5546034        5661111        6465752        
dur-p25             4423531.50000  4978938.00000  5130098.00000  5175936.75000  
dur-p50             4486847.00000  5094600.00000  5226613.00000  5304520.00000  
dur-p75             4534372.50000  5178900.50000  5337466.00000  5420478.00000  
dur-p95             4626389.40000  5298018.50000  5454535.70000  5746685.25000  
lat-mean            4538229.33813  5126781.95276  5266160.05512  5368986.53968  
lat-stddev          81042.32918    170154.99034   193556.78516   312161.58953   
lat-min             4369670        4660182        4587223        4624219        
lat-max             4801075        5583875        5805066        7099270        
lat-p25             4474166.50000  5031126.00000  5176969.00000  5224291.00000  
lat-p50             4537545.00000  5142774.00000  5283374.00000  5353820.50000  
lat-p75             4586030.50000  5221380.00000  5382454.00000  5467581.75000  
lat-p95             4674647.70000  5352514.90000  5544673.20000  5787903.25000  




fibonacci-go-70000-70700

Metric              10             200            300            400            
cpu-cycles          253212509      239304631      295600295      282949773      
instructions        132274224      131060145      126696406      132211407      
context-switches    4697           4848           4687           3947           
cpi                 1.91430        1.82591        2.33314        2.14013        
ipc                 0.52238        0.54767        0.42861        0.46726        
user-util           8.89000        29.31000       48.71000       49.32000       
system-util         9.34000        12.32000       17.30000       17.04000       
idle-util           80.89000       57.80000       33.42000       33.05000       
issued_req          156            156            156            156            
completed_req       156            156            156            156            
dur-mean            49606.98718    46305.29487    41429.32692    44630.57051    
dur-stddev          7504.61575     8917.33321     9023.28467     9706.50580     
dur-min             28161          27923          28284          27714          
dur-max             64620          63551          70159          82959          
dur-p25             44530.50000    42140.50000    33670.75000    36381.00000    
dur-p50             47310.00000    45884.00000    40762.00000    44178.00000    
dur-p75             56547.00000    52071.00000    46937.25000    50096.00000    
dur-p95             61568.75000    60239.50000    59416.50000    61524.25000    
lat-mean            61022.58333    55357.53205    51381.25641    57946.54487    
lat-stddev          26044.39257    9467.07267     18050.03569    42090.41232    
lat-min             38337          34662          34421          34490          
lat-max             370477         83113          236000         549169         
lat-p25             53490.25000    51328.50000    41764.25000    46654.00000    
lat-p50             56921.50000    54495.50000    48895.50000    53422.00000    
lat-p75             66087.25000    62309.75000    55131.25000    60940.50000    
lat-p95             70729.75000    70154.25000    71247.50000    72932.50000    




fibonacci-go-200000-202000

Metric              10             200            300            400            
cpu-cycles          336504737      349517296      363236329      364233536      
instructions        190324972      209281238      179831344      180528314      
context-switches    5688           6269           5804           6391           
cpi                 1.76805        1.67008        2.01987        2.01760        
ipc                 0.56559        0.59877        0.49508        0.49564        
user-util           9.42000        29.45000       48.95000       49.88000       
system-util         9.40000        12.32000       16.98000       17.14000       
idle-util           80.30000       57.67000       33.48000       32.39000       
issued_req          156            156            156            156            
completed_req       156            156            156            156            
dur-mean            309798.83333   306041.55769   300966.31410   300504.41026   
dur-stddev          15277.96884    21208.98588    24296.02817    22526.10981    
dur-min             260416         258999         255111         253081         
dur-max             342187         362248         416214         373636         
dur-p25             300492.75000   291668.00000   286264.25000   285166.00000   
dur-p50             309903.00000   306016.00000   298841.50000   298269.50000   
dur-p75             320752.25000   319178.75000   314760.75000   314065.00000   
dur-p95             333527.00000   343472.00000   337688.75000   339599.25000   
lat-mean            319658.01923   318391.28846   314889.78205   311107.41026   
lat-stddev          15415.31547    37924.45570    43492.34723    24336.66009    
lat-min             270104         266492         265337         261335         
lat-max             351976         712762         635332         416902         
lat-p25             310205.25000   301803.75000   294116.50000   294620.00000   
lat-p50             319484.50000   315958.00000   308508.50000   308373.50000   
lat-p75             330620.25000   329674.75000   326782.25000   324688.75000   
lat-p95             343358.50000   354722.50000   350507.75000   347445.25000   




fibonacci-go-450000-454500

Metric              10             200            300            400            
cpu-cycles          437692602      423660140      448612006      460907017      
instructions        277133413      277438216      252413166      259668714      
context-switches    6494           6551           6066           6248           
cpi                 1.57936        1.52704        1.77729        1.77498        
ipc                 0.63317        0.65486        0.56265        0.56339        
user-util           10.85000       30.96000       49.99000       51.29000       
system-util         9.35000        12.34000       16.70000       16.96000       
idle-util           78.89000       56.13000       32.73000       31.17000       
issued_req          156            156            156            156            
completed_req       156            156            156            156            
dur-mean            1693931.09615  1672188.46795  1666097.97436  1679340.06410  
dur-stddev          40225.59300    50167.31950    76461.16500    62431.82914    
dur-min             1603181        1566514        1489532        1574517        
dur-max             1818534        1826830        2084113        1977439        
dur-p25             1664809.25000  1636598.75000  1620832.25000  1635730.50000  
dur-p50             1694027.00000  1669721.00000  1654976.00000  1671620.00000  
dur-p75             1719947.50000  1705291.00000  1696176.00000  1710581.50000  
dur-p95             1762373.75000  1750663.75000  1780736.75000  1777520.00000  
lat-mean            1704626.57051  1684703.83333  1689239.48718  1693771.94231  
lat-stddev          40350.86876    52384.51751    106700.28992   75506.57310    
lat-min             1615301        1575991        1507335        1586495        
lat-max             1830625        1836400        2297384        2222948        
lat-p25             1675982.50000  1651559.25000  1631115.25000  1648585.00000  
lat-p50             1704377.50000  1681815.50000  1667112.50000  1681929.50000  
lat-p75             1730038.75000  1717644.50000  1714250.75000  1724754.75000  
lat-p95             1773159.00000  1767984.00000  1853468.00000  1792717.50000  




fibonacci-python-20000-20200

Metric              10             200            300            400            
cpu-cycles          22958741235    20332043206    20050841319    19977679379    
instructions        13007565223    13012821532    12472893433    12458942087    
context-switches    481866         489592         443753         444258         
cpi                 1.76503        1.56246        1.60755        1.60348        
ipc                 0.56656        0.64002        0.62206        0.62364        
user-util           9.06000        29.22000       48.86000       49.71000       
system-util         9.58000        12.52000       17.07000       17.12000       
idle-util           80.52000       57.69000       33.49000       32.58000       
issued_req          156            156            156            156            
completed_req       156            156            156            156            
dur-mean            36347.10256    33278.14744    29908.44231    32019.29487    
dur-stddev          4021.55616     7377.50416     8101.49385     8708.27926     
dur-min             19986          18802          18496          18584          
dur-max             50464          55729          61249          67396          
dur-p25             34647.50000    27953.50000    22599.75000    24711.00000    
dur-p50             36252.50000    34355.50000    29216.00000    31823.50000    
dur-p75             37955.50000    36911.50000    35572.75000    37611.00000    
dur-p95             42859.25000    45411.00000    44266.50000    45379.75000    
lat-mean            44875.68590    41240.48718    42359.17949    41738.32051    
lat-stddev          4290.15985     8017.19676     45025.97707    12923.14384    
lat-min             26519          25173          24796          24671          
lat-max             58495          64670          591578         142500         
lat-p25             43280.75000    35475.50000    31895.00000    33216.50000    
lat-p50             44515.00000    42015.00000    37647.00000    41413.50000    
lat-p75             46759.25000    44961.00000    44157.75000    47244.50000    
lat-p95             51410.00000    54213.00000    56106.00000    55607.00000    




fibonacci-python-200000-202000

Metric              10             200            300            400            
cpu-cycles          220458689415   218828499168   219640495213   219554553571   
instructions        601628740898   602145367746   601646118573   602462673979   
context-switches    465534         466154         443627         441986         
cpi                 0.36644        0.36341        0.36507        0.36443        
ipc                 2.72899        2.75168        2.73923        2.74402        
user-util           10.09000       29.88000       49.43000       50.28000       
system-util         9.60000        12.41000       16.87000       17.04000       
idle-util           79.45000       57.14000       33.13000       32.10000       
issued_req          156            156            156            156            
completed_req       156            156            156            156            
dur-mean            769655.74359   838981.26282   866552.00000   872232.39744   
dur-stddev          35651.46018    45743.11610    46839.92175    53836.65427    
dur-min             723541         746515         760967         769041         
dur-max             928015         1011761        1038814        1197783        
dur-p25             747240.50000   807303.25000   836339.25000   844130.50000   
dur-p50             759432.00000   834694.00000   866864.00000   866326.00000   
dur-p75             780343.75000   868013.50000   891913.25000   898387.50000   
dur-p95             829836.00000   918026.00000   940871.00000   946467.75000   
lat-mean            779061.30128   851417.87179   877201.21795   886977.17949   
lat-stddev          35525.62144    60348.05020    49555.08500    88263.04098    
lat-min             732845         755262         770772         780019         
lat-max             936499         1345286        1067874        1765149        
lat-p25             756994.75000   815937.50000   844578.75000   852975.25000   
lat-p50             768517.50000   845096.50000   875834.50000   876086.00000   
lat-p75             789575.00000   876734.00000   901648.25000   908990.75000   
lat-p95             839775.75000   925891.00000   955146.25000   959083.50000   




gptj-python

Metric              10             200            300            400            
cpu-cycles          1762335345     1704465361     2026213491     2138604957     
instructions        496286764      486621147      462830131      464958244      
context-switches    29286          26902          25514          26753          
cpi                 3.55104        3.50265        4.37788        4.59956        
ipc                 0.28161        0.28550        0.22842        0.21741        
user-util           8.90000        29.22000       48.66000       49.75000       
system-util         9.45000        12.43000       16.85000       17.16000       
idle-util           80.81000       57.77000       33.89000       32.50000       
issued_req          156            156            156            156            
completed_req       156            156            156            156            
dur-mean            2471.76282     2328.78205     2516.93590     2566.69231     
dur-stddev          603.30426      880.52597      1389.31367     1395.73274     
dur-min             1603           1157           1048           1137           
dur-max             8858           8473           10852          8496           
dur-p25             2323.75000     1984.25000     1564.25000     1650.75000     
dur-p50             2405.00000     2239.00000     2158.50000     2156.50000     
dur-p75             2486.75000     2419.75000     2928.25000     2766.00000     
dur-p95             3084.75000     3153.50000     4947.00000     5444.50000     
lat-mean            10597.01923    10196.42308    13287.64103    11587.76923    
lat-stddev          1231.51765     2823.89420     30228.62906    4271.11734     
lat-min             8394           5707           5368           6026           
lat-max             18563          28896          382822         28939          
lat-p25             9963.25000     8963.00000     8097.00000     8762.75000     
lat-p50             10334.00000    9635.50000     10088.00000    10496.00000    
lat-p75             10827.75000    10561.00000    12031.25000    12937.25000    
lat-p95             12843.75000    13747.50000    18007.50000    20637.75000    




image-rotate-go-3

Metric              10             200            300            400            
cpu-cycles          227491640      230268764      259333304      264243791      
instructions        109455686      109329576      109750191      113413560      
context-switches    3757           3541           4065           4580           
cpi                 2.07839        2.10619        2.36294        2.32991        
ipc                 0.48114        0.47479        0.42320        0.42920        
user-util           13.15000       33.23000       52.22000       53.04000       
system-util         9.05000        11.97000       16.35000       16.47000       
idle-util           76.85000       54.24000       30.87000       29.89000       
issued_req          156            156            156            156            
completed_req       156            156            155            156            
dur-mean            3418742.32692  3597416.21154  3749462.73548  3780969.05769  
dur-stddev          86275.87278    74527.19949    112469.28371   141780.27355   
dur-min             3317048        3486191        3557420        3504124        
dur-max             4039647        3942689        4245942        4358580        
dur-p25             3368180.50000  3551148.50000  3666633.00000  3676328.00000  
dur-p50             3397614.00000  3583023.00000  3734945.00000  3748241.00000  
dur-p75             3442746.00000  3619974.00000  3813997.00000  3849843.00000  
dur-p95             3550886.25000  3757523.00000  3934362.70000  4048828.25000  
lat-mean            3429603.48718  3606342.42308  3763055.09677  3800359.33333  
lat-stddev          92670.23124    74718.77159    117841.60949   159244.79937   
lat-min             3324965        3494952        3566414        3511846        
lat-max             4047815        3949970        4252882        4447393        
lat-p25             3376587.50000  3559362.75000  3678499.00000  3689341.25000  
lat-p50             3406039.50000  3592732.50000  3745218.00000  3763911.00000  
lat-p75             3451685.50000  3629048.75000  3826268.00000  3861981.50000  
lat-p95             3621123.75000  3765429.25000  3962114.60000  4082852.00000  




image-rotate-go-6

Metric              10             200            300            400            
cpu-cycles          240020132      231254062      253625488      263350461      
instructions        109561438      108832359      107654390      108987141      
context-switches    3720           3430           3609           3894           
cpi                 2.19074        2.12486        2.35592        2.41634        
ipc                 0.45647        0.47062        0.42446        0.41385        
user-util           10.14000       29.95000       49.35000       50.47000       
system-util         9.19000        12.11000       16.69000       16.83000       
idle-util           79.80000       57.37000       33.36000       32.10000       
issued_req          156            156            156            156            
completed_req       156            156            156            156            
dur-mean            732540.96154   774886.77564   790794.51923   819373.99359   
dur-stddev          27676.58105    33440.85138    46030.17473    56337.95707    
dur-min             686360         720906         730285         735041         
dur-max             891037         909957         1166072        1179484        
dur-p25             713820.75000   751240.25000   763992.25000   781529.00000   
dur-p50             727999.50000   769989.50000   776173.50000   812065.50000   
dur-p75             745433.25000   790962.25000   810688.25000   844877.50000   
dur-p95             774655.25000   837064.50000   849894.25000   905525.00000   
lat-mean            740958.88462   788755.04487   804461.33974   843155.33974   
lat-stddev          27617.92187    58925.47106    62926.19137    101827.22149   
lat-min             693972         734156         741880         744333         
lat-max             898838         1286163        1212011        1456934        
lat-p25             722855.25000   759392.75000   774427.25000   790528.50000   
lat-p50             736155.00000   777925.00000   786311.50000   824816.00000   
lat-p75             753411.75000   800656.25000   820187.75000   856309.00000   
lat-p95             782881.25000   853406.25000   866899.75000   978987.75000   




image-rotate-go-14

Metric              10             200            300            400            
cpu-cycles          237538140      236093156      259490005      268696568      
instructions        110257295      117873950      107659495      116491464      
context-switches    3624           3986           3932           4747           
cpi                 2.15440        2.00293        2.41028        2.30658        
ipc                 0.46417        0.49927        0.41489        0.43354        
user-util           9.16000        29.18000       49.16000       49.87000       
system-util         9.26000        12.16000       17.10000       17.11000       
idle-util           80.71000       58.10000       33.19000       32.43000       
issued_req          156            156            156            156            
completed_req       156            156            156            156            
dur-mean            30084.27564    27159.80128    22037.55769    22071.83974    
dur-stddev          2864.81815     5047.46274     7109.78408     6333.05996     
dur-min             19535          12011          11168          11834          
dur-max             36890          36354          45216          42900          
dur-p25             29739.25000    23816.75000    16119.75000    16508.25000    
dur-p50             31020.50000    28217.50000    21836.00000    21910.00000    
dur-p75             31735.75000    31006.75000    26133.25000    26923.75000    
dur-p95             33248.50000    33138.00000    33230.00000    32209.50000    
lat-mean            38681.71795    34952.97436    32199.74359    42926.09615    
lat-stddev          3218.43900     5467.22973     15563.43336    88847.94550    
lat-min             28010          18843          15429          16975          
lat-max             50582          45470          172119         819904         
lat-p25             37870.75000    31780.25000    24277.50000    24180.75000    
lat-p50             39358.00000    36384.00000    30710.00000    31158.50000    
lat-p75             40434.75000    38862.75000    36034.50000    36267.00000    
lat-p95             41850.00000    42086.75000    46538.50000    45376.25000    




image-rotate-python-7

Metric              10             200            300            400            
cpu-cycles          44926302248    42295201272    41797431512    42337987514    
instructions        46485690622    46485554778    45823525303    45976763522    
context-switches    481933         489411         443139         446544         
cpi                 0.96645        0.90986        0.91214        0.92086        
ipc                 1.03471        1.09907        1.09632        1.08595        
user-util           9.00000        29.35000       49.05000       49.95000       
system-util         9.33000        12.33000       16.90000       17.11000       
idle-util           80.77000       57.75000       33.48000       32.34000       
issued_req          156            156            156            156            
completed_req       156            156            156            156            
dur-mean            115258.71154   118119.39744   120058.37179   120263.96154   
dur-stddev          6852.76690     9362.78623     11826.87177    14247.18644    
dur-min             101913         98914          101612         100630         
dur-max             145641         175342         173353         186319         
dur-p25             112053.50000   114184.50000   111474.75000   110554.25000   
dur-p50             114366.50000   116917.50000   116781.50000   116392.50000   
dur-p75             116351.25000   120292.25000   127072.75000   126144.00000   
dur-p95             129249.50000   134691.25000   138693.00000   152436.00000   
lat-mean            123581.03205   126323.32051   134099.37821   131736.24359   
lat-stddev          7390.44821     10635.85892    55451.67833    38364.36582    
lat-min             109112         106652         107458         106551         
lat-max             163183         182753         750542         572239         
lat-p25             120223.25000   121647.25000   120317.25000   117796.00000   
lat-p50             122694.00000   125360.00000   125799.50000   126647.00000   
lat-p75             124491.00000   128677.25000   136963.25000   135235.50000   
lat-p95             137629.00000   143682.50000   153731.25000   162428.00000   




image-rotate-python-11

Metric              10             200            300            400            
cpu-cycles          936507835763   947650283272   948925603505   949293727262   
instructions        1740909075721  1744267550403  1743399635979  1743638976659  
context-switches    412426         410335         402309         404764         
cpi                 0.53794        0.54329        0.54430        0.54443        
ipc                 1.85894        1.84062        1.83724        1.83677        
user-util           11.97000       32.50000       51.61000       52.23000       
system-util         9.14000        12.16000       16.27000       16.46000       
idle-util           77.93000       54.81000       31.56000       30.74000       
issued_req          156            156            156            156            
completed_req       156            156            156            156            
dur-mean            3292951.77564  3516444.57051  3599538.23718  3612317.39744  
dur-stddev          35705.44063    51573.50346    73325.29200    109658.43322   
dur-min             3228240        3399285        3429950        3444399        
dur-max             3432928        3674716        4085481        4457815        
dur-p25             3265289.75000  3473081.25000  3555122.75000  3562205.75000  
dur-p50             3289103.00000  3513316.50000  3592884.50000  3592298.50000  
dur-p75             3314044.75000  3548691.25000  3628499.25000  3640257.75000  
dur-p95             3355549.00000  3596306.75000  3709572.25000  3747652.00000  
lat-mean            3301411.72436  3524602.27564  3615107.63462  3630733.14103  
lat-stddev          35799.82735    51748.49592    88695.72255    124067.97311   
lat-min             3237070        3408126        3438934        3452523        
lat-max             3440941        3682647        4097283        4463464        
lat-p25             3273858.25000  3483709.75000  3564979.25000  3571411.75000  
lat-p50             3297316.50000  3522470.50000  3607631.00000  3603943.00000  
lat-p75             3322578.25000  3557175.00000  3638355.75000  3656847.50000  
lat-p95             3363768.75000  3604166.50000  3748499.50000  3841058.25000  




image-rotate-python-17

Metric              10             200            300            400            
cpu-cycles          124220758507   122562759179   122713009914   122917955429   
instructions        156807396791   156992718002   156462186079   156429234329   
context-switches    471130         477645         443805         439383         
cpi                 0.79219        0.78069        0.78430        0.78577        
ipc                 1.26233        1.28092        1.27503        1.27263        
user-util           9.58000        29.56000       48.86000       50.02000       
system-util         9.39000        12.27000       16.84000       17.06000       
idle-util           80.19000       57.59000       33.72000       32.34000       
issued_req          156            156            156            156            
completed_req       156            156            156            156            
dur-mean            403050.81410   426793.28205   435961.08333   432841.37821   
dur-stddev          36364.81000    21133.73668    58283.28319    24948.87652    
dur-min             380671         394259         401894         399212         
dur-max             830388         601162         1101749        558354         
dur-p25             392719.00000   414502.25000   417139.25000   416178.75000   
dur-p50             397220.00000   420936.00000   427398.00000   426122.50000   
dur-p75             403952.50000   434528.00000   439411.25000   443928.25000   
dur-p95             425513.00000   458564.75000   474006.75000   484617.75000   
lat-mean            411364.94872   437326.62821   448295.07051   442529.51282   
lat-stddev          36486.25335    32816.76298    64522.42483    28772.46574    
lat-min             388560         401202         411140         407531         
lat-max             838747         718767         1107489        623606         
lat-p25             400897.50000   422726.00000   425694.75000   424522.25000   
lat-p50             405525.00000   429198.50000   434824.00000   434673.50000   
lat-p75             411918.00000   442725.50000   451339.00000   453161.00000   
lat-p95             434370.00000   471908.75000   494152.00000   491959.50000   




rnn-serving-python-20-20

Metric              10             200            300            400            
cpu-cycles          28318272559    25905204103    25376300986    25426224188    
instructions        9950447321     10275884492    9545080957     9468150799     
context-switches    487108         494308         443498         444263         
cpi                 2.84593        2.52097        2.65857        2.68545        
ipc                 0.35138        0.39667        0.37614        0.37238        
user-util           11.84000       29.91000       48.84000       49.44000       
system-util         9.65000        12.77000       16.90000       16.96000       
idle-util           77.68000       56.79000       33.71000       33.00000       
issued_req          156            156            156            156            
completed_req       156            156            156            156            
dur-mean            70099.99359    71012.33974    75172.66667    70250.22436    
dur-stddev          15329.86873    13351.36756    17277.76446    15828.69569    
dur-min             39056          36956          34866          34506          
dur-max             123185         99611          155522         116813         
dur-p25             59668.75000    63127.50000    63880.25000    60734.25000    
dur-p50             73010.50000    72642.00000    74825.50000    70086.00000    
dur-p75             79920.75000    81248.50000    83949.50000    78557.50000    
dur-p95             93239.50000    90191.50000    102689.75000   98046.00000    
lat-mean            78689.23077    80267.43590    85862.26923    83712.65385    
lat-stddev          15620.62144    16503.30692    34130.42551    47747.52421    
lat-min             44637          45354          43313          41268          
lat-max             132724         178692         451193         524743         
lat-p25             67005.75000    71697.75000    72946.50000    68620.50000    
lat-p50             81228.50000    80765.50000    84082.00000    77335.00000    
lat-p75             89341.50000    89573.50000    93045.50000    88563.25000    
lat-p95             103500.25000   98994.50000    115150.50000   108460.00000   




rnn-serving-python-100-101

Metric              10             200            300            400            
cpu-cycles          68378303594    66024155804    66948877901    67223471120    
instructions        29166691869    29508382316    29063018532    29435579683    
context-switches    505503         513911         481605         478424         
cpi                 2.34440        2.23747        2.30358        2.28375        
ipc                 0.42655        0.44693        0.43411        0.43788        
user-util           9.51000        29.48000       48.98000       49.58000       
system-util         9.39000        12.36000       16.89000       17.02000       
idle-util           80.21000       57.61000       33.54000       32.80000       
issued_req          156            156            156            156            
completed_req       156            156            156            156            
dur-mean            295483.36538   308273.16026   319464.52564   324277.03846   
dur-stddev          61351.41215    58601.68203    63537.88791    61694.17390    
dur-min             167587         159930         177907         167081         
dur-max             430179         422751         447965         435586         
dur-p25             274478.00000   292975.75000   297440.50000   301977.00000   
dur-p50             309504.50000   319807.50000   331585.00000   341580.00000   
dur-p75             333800.25000   347374.00000   365027.00000   363467.00000   
dur-p95             370342.00000   382245.50000   400269.00000   397606.25000   
lat-mean            303934.75641   316297.87179   331833.26282   339010.89103   
lat-stddev          61477.41981    58912.27787    74355.38436    70557.55696    
lat-min             175802         167952         189604         175965         
lat-max             438386         433911         826652         730082         
lat-p25             282580.25000   301230.75000   306693.00000   313049.75000   
lat-p50             317466.50000   327132.50000   341407.50000   350108.50000   
lat-p75             343495.00000   355248.50000   377080.50000   373652.00000   
lat-p95             378306.50000   392224.50000   409841.50000   412131.50000   




rnn-serving-python-1000-1010

Metric              10             200            300            400            
cpu-cycles          496700886417   521501593650   531114989714   493970724528   
instructions        237364056192   250749777614   247541080942   233241432016   
context-switches    712115         727776         808293         809343         
cpi                 2.09257        2.07977        2.14556        2.11785        
ipc                 0.47788        0.48082        0.46608        0.47218        
user-util           11.61000       31.50000       51.34000       51.98000       
system-util         9.21000        11.98000       16.48000       16.81000       
idle-util           78.32000       55.97000       31.63000       30.64000       
issued_req          156            156            156            156            
completed_req       156            156            156            156            
dur-mean            2856282.91026  3050705.76282  3170073.41667  3014936.91667  
dur-stddev          608035.97987   528086.64330   571074.73619   632043.40821   
dur-min             1609119        1639573        1779786        1664673        
dur-max             3696759        3840340        4552338        4047879        
dur-p25             2722186.75000  2917680.50000  3045507.75000  2839158.75000  
dur-p50             3002409.00000  3201234.00000  3311849.00000  3214709.50000  
dur-p75             3278438.25000  3356915.75000  3523398.75000  3460393.00000  
dur-p95             3619971.00000  3682538.50000  3832209.00000  3701241.00000  
lat-mean            2866443.70513  3059092.51923  3180822.35897  3032592.05128  
lat-stddev          608334.70558   528101.90223   573529.16462   630111.51829   
lat-min             1617880        1649426        1789407        1675651        
lat-max             3705772        3847076        4559766        4055929        
lat-p25             2730855.25000  2927075.00000  3055679.00000  2855151.00000  
lat-p50             3016434.00000  3212115.50000  3318768.00000  3232360.50000  
lat-p75             3287975.75000  3364762.00000  3533497.75000  3470114.75000  
lat-p95             3628345.50000  3689994.50000  3839576.25000  3707782.50000  




video-analytics-standalone-python-10

Metric              10             200            300            400            
cpu-cycles          2534598106     446646997991   449907062924   446048765494   
instructions        798376430      384035648083   382257429087   380735410858   
context-switches    65997          9541001        9305282        9277127        
cpi                 3.17469        1.16304        1.17697        1.17155        
ipc                 0.31499        0.85982        0.84964        0.85357        
user-util           12.35000       32.13000       49.48000       50.84000       
system-util         10.02000       14.07000       17.40000       17.74000       
idle-util           76.83000       53.28000       32.56000       30.86000       
issued_req          33             156            156            156            
completed_req       33             156            156            156            
dur-mean            1254456.33333  1728546.45513  2391506.59615  2451633.48077  
dur-stddev          95163.22089    183804.64753   438257.41313   421823.81037   
dur-min             1066056        1258249        1201185        1243498        
dur-max             1495125        2260869        3572509        3599485        
dur-p25             1189751.00000  1648547.75000  2199780.50000  2299198.00000  
dur-p50             1251555.00000  1725127.00000  2361516.00000  2449966.50000  
dur-p75             1314441.00000  1858042.25000  2641917.25000  2698789.00000  
dur-p95             1413894.60000  2010693.50000  3096516.50000  3062296.25000  
lat-mean            1264358.45455  1742670.25000  2405036.95513  2463724.39103  
lat-stddev          96586.69840    190573.66940   437420.80871   424014.53092   
lat-min             1075597        1265624        1227329        1252709        
lat-max             1520612        2266952        3582568        3623621        
lat-p25             1198360.00000  1656148.50000  2211955.00000  2307063.75000  
lat-p50             1261058.00000  1732388.50000  2377658.00000  2458891.50000  
lat-p75             1323235.00000  1877837.50000  2659831.25000  2713565.50000  
lat-p95             1424596.40000  2047713.50000  3106899.25000  3081163.50000  




video-analytics-standalone-python-30

Metric              10             200            300            400            
cpu-cycles          1225491353249  1214698314813  934883818145   852557269310   
instructions        1014072294343  1023718529466  784670658132   721434549648   
context-switches    20869712       27352838       21651191       20190379       
cpi                 1.20849        1.18655        1.19143        1.18175        
ipc                 0.82748        0.84278        0.83932        0.84620        
user-util           18.00000       35.98000       51.59000       52.24000       
system-util         14.25000       16.27000       18.36000       18.64000       
idle-util           67.28000       47.32000       29.52000       28.57000       
issued_req          156            156            156            141            
completed_req       156            155            32             25             
dur-mean            3611525.35897  13145793.21290 13103028.09375 12441974.96000 
dur-stddev          196378.89175   5945475.78429  8654923.25488  9261597.12754  
dur-min             3158129        3525772        3574381        3532726        
dur-max             4257182        21767536       29859334       29287084       
dur-p25             3470502.75000  7124029.00000  4009401.00000  4027902.00000  
dur-p50             3618001.50000  13754764.00000 12405249.00000 7069404.00000  
dur-p75             3717168.25000  18673068.00000 19595706.50000 20916544.00000 
dur-p95             3929700.25000  20831241.30000 27139922.25000 28198930.80000 
lat-mean            3620162.09615  13158430.23871 26400303.73333 26777143.80882 
lat-stddev          196028.27202   5942961.44869  7991358.94883  7872986.99633  
lat-min             3166235        3535558        3585328        3542148        
lat-max             4266359        21776080       30008892       30015030       
lat-p25             3478829.25000  7131686.00000  30000527.00000 30001623.75000 
lat-p50             3626320.50000  13765217.00000 30003148.00000 30003068.00000 
lat-p75             3725545.00000  18681433.50000 30004901.25000 30004107.00000 
lat-p95             3937786.00000  20837585.40000 30007033.25000 30005971.25000 




video-analytics-standalone-python-70

Metric              10             200            300            400            
cpu-cycles          1481271778561  1173138222668  802550577702   894778820754   
instructions        1219885147668  981894106581   677009825019   743626996503   
context-switches    28326796       26472893       18231213       21992010       
cpi                 1.21427        1.19477        1.18543        1.20326        
ipc                 0.82354        0.83698        0.84357        0.83107        
user-util           20.31000       35.95000       51.68000       52.14000       
system-util         15.47000       16.12000       18.56000       18.60000       
idle-util           63.80000       47.50000       29.23000       28.70000       
issued_req          83             77             68             72             
completed_req       82             19             10             9              
dur-mean            8263081.47561  16490454.78947 15122690.50000 14874268.44444 
dur-stddev          353123.44833   6462623.94171  6546413.22996  6845591.13858  
dur-min             7496088        7963325        8615822        8349301        
dur-max             9141456        29303094       27992090       27350234       
dur-p25             8071584.50000  10391564.00000 9065978.50000  9351131.00000  
dur-p50             8325058.00000  15532699.00000 13190906.50000 9812742.00000  
dur-p75             8430051.75000  20135607.50000 19423498.50000 20106252.00000 
dur-p95             8824894.90000  27668155.80000 25858910.00000 25790569.60000 
lat-mean            8272182.18293  26537301.05405 27716781.13846 28061223.00000 
lat-stddev          352721.77208   6747684.47059  5948455.04750  5624497.06817  
lat-min             7504988        7973237        8626308        8357168        
lat-max             9150061        30011772       30012897       30037277       
lat-p25             8080540.75000  29484682.75000 30001516.00000 30002017.75000 
lat-p50             8333559.00000  30003935.00000 30003905.00000 30003461.50000 
lat-p75             8438848.75000  30006027.50000 30006781.00000 30005954.25000 
lat-p95             8833681.55000  30010325.80000 30009256.60000 30009241.55000 




video-processing-python-70

Metric              10             200            300            400            
cpu-cycles          364690733043   339856803750   328392707667   317038237090   
instructions        335813865465   336995282087   334927378058   329566627799   
context-switches    7361953        14938986       17584049       16827408       
cpi                 1.08599        1.00849        0.98049        0.96199        
ipc                 0.92082        0.99158        1.01990        1.03952        
user-util           9.98000        30.15000       49.19000       50.44000       
system-util         10.14000       13.30000       17.76000       17.99000       
idle-util           79.05000       55.99000       32.48000       30.98000       
issued_req          156            156            156            156            
completed_req       156            156            156            156            
dur-mean            242881.16026   334299.89744   528980.59615   575981.80128   
dur-stddev          28833.55475    85425.19973    149677.12034   186862.34332   
dur-min             198021         214876         219591         230693         
dur-max             393185         744646         914802         1140962        
dur-p25             224562.00000   274775.75000   424467.75000   456479.25000   
dur-p50             235864.00000   319272.00000   516522.00000   536843.50000   
dur-p75             252643.50000   374343.25000   648265.00000   675251.75000   
dur-p95             287983.50000   477653.50000   784106.50000   939129.75000   
lat-mean            252589.60256   341789.94872   540728.78846   590573.05769   
lat-stddev          39693.71453    85400.35311    155788.62324   193035.59094   
lat-min             205276         221794         226788         238709         
lat-max             591844         749293         1018555        1151395        
lat-p25             232113.25000   281692.00000   432316.25000   463980.75000   
lat-p50             243426.50000   325499.00000   525630.00000   546691.50000   
lat-p75             260065.75000   380184.50000   658445.25000   696657.50000   
lat-p95             304183.50000   484778.00000   797754.50000   982391.75000   




video-processing-python-450

Metric              10             200            300            400            
cpu-cycles          1733729946705  1185665127988  992539103471   976229028947   
instructions        1189053126993  1021559104220  957083162659   951278313902   
context-switches    29779321       70686654       74432207       73820986       
cpi                 1.45808        1.16064        1.03705        1.02623        
ipc                 0.68584        0.86159        0.96428        0.97444        
user-util           13.38000       31.65000       49.56000       50.70000       
system-util         13.07000       16.36000       20.14000       20.27000       
idle-util           72.79000       51.47000       29.76000       28.49000       
issued_req          156            156            156            156            
completed_req       156            156            156            156            
dur-mean            758377.39103   978818.13462   1522653.97436  1486171.44231  
dur-stddev          61718.14845    175229.98448   449585.95317   564617.51097   
dur-min             667133         712297         716305         753307         
dur-max             1192784        1944922        2914970        3988060        
dur-p25             726374.25000   858664.25000   1228321.25000  1135332.25000  
dur-p50             753441.00000   941895.00000   1478696.00000  1333895.00000  
dur-p75             780993.00000   1071783.50000  1818388.75000  1647619.00000  
dur-p95             822764.25000   1282688.25000  2374816.75000  2722182.50000  
lat-mean            768991.82692   989244.72436   1534238.30769  1501995.44231  
lat-stddev          68509.77017    177598.87104   450435.04598   563710.35077   
lat-min             674437         719800         726081         761969         
lat-max             1200163        1954273        2925030        4002029        
lat-p25             734801.50000   868235.75000   1235770.50000  1143399.50000  
lat-p50             763017.00000   951998.00000   1496105.50000  1346380.50000  
lat-p75             790281.00000   1083591.25000  1824645.50000  1669523.25000  
lat-p95             836998.50000   1303841.25000  2380698.25000  2729469.00000  




video-processing-python-1500

Metric              10             200            300            400            
cpu-cycles          6209838690145  4000016235211  3308509672944  3021280099758  
instructions        4094205969678  3402299982452  3211600665344  3062347105785  
context-switches    74540633       215855983      264581166      235489781      
cpi                 1.51674        1.17568        1.03017        0.98659        
ipc                 0.65931        0.85057        0.97071        1.01359        
user-util           24.14000       37.21000       51.49000       53.15000       
system-util         20.96000       24.70000       27.48000       27.18000       
idle-util           54.39000       37.68000       20.58000       19.20000       
issued_req          156            156            156            156            
completed_req       156            156            154            154            
dur-mean            2269357.66667  2789964.20513  7415240.18182  6142544.94805  
dur-stddev          78301.83011    363313.19973   5035891.20622  3445682.03841  
dur-min             1995026        2142283        2106660        2349040        
dur-max             2473070        5654326        21310974       14763709       
dur-p25             2235832.25000  2602104.50000  3691731.25000  3976830.00000  
dur-p50             2277778.00000  2737561.50000  5366749.50000  4654336.50000  
dur-p75             2318500.00000  2911465.00000  9858842.75000  6754402.00000  
dur-p95             2372223.00000  3392805.00000  19309682.85000 13620393.90000 
lat-mean            2276840.68590  2797730.82051  7424451.75325  6154104.07143  
lat-stddev          78344.30076    363803.29822   5035348.43367  3451547.49709  
lat-min             2001862        2148913        2116551        2356960        
lat-max             2481255        5664971        21322258       14776839       
lat-p25             2243965.25000  2609052.75000  3704171.50000  3984897.50000  
lat-p50             2284770.00000  2744322.50000  5380001.50000  4660270.50000  
lat-p75             2325092.25000  2918040.25000  9864834.25000  6761972.25000  
lat-p95             2379822.75000  3399985.75000  19317918.00000 13628452.40000 




