282062
295780
278551
216967
236394
242157
274274
212194
227152
202588
268477
234348
238031
235444
212840
253024
245821
245580
236074
237703
215869
245168
248724
206079
239669
221326
302729
203227
257245
220877
236233
219308
249940
226113
244996
234120
234164
216557
283924
234674
210882
208126
250305
237657
269335
212822
216955
219871
290785
197269
236587
201788
344182
225603
232692
196333
222741
234036
288815
243859
249194
218183
304201
225042
257330
225554
242493
218879
264005
220354
218096
211597
231623
254727
294524
234965
254145
254302
268628
245348
307342
219513
208463
240431
304486
227847
276408
242045
238985
213811
223041
238222
254574
256607
310191
193057
252247
288904
209866
251488
243410
228263
243078
211751
330878
220438
249718
231812
254320
231427
212860
231473
236093
249791
267805
279873
223831
221515
265332
226642
229744
267819
242273
207593
248050
228282
259912
220858
226376
199574
256166
229173
330690
237745
317422
233740
266100
252630
278429
229525
227213
231763
244054
221608
284449
232071
361670
211818
241865
235329
241803
231352
298642
237283
257133
238827
