286795
302980
300263
225210
243972
249658
281419
219190
234391
213793
275976
241787
246684
242960
220107
260679
252972
252834
242999
243999
222854
252077
255673
213037
247390
228493
310071
210418
264262
227574
242965
226585
257307
234545
252295
241274
241071
222913
291177
241849
218060
215414
257618
244447
276843
219849
223905
227347
299244
204145
243746
208955
351076
233693
239074
203011
229585
241655
295718
251374
255877
224541
311313
232164
264663
232559
250053
225617
271079
227526
225117
218784
239207
262572
302812
241743
261223
261130
275499
252184
315023
225660
215344
247338
311176
234339
283723
248852
245970
220757
230742
245032
261817
265135
317845
200921
260616
295943
217018
258394
251709
235892
250221
218964
338314
227740
257048
239223
261514
240918
219757
238006
242895
257843
275490
286746
230475
229021
272139
233557
236870
275488
249811
214768
254804
235277
266909
227555
232336
206541
262702
236498
337544
247061
324443
241890
273988
259365
286604
237145
233949
239535
251299
228196
293793
240265
368574
218972
249440
242531
248442
238441
305591
246661
264617
245680
