2800233
1715561
3336412
3746117
2976300
3000574
1952908
1644048
3041411
2835060
3131135
3191916
4026382
3466866
3592050
1930158
4079125
1818537
3060594
2979912
3081923
3485394
3541712
3592546
3817723
3229648
3248691
3200625
1846228
3232879
2427761
2947022
3081577
3217366
2854529
3056154
3447407
3231778
2539925
3460753
3661801
4054121
3440188
1914219
1979156
3589071
3396574
2531858
3159282
1853300
1834798
3256539
2550621
1910176
3139661
3579473
3799459
1812415
3959395
3463765
3749703
3227129
2989574
3585648
3765756
3231952
3494920
3503019
3193971
3461534
3137220
1953530
3209529
3027415
3114170
3065106
3129853
3469381
2559032
2994140
3428154
1809780
3546604
2903476
3228811
3188790
3426755
2072958
2981594
3777205
3722843
3717043
2553757
1979207
3360451
1923483
3407219
3065264
3048851
3149720
2984430
3235029
3228857
3237462
1983821
3221923
2896545
2943488
3184624
3557917
2920639
1851016
1760203
3458031
3904584
1868615
3437445
3168343
3034228
3721434
3393334
3381310
3433831
3716579
3278520
3665755
3104146
3229803
2988979
3037108
3392617
3206596
3481183
3032332
3386702
3164650
3014668
3409120
3450227
3240854
3441861
3553441
3281551
3075220
3345053
3223514
3919764
1806203
2545825
3036243
3861760
3310799
2909616
3369155
3241445
1764096
