2807706
1740483
3344565
3754773
2985033
3008755
1959773
1652726
3054218
2844811
3140774
3199717
4032247
3486859
3597670
1936528
4085460
1839748
3081155
2990177
3088093
3492563
3552158
3598689
3825861
3242355
3257473
3211681
1859355
3239913
2434397
2957364
3087620
3224210
2861911
3068732
3452693
3250185
2551698
3469648
3672237
4064804
3448543
1921977
1988179
3615712
3403195
2539703
3169716
1861030
1840351
3272877
2557109
1915624
3152102
3587333
3806194
1820752
3980150
3470164
3759908
3238464
2996605
3593509
3771493
3239200
3502143
3512356
3206620
3471093
3142916
1961683
3217503
3035457
3122314
3073112
3137390
3476265
2568596
3001254
3435207
1816970
3552537
2912866
3239590
3194680
3437599
2091670
2988788
3791178
3728811
3722568
2558198
1986318
3370113
1928492
3416169
3072463
3059509
3154722
2990787
3240897
3238022
3242367
1992255
3240764
2911027
2952593
3189186
3564280
2927060
1857072
1765649
3463337
3914494
1875029
3444589
3176486
3044389
3728369
3400967
3388393
3441386
3723629
3286438
3679531
3113080
3243275
3004457
3051212
3402080
3215784
3491055
3041241
3395727
3171882
3021693
3426064
3458320
3248987
3452076
3559807
3289331
3092544
3350210
3232468
3929351
1815926
2555608
3043477
3871420
3325305
2915143
3375996
3250737
1773192
