1771564
1749613
1710757
1703130
1653131
1704351
1655340
1710116
1694867
1684851
1680672
1714842
1815028
1658755
1729977
1608239
1791062
1615745
1580770
1661151
1624345
1631327
1670959
1610436
1684679
1678034
1726812
1684716
1669767
1657575
1731200
1640782
1724203
1687649
1709189
1641572
1977439
1784249
1773578
1860484
1835554
1730717
1678705
1635946
1724260
1624709
1675402
1692002
1630645
1729255
1606464
1653939
1757885
1773579
1775277
1640870
1668887
1821713
1632496
1616133
1689364
1766038
1702456
1757629
1651163
1697516
1840784
1608209
1631525
1639752
1648971
1675807
1643336
1598043
1708610
1682393
1684366
1623341
1642327
1666452
1721306
1684092
1620031
1690118
1579985
1643861
1675405
1769589
1651389
1587459
1660880
1596454
1679625
1770908
1651436
1710523
1640633
1651608
1735846
1678600
1644157
1680450
1623247
1686957
1624612
1670634
1594188
1672281
1755916
1592080
1771783
1648774
1613508
1673137
1651295
1643473
1642971
1721963
1608914
1639548
1619159
1771211
1763954
1652641
1591528
1668061
1718958
1631305
1635084
1688724
1734762
1654368
1619713
1632772
1618287
1695324
1675847
1687188
1609984
1590299
1658213
1708969
1574517
1666296
1684534
1731747
1632804
1723828
1630379
1605540
1700017
1641447
1717044
1586261
1703700
1667473
