1781629
1780208
1722874
1713526
1666482
1715119
1665796
1719839
1704508
1700175
1691646
1726542
1825582
1667691
1744164
1617457
1799193
1630750
1604162
1670710
1631400
1639895
1678124
1619245
1690218
1687430
1737985
1694911
2222948
1666905
1738526
1658836
1730705
1698568
1716889
1650949
1992758
1790559
1781348
1869295
1846442
1736898
1683723
1642846
1731818
1635114
1681665
1702115
1650015
1749976
1635756
1668399
1771064
1783211
1781841
1650317
1682412
1832860
1649167
1623893
1696367
1780845
1710802
1773017
1664845
1707317
1850936
1616243
1643977
1661294
1659079
1685604
1654419
1608670
1726557
1690860
1694355
1633071
1654791
1674785
1731846
1691849
1630155
1710606
1590021
1655090
1690215
1779897
1660691
1594035
1672252
1605004
1698461
1778364
1662316
1718359
1648691
1662269
1743063
1687825
1654630
1686990
1631251
1707479
1632789
1682194
1612435
1679502
1765508
1604497
1785569
1659767
1622212
1679460
1660837
1650891
1652291
1730491
1617027
1649055
1638436
1778397
1780634
1662603
1601931
1677583
1727710
1643269
1644029
1699766
1743589
1663266
1628435
1641157
1626536
1703998
1688628
1695900
1618968
1597808
1668273
1724159
1586495
1677528
1692835
1741582
1646230
1731900
1648058
1619555
1718065
1648267
1723900
1597137
1712122
1680877
