432766
389070
386235
397334
378142
390870
419738
375738
412046
363529
380571
395241
410012
346065
396790
358939
405102
350811
375199
376129
363879
356240
390385
373818
429767
369837
382438
372070
384422
366198
433293
373637
411604
362399
342277
361425
397343
362896
382983
395313
372126
389116
374081
404415
385975
381645
349155
383098
397916
358867
380204
374496
346961
350637
397682
352697
405471
355366
381175
369398
408849
363942
415275
366673
407534
364001
356704
359552
356394
415481
374659
370078
358074
374218
375507
394178
379266
417491
367033
428081
375770
365013
377851
396937
392260
385995
388531
377564
387335
395692
371361
390548
349477
410220
358017
403979
381186
386705
371080
396787
367599
385110
362682
391326
407760
357401
391829
389116
398669
369716
389681
373774
408355
356111
376419
395831
392346
369936
386022
364506
424483
384459
391014
368300
405325
377921
380789
381214
405269
368655
381074
351540
440984
370626
398751
351023
399190
386502
352834
370996
414762
352583
382318
372629
416569
355693
415552
356710
396309
362560
340259
358171
381799
353635
407677
364737
