564592
517861
501286
507370
496850
510850
536116
497312
529449
479601
495042
515114
549546
461234
503626
497084
516548
464109
494769
494048
478369
476001
503485
929423
543650
485593
500308
475497
493524
484655
545581
491620
526714
480712
444638
469510
511455
467681
517919
518089
470156
494024
488886
512008
494045
484315
469299
517813
536391
489284
520751
485650
460719
464499
514025
468029
517367
470825
504107
471663
501850
477703
532564
484435
523933
478030
470751
481267
470728
531925
510463
492890
466884
488229
485821
518442
496275
533548
489659
566753
488763
473362
486331
510519
494213
498485
509801
495779
502766
510409
480065
509219
474217
521060
473102
509793
481009
506449
468309
509463
483286
504258
467586
506751
508589
489587
499125
502580
522586
481509
490707
480798
523724
481458
476636
500778
498008
482512
500745
480003
538519
502813
516469
475710
520724
488276
481648
495619
526802
479842
490993
461218
546086
474733
515019
454236
514036
509244
462597
480234
532706
473745
491648
489263
496860
481359
518243
487940
515233
482478
450790
469233
497962
456274
520078
478072
