2293343
2341501
2464408
2294804
2384390
2444820
2430075
2229779
2339006
2340728
2265402
2193111
3345205
4492043
4025953
3385007
2840526
2964431
2461806
2756187
2656329
2456718
2736881
2849741
3136076
3340425
2885623
3036441
2603869
2689556
2410089
2514412
2497557
2561276
2762673
2888043
4038406
3252158
2983273
2862682
3178197
3266580
2870757
2882784
2707349
2639905
2620539
2638659
3728762
3041787
4187040
3248760
3200917
3260931
3170167
2901310
2844692
2996266
3032034
2836215
2869317
2828974
2809848
2887125
2487886
2960224
3089493
2741859
2411190
3414679
2952721
3628501
3179723
3516311
3132688
2611690
3106247
2663017
2591501
2472171
2559794
2612408
2887286
2564092
3076666
2746687
3524614
2764097
2861358
2623757
2899144
2714892
2780074
2802513
2723365
2848094
3108276
3488130
2914124
2638084
2787258
2658366
2598312
2546966
2590193
2581499
2901379
2693338
2748890
2764564
3059968
2989845
3043517
2703569
2889026
2771183
2826911
2582019
2519439
2468553
2867235
2858197
2813865
2715053
2457490
2586840
3069749
2475464
2444319
2482951
2772608
2475656
2316310
2437003
2341315
2452267
2597954
2497845
2367854
2625781
2481750
2355495
2477108
2518560
2480955
2694493
2872447
2715309
2620013
2642249
2401398
2533581
2535731
2438688
2745068
2397760
