2297942
2361120
2470863
2300825
2391598
2451993
2437137
2237657
2345957
2347596
2273197
2202233
3358864
4499883
4031808
3391957
2851170
2975694
2468365
2763049
2662838
2464204
2744121
2855570
3142653
3347055
2893425
3046771
2609851
2696819
2414803
2522873
2505667
2567994
2770065
2898070
4046815
3258416
2992288
2870272
3185770
3273414
2879607
2889257
2713947
2647724
2627391
2654319
3738517
3051231
4194696
3255758
3208137
3268387
3176328
2906929
2858666
3002491
3043105
2842292
2876524
2834482
2817146
2895437
2494440
2967165
3097034
2749544
2416798
3421200
2960540
3645855
3186016
3523704
3139448
2619303
3113976
2669129
2598319
2478510
2566344
2619333
2893809
2570809
3083703
2752670
3530323
2770964
2868148
2629748
2907260
2721398
2787302
2810541
2729830
2853824
3114453
3494199
2920835
2645557
2792702
2665100
2604047
2553016
2600316
2589130
2907575
2702314
2756093
2772100
3066246
2996315
3048960
2712055
2895651
2776621
2832954
2588059
2525759
2474952
2876241
2865084
2820143
2722397
2464993
2594287
3076499
2481904
2452711
2488981
2779358
2482626
2322821
2454146
2348439
2459116
2605409
2504971
2374599
2633088
2488870
2362391
2487433
2524202
2486202
2702158
2878954
2722842
2626792
2648892
2406305
2540546
2543016
2446185
2751796
2405678
