40346
44463
43494
61695
48300
38605
59793
37249
55426
55326
44034
61166
42918
36403
42535
38203
31836
34200
47229
42869
36207
42525
47242
46006
43940
52962
40006
45449
35247
32481
49253
31214
28500
55144
35172
41393
33562
52039
37608
45608
34290
50968
47260
31217
37880
45523
31484
30677
32269
42737
31188
38631
43392
39399
28440
42405
47156
42196
36737
50534
44987
49309
39992
37631
27584
54545
38521
54932
44373
45165
51815
43289
47751
48669
47410
43858
37079
50932
44376
46610
59980
37726
50688
52912
47415
42117
44264
34205
37793
39010
43808
49759
28978
44852
46210
32582
47285
43672
34032
35031
38085
36048
42630
34788
41839
46836
56618
33454
48878
52244
29278
58717
49990
49048
30064
44738
43508
29307
40571
40595
43683
37316
60516
47441
45987
39156
28996
61835
60914
37491
44873
50466
50254
42131
40948
64066
43856
43657
56443
58799
59879
47901
45526
49736
42790
45625
51673
44386
44953
39078
35832
35704
54565
53206
31077
42290
