48094
65729
52349
84019
62137
47243
67846
47389
64944
64517
53565
69710
52887
42356
48161
46682
42768
48120
54810
49426
45226
48911
59476
53600
54351
60230
48278
51499
41835
37590
56753
40745
45575
65373
41294
54238
38662
58122
45894
53581
41416
76793
57897
37512
44479
63182
36729
36820
38930
53859
37787
43453
49053
46469
36929
49125
52985
52831
46289
67968
52655
55933
51038
44546
37526
63484
43880
62550
51644
54213
57335
50551
64192
72415
55678
51189
46697
58701
54420
54048
68871
63232
58497
62009
57432
48015
57407
40517
59581
48460
55305
64634
34814
57564
53920
37956
53722
51821
43215
40806
43849
52639
52502
40411
48119
51878
63239
41193
58755
66410
38682
69085
58608
57108
36851
53555
51558
37337
51572
56821
53003
51180
67471
55176
58790
45370
35184
69916
67558
45936
54105
60722
59308
49033
47611
73208
53075
58581
65026
71828
66709
57599
55908
58147
48676
54411
63708
51702
50515
43520
49195
41659
60742
66457
38102
50399
