728035
714193
730330
706324
714324
718858
721160
708471
716889
741262
798023
768978
820787
701487
721433
744574
749905
704546
752694
705123
699313
722648
714605
706305
775207
723126
732551
738082
719435
706971
739417
710451
713161
713844
729980
720174
722634
710662
734132
714929
692761
698940
766885
739706
733919
768126
723510
769325
805393
709813
723993
715779
712301
721252
715127
757648
707848
782715
728567
719904
764135
739722
792609
714386
739009
726822
728786
734291
707569
724674
719195
735626
707638
748046
726846
752443
724325
738920
714630
734961
738678
712950
715488
776467
750615
709946
722388
740166
718247
727687
723189
734943
755663
741671
709357
721833
728453
754183
735766
738767
710559
721399
728540
711236
722001
740913
748226
763918
728415
774940
754214
784162
720885
725014
735193
714815
720127
778759
753348
739864
785682
726534
716948
733409
709776
737070
723101
739020
763738
723650
777895
732375
765885
774380
718097
714826
725988
717653
715305
731127
695554
700203
747491
705612
786947
716602
714367
721643
745767
727214
758841
759139
734232
745930
701741
749662
