735037
722635
755143
714402
721931
727605
729153
716124
724877
749241
806272
778161
830723
709689
730001
752934
757579
711880
761520
713200
706582
731080
722066
714515
783014
730897
739700
745987
727340
715719
749462
718860
721369
721957
738012
728090
731356
718594
741996
723057
700824
706650
774572
747203
741707
775816
731592
778667
813011
718622
732092
724666
720634
729224
723739
765074
715828
792645
736116
727666
771754
747018
800386
722086
746272
734540
736847
741541
716171
732440
728536
745072
715641
756082
735498
760459
731998
746642
722498
742440
746417
721241
723187
784345
757759
717709
730312
748363
726279
735479
732706
742758
763496
751576
716620
730597
737463
762034
743347
746694
718507
729249
736102
718586
729773
749302
756226
773219
736260
783119
762033
792021
728611
733087
742856
722571
728083
786657
760672
748715
793811
734342
725289
741263
718999
745926
731214
747137
771769
731697
785715
740144
772040
781381
725772
723499
733461
725765
722476
739043
703144
708338
755526
713631
797897
724934
721535
729617
753674
735272
767412
767013
742295
753817
709321
757984
