30329
31039
30866
29360
18321
28218
29886
33155
31068
25985
30627
35959
32674
16825
15297
31116
25877
28110
24289
39826
39427
33117
21462
31424
19389
19897
16275
27332
13912
22310
18277
24693
25493
27238
16722
28009
19562
29997
18883
19279
17092
17293
18077
21470
18256
19870
22089
27529
30469
20060
19864
19719
15511
15992
40653
32213
25668
26919
28531
34758
16062
32366
28480
22300
27300
28584
15785
17386
35845
29655
27925
28616
23246
27986
37737
24084
19705
27469
18203
37328
24392
15896
16903
23994
36270
14978
30999
37764
28286
14391
25139
28445
28256
15710
24248
27215
16130
25254
15073
22121
20588
14282
26198
20860
14845
17407
14219
54058
31849
13229
23253
17788
26353
17326
33614
16260
24371
29489
27502
15092
21500
13540
24870
15992
13209
13888
16780
30191
36130
19681
28188
22617
34512
15515
15730
29295
25028
27139
30110
30946
22631
28760
28658
35920
22404
16263
19628
17952
29486
32247
24614
33683
14700
14332
16758
14525
