52985
40704
39588
38035
27126
38174
38115
42897
42812
34488
42605
45155
40581
23318
28385
38357
41370
33875
37635
49944
48001
44774
34203
36095
25952
43286
22458
32423
19590
31663
27350
33637
29972
32921
22028
35846
28389
36273
34566
26790
27765
27113
25533
27955
24171
39132
33965
112889
40189
25998
31055
25368
26024
22937
45709
39546
44388
33490
35226
43618
24285
42940
37420
32181
34796
48341
22894
29534
54711
38025
35188
37660
30873
33900
47007
31215
31912
37824
28503
44395
34626
24096
28772
29669
42746
27194
37291
42491
43827
25826
37090
35610
35457
24816
36347
33962
24869
31352
27799
31338
34535
23906
40743
27181
21691
25296
20790
63440
37681
18731
32965
26781
31551
23235
40590
21914
31059
36644
34978
20130
26441
21866
33123
30838
25534
25520
24368
35791
45061
26255
34313
28255
41562
23092
26937
38441
32829
35470
36906
41428
29501
39184
38940
43449
26637
23600
24610
25461
40942
43282
35562
39410
20978
22893
22047
22001
