47208
46985
39792
58435
50858
44397
68640
41346
53897
50693
45021
64033
44193
39118
55072
31804
56175
39050
44818
45719
44177
39507
43449
35011
44933
52925
31461
28556
34730
41692
49598
37582
47164
32824
57088
44674
32976
52180
31236
38650
56327
35294
52406
32739
55822
36599
30308
32745
52059
37501
48995
43399
61160
43962
58678
32008
43628
58230
60595
27633
44685
47109
37785
45012
41183
55580
39230
44281
33687
51724
31817
42621
56536
44030
45445
41439
54380
38220
54182
45434
57456
40318
48420
35921
46524
42603
50380
42744
56619
53790
35273
56353
50405
45524
44521
34889
52109
63711
51273
41222
52079
29742
28970
33270
31827
36634
40322
42024
59513
41672
42756
39534
30922
39639
47256
43425
58861
54580
36289
61704
56142
38520
46169
39822
49661
41372
39328
42359
68027
32900
50815
42050
45579
40124
36530
33922
41817
41828
45165
33825
33413
37830
45399
48965
32068
39117
29520
35516
39166
35264
40766
39202
30777
36646
28132
48399
