56085
56424
49458
67484
60538
72408
79737
51094
63228
59446
56257
73105
53968
45097
63159
39435
62754
47212
54524
52726
53034
47724
55206
41896
54897
60886
42893
38375
41378
51082
54046
42148
54004
47180
63748
50100
40129
62483
40151
53344
61688
43789
66814
54540
63002
42750
35471
38147
63402
43725
54480
50869
69559
54880
68111
43732
49449
64930
69487
36120
54526
54366
48136
54370
48013
63257
52207
51126
43801
59122
38125
49789
79844
52427
52924
49385
61774
48665
70757
52900
62992
47672
56757
45786
68322
50022
58431
49787
62664
60351
41183
64881
60167
52065
50793
44204
57090
70400
58178
47079
60052
39671
35762
39687
39537
47432
46473
47848
65741
48924
50047
44386
38893
50476
58552
56950
65946
61773
54295
92130
67842
47576
56720
45885
64611
57168
46250
49662
75780
41731
58868
48469
53225
48645
45370
46483
48561
52878
55338
46257
43432
46183
54810
57039
40263
57312
41400
43219
48574
46707
45649
44628
36738
46512
49479
57824
