831258
785292
800960
777037
738508
869279
829383
744714
686636
675611
671259
701027
2797748
932047
3058087
1060356
1405443
1186630
990315
1304384
957115
1151875
795183
1355927
2572776
1246254
1508720
1139412
2109456
2099578
2423059
1822614
1262468
1126349
1173615
1200640
3695452
1501150
1462992
1617743
1357950
1805378
1273381
1712323
1456618
1240734
1792821
1859120
2381029
1473787
1276163
1102766
1230916
1237645
1461740
1218888
1131969
1284294
1099712
1359108
1284070
997385
1423635
1294241
998203
1172327
1596110
1261427
1034313
1272745
1231299
993687
1377780
1245101
1547682
1081368
1467209
1337114
1405044
1210844
1266849
1279239
1049001
1267346
2071698
1380052
1158049
1336412
1669143
2291976
1846082
1576581
2343668
1454126
1433119
2069745
2156869
1772651
1631370
1721989
1374449
1464957
1868244
1250418
1788858
1882572
1505977
1270225
2610978
2122796
2161393
1468272
2392429
1831263
2115337
1334228
925388
1440600
1173018
1337538
1197923
1079568
1190505
1093131
1324058
1106771
1232073
972798
959282
1034133
1032134
985417
1203597
1051422
1413805
1167050
1257955
1251232
922998
973163
928037
961657
1032128
1245246
2578336
1027159
1987869
2228397
2141482
1804108
1612432
1716804
1571733
1556904
1602353
1981984
