842650
792369
808933
784911
745850
875933
836654
752565
694134
683845
678993
711595
2803214
938108
3093133
1070204
1415825
1196483
994903
1311377
963118
1158281
804729
1362825
2579913
1252545
1513584
1147256
2116389
2108129
2427799
1828004
1267351
1132499
1179152
1206984
3701419
1505514
1472952
1623268
1365275
1810103
1277617
1721249
1465392
1249447
1802993
1865338
2388607
1480160
1282872
1107461
1236512
1243784
1467555
1232999
1138393
1291886
1106295
1368893
1293873
1003353
1429263
1304066
1015908
1179016
1611611
1269283
1043889
1287277
1237072
1000426
1383667
1258144
1552823
1087700
1474756
1343131
1416949
1222922
1273452
1284881
1057127
1274637
2075925
1385405
1164528
1340670
1680821
2297567
1866428
1581647
2348115
1459347
1437477
2074622
2174346
1777745
1639418
1727260
1380171
1477015
1874367
1256511
1795555
1888174
1514206
1274766
2622053
2136067
2170860
1472945
2399976
1836874
2120260
1341207
933004
1449256
1180771
1342361
1210267
1087780
1210529
1107175
1330413
1114391
1237142
979597
965790
1039807
1040470
991780
1208527
1060792
1423049
1183391
1265390
1257407
929323
979617
935430
968405
1038388
1251571
2585421
1034158
1999888
2234462
2148324
1808784
1619693
1729579
1578042
1561657
1610173
1986958
