3787636
3857428
3800101
3734945
3761246
4041551
3935153
3576529
3575724
3890096
3557420
4052277
3859480
4043032
3871751
3769126
3768352
3645386
3609731
3675674
3597925
3676869
3656682
3801514
3837621
3829599
3823096
3885596
3722499
3754753
3725854
3670926
3861306
4057711
3776498
3921586
3762871
3750805
3779269
3737167
3872286
3801886
3699930
3995909
3739180
3783361
4041653
4245942
3754948
3873248
3819879
3861497
3757788
3739362
3762282
3670452
3653680
3668361
3669789
3727540
3648157
3683677
3637928
3719804
3864060
3803041
3739903
3703113
3623630
3709417
3646723
3778101
3626370
3668033
3919612
3722865
3660911
3650832
3728753
3696568
3684320
3651598
3649781
3880385
3746780
3752193
3739676
3686171
3906291
3697307
3739252
3701203
3684592
3665233
3796762
3794465
3729854
3845097
3858350
3854241
3810640
3734607
3783814
3817354
3783950
3834557
3818657
3864778
3934024
3776202
3858200
3641566
3867926
3707304
3651236
3618604
3602674
3676849
3762504
3714508
3659603
3663964
3770486
3659630
3635659
3716916
3600286
3583843
3652026
3705486
3720349
3574595
3614991
3675612
3818118
3635867
3624118
3645166
3662579
3623796
3568646
3588647
3727545
3828781
3692091
3719526
3685965
3777883
3882745
3751075
3778217
3694887
3694913
3646969
3748983
