3795762
3866050
3820898
3743485
3769701
4048784
3943973
3587546
3584648
3898790
3566414
4060058
3870507
4048789
3891251
3780091
3774538
3651683
3618771
3684095
3608731
3684991
3664643
3808971
3845659
3834655
3828616
3897407
3727456
3769090
3732249
3684036
3869543
4065898
3783710
3928758
3768588
3756957
3789987
3750419
3881650
3809085
3717664
4004445
3745218
3788155
4049131
4252882
3769005
3884777
3826544
3866277
3764498
3753599
3772301
3677547
3663390
3674663
3692324
3732677
3655873
3693082
3647103
3727205
3871262
3814328
3763318
3709928
3886097
3718007
3652940
3787561
3636689
3675373
3931068
3731858
3666156
3658698
3734434
3704040
3691133
3659757
3657670
3888484
3753953
3762414
3752177
3694222
3913895
3705897
3745165
4204224
3696393
3671015
3810803
3801204
3737545
3851563
3865270
3860709
3816659
3741462
3789834
3825232
3789902
3841560
3825992
3869403
3939282
3782479
3868429
3648052
3884742
3714396
3657392
3626108
3618524
3683642
3768487
3724332
3667174
3679451
3777585
3664940
3642932
3723530
3607386
3591113
3658827
3713658
3727293
3580172
3621755
3681217
3834745
3652166
3629583
3652556
3681215
3630140
3576025
3597051
3734342
3836283
3704900
3726454
3695070
3790994
3891739
3757436
3794825
3703874
3700527
3655262
3754868
