3589509
3871046
3809367
3899566
3842014
3638877
3503093
3564450
3482124
3726301
3573190
4314051
4037675
4058004
3785163
3906035
3853920
3837201
3899646
3882213
3653750
3728130
3672834
4010945
3673536
3986872
3740033
3817303
3817704
3905187
3916624
3680029
3763353
3739701
3705045
4125414
3884775
3907873
3835145
3746740
4177078
3821894
3719609
3748072
3745978
3686792
3839434
3780000
3717038
3825100
3749809
3796099
3766727
3804979
3760345
3714546
3609660
3911154
3770030
3770486
3826344
3719556
3702081
3764800
3810043
3698227
3818637
3618959
3700323
3653412
3702016
3744711
3669687
3773746
3620730
3608410
3727222
3650434
3731004
3717321
3759527
3663761
3717742
3688195
3663606
3739935
3692372
3753055
3699373
3963699
3967144
3661772
3650294
3830586
3939670
3771410
3894952
3871897
3767742
3767097
3739620
3739582
3879227
3679867
3837665
3843114
3975836
3799105
4048709
3724846
3823521
3768577
3812612
3713415
3750198
3673184
3613197
3683903
3914280
3823432
3765055
3801263
3649417
3698879
3712522
3664345
3747697
3616409
3683551
3700043
3714607
3642366
3641217
3691694
3685740
3787747
3654369
3628797
3712257
3747974
3649184
3753399
4159356
3880475
3703014
3772304
3716522
3984478
3739850
3739084
3761254
3698628
3827466
3823903
