3597006
3898743
3818417
3906670
3850116
3648742
3511511
3572448
3490110
3735433
3582865
4321668
4049669
4067643
3792967
3919743
3858377
3845708
3907688
3892934
3660231
3738411
3679191
4020279
3681075
3997224
3750925
3831541
3824223
3920789
3934148
3688424
3776067
3748503
3715243
4136348
3892999
3913777
3844173
3754122
4191459
3834430
3727337
3755486
3753109
3694940
3844684
3792659
3725887
3835491
3756633
3872114
3778632
3810614
3769132
3722541
3620905
3918125
3777782
3778449
3833964
3725911
3707665
3775430
3816215
3705300
3825308
3627487
3709168
3664236
3709855
3756444
3681083
3784619
3627554
3623721
3745790
3658132
3738604
3727389
3767684
3670352
3723891
3695193
3672787
3751044
3697972
3760206
3708717
3970485
3977260
3667925
3657056
3837981
3944799
3777623
3909957
3878737
3773769
3776896
3746831
3745064
3887335
3684791
3843724
3853852
3982607
3805661
4058876
3733788
3832178
3777334
3818391
3719148
3757135
3680683
3621333
3695403
3921823
3833590
3770154
3811108
3662753
3706011
3718194
3672343
3756227
3623698
3694534
3715667
3727044
3654153
3648582
3698552
3693219
3794685
3661584
3639243
3723251
3759645
3662453
3760907
4172072
3888460
3709454
3778849
3722810
3989012
3748308
3749086
3768970
3704564
3834763
3833329
