3251361
3084699
2901038
2882527
3290369
3320751
2932662
3126256
3318360
2766600
2908514
2918361
3164495
1939570
3546060
1991358
3500366
2543481
3450793
3135409
3046705
3310539
3639997
3623641
3628223
1812838
1844718
3491494
3540237
3271569
2099734
3237093
3900932
3560415
3426844
3595639
3193386
4552338
3136336
3576673
3737129
3398902
3225181
3835566
1779786
3409038
3419927
2989156
3708852
3147749
3404026
3208440
3259078
3560346
3237603
1881468
3252769
3230118
3202700
2093057
3041916
3486984
3532242
3402697
2717299
3184889
3160355
3087519
3468094
2651233
3577305
2623209
3831090
3291473
3442111
3369084
3986973
3391836
2983919
3236532
2016653
2037805
1855839
1901115
3545495
3354402
3129078
3771504
3788549
3725179
3523596
4021128
3513030
3059145
3383144
3445389
3622456
3222025
3568055
3313159
3805054
3415581
1958718
3455082
2010488
3349740
2895229
3663586
3763425
3389321
3364014
3546098
3287218
3419933
1874679
3863793
3265914
3352097
2552909
1969946
2977001
2589289
3520960
3783330
3590984
3034522
3554037
1840780
3155413
3521405
3565443
3461639
3502954
3270655
3391152
3358903
3222576
3492032
1887054
3163673
3263901
3523333
3489260
3104283
4051472
3103437
3486840
3738049
1783965
3092025
3918026
3540517
2063778
3456913
3111091
2011158
