3258671
3094246
2909680
2910593
3299663
3329246
2944898
3135021
3326122
2776042
2920692
2930867
3188249
1946579
3554362
2000400
3508592
2556133
3684519
3141918
3056663
3317602
3652330
3631783
3634822
1820112
1853384
3497042
3545174
3278843
2105581
3245941
3910035
3569764
3432754
3605478
3207583
4559766
3143924
3585778
3744537
3413124
3230233
3843048
1790837
3414550
3427240
2999874
3715520
3157463
3410063
3214635
3266961
3568414
3245214
1888541
3259607
3237356
3210746
2100038
3052727
3492544
3539986
3411754
2728910
3193127
3166385
3095371
3474750
2658925
3586151
2630572
3838419
3299165
3449963
3376190
3995607
3402699
2988997
3244759
2023069
2047481
1865762
1907225
3554544
3361990
3143230
3781360
3795961
3730928
3531335
4166221
3525862
3065136
3395145
3452576
3632348
3227878
3573723
3319934
3825143
3423982
1968650
3459956
2015722
3354726
2902826
3676533
3769315
3400571
3372579
3556997
3296209
3428125
1883707
3869675
3273654
3360189
2560508
1977357
2986640
2596228
3528234
3792533
3611268
3042454
3562780
1849545
3162356
3530659
3572057
3469903
3509693
3276383
3398566
3366933
3231030
3499030
1894217
3170209
3273814
3529168
3495483
3111611
4057406
3109670
3492821
3743494
1789407
3097595
3923975
3551742
2069258
3463526
3117562
2017052
