440097
413958
428451
413305
409221
413409
412849
413305
412356
412333
401894
409039
432343
439278
438571
463055
414114
445152
417173
417386
445572
433423
404656
430854
427522
420170
426177
425695
456856
409605
451945
431746
419154
422509
423842
412403
502764
497787
423860
416893
1101749
465127
420380
432957
412694
502977
437898
415605
463643
434956
463886
439739
423116
425549
408678
445111
447560
436920
441022
427906
447320
425978
406328
408737
431143
417533
419373
440279
415052
416300
417640
403667
443576
427617
406456
435329
417167
410747
434442
420705
416309
423210
442373
418933
476250
405678
446998
458217
465721
434932
445050
412415
416042
409343
461054
419807
471295
409539
430107
423943
427988
405019
421953
428110
423897
418851
422468
439302
459141
478983
429869
421831
590602
478518
426010
429699
425091
414163
427755
425395
441443
427996
427481
417350
429196
427575
415562
459122
425610
440820
449374
427485
416530
431817
446472
431914
410230
427983
418552
417021
417056
424724
423974
438795
413909
418547
436263
433795
421014
420080
428128
438583
463424
427315
473259
436085
