458760
422549
437213
421552
418320
423720
421076
421312
420998
420780
411429
418075
439161
452593
452239
490931
421273
454141
425116
425884
454022
440643
413311
439001
433610
426233
431464
436300
464605
421598
461657
450823
426569
428269
438187
416881
508752
511891
431389
422741
1107489
473297
428692
441619
421012
511884
450083
430886
469306
449570
472181
455672
434700
433129
416282
453957
457139
444405
448412
445114
458003
440415
424518
421008
437028
429823
424885
447961
423360
423734
424199
411140
451042
434666
414031
442246
424370
432003
441112
430129
428308
432439
449062
426488
482125
417142
453711
464072
473052
441084
452230
419741
422259
414666
466283
425417
476715
419198
435547
433933
433274
416807
426758
443358
429491
427878
428068
445095
464252
489460
436233
431541
600665
489133
437709
436909
431908
422798
434224
433112
448212
434948
602390
425719
436733
434119
426450
465123
435075
447582
456630
432687
422212
436389
452230
439828
420311
754514
426247
425981
424494
503815
432296
454953
428822
427990
442215
449102
426544
425622
434610
443427
468912
435425
479317
445392
