404633
428499
414750
416728
406597
425047
421901
438258
400551
404587
403233
406004
496553
486602
473712
448027
436868
421555
424258
417865
432317
409298
441807
424179
416116
402943
509765
428633
419301
447201
435454
455909
452306
439981
409639
423340
483505
422317
450617
420923
436652
412210
485677
451171
425070
420246
402765
428768
449431
435090
477251
473614
468163
418545
443448
414733
413646
409816
445121
439347
420459
416096
404209
414802
413221
410300
455357
418415
424241
437977
427921
400642
438261
422267
416454
435623
430369
417848
453357
431222
412749
428967
443700
427999
486179
416029
417587
463440
450812
512021
457990
423284
426472
502961
474292
466532
463989
424473
481603
424929
419514
477131
443371
500816
437406
431630
404053
464497
440117
421260
435257
471855
431101
447209
502436
421484
447625
413853
443220
408488
471424
445389
446138
466691
420988
436296
446685
411065
416071
408944
420902
408347
413649
410959
451684
435444
451484
419978
417956
416622
421571
416136
417258
410313
471471
444362
435659
456404
417548
441306
425314
422050
418374
442071
416041
443203
