428106
437414
422492
424736
414507
432728
428268
446385
408871
413057
411495
416788
506095
498805
480551
454477
442393
427242
432200
424358
441793
419691
447813
430975
424905
408571
522227
433640
425810
453466
444274
461699
462120
444928
416297
428743
495259
435043
456104
430825
446946
417174
504409
464705
429867
433707
412828
435353
455431
440989
492123
478250
475693
426132
457409
420629
424226
416432
450912
454259
427286
427997
599607
428745
418591
427497
465322
425752
431203
445202
434479
408364
444830
430023
424232
445558
438879
424886
460667
438855
419570
434232
451093
436669
514483
425534
424342
469717
455966
519292
465911
431142
433621
508200
478309
472840
478473
430534
498136
429774
428484
489155
450374
506154
442114
438589
408938
470582
445897
428007
440135
478799
438565
458589
507715
427084
458323
418392
456554
417261
481164
452027
460010
476269
428600
443042
453038
433855
423610
415231
429398
415338
418876
419097
459602
444083
458460
430836
426461
424441
427273
425052
424548
417367
480188
451561
442047
462960
423284
446182
432409
426773
424718
449259
423364
450675
