61368
83901
81123
72822
66749
74588
45962
75307
74752
72228
84417
81884
39016
62712
69677
80345
77936
58643
73130
83543
85956
58641
82486
83983
79989
94924
83118
89401
78836
64781
80711
71250
42027
41028
50624
71934
88727
69350
43564
94964
90428
71369
159775
79722
43770
82374
70989
58712
65943
111410
77412
62930
74289
67783
68696
81342
81281
74067
85803
72577
87274
62925
83102
75027
70985
56687
64652
75095
69470
85500
78929
79338
103199
64414
62723
81744
56023
79843
77935
41807
79508
65778
65565
43674
66986
49935
66133
60730
85585
67148
96133
47983
65124
60613
67421
65153
79941
43841
60878
40444
51139
66988
88948
76554
106041
60446
80270
79694
77157
122313
104864
73796
69263
70683
69262
84487
93407
83944
82931
81162
69840
81691
41900
83287
88586
81497
46415
67171
75330
79839
66724
71696
78228
60737
41881
90893
81676
91587
60672
67556
47635
82753
79125
63896
48021
90122
78860
78140
106684
76613
70196
73170
32282
63171
75622
73898
