69232
110396
89466
81508
75254
82075
54311
83676
84864
81623
92668
94224
47466
69324
84831
86628
91220
75108
86674
89808
106078
65499
98443
90614
93310
110489
93350
98884
84580
70951
86898
81235
47458
46608
58201
84601
94069
74834
62809
99265
101049
77311
166042
91433
54261
87309
75519
64970
70379
121532
83387
72529
80590
72402
73815
88713
91864
82069
95237
77719
93561
78436
90183
81606
78131
65602
76370
84434
78218
94431
86992
86762
113023
72763
75710
90221
60485
91408
87010
50536
87081
82711
75435
50524
77032
57377
72086
66650
97709
72743
101215
54248
75587
74569
73734
72753
84685
48803
70161
49044
57298
78680
98068
81883
112829
68567
94425
84844
84241
136276
113174
78431
78026
79185
75513
98297
110743
91725
90334
87229
90924
93275
46662
92969
93515
89556
55065
77501
83447
92576
74030
81020
85886
71036
48768
101546
87614
97852
71678
76181
57486
95096
86730
70230
57671
101549
85408
89047
112184
82135
77333
78253
36785
71909
80282
79615
