4840152
4874245
4897377
4797822
5146620
4822582
4895763
4835871
4583520
5661118
5462957
5220974
5303722
5547719
5465208
5396178
5347818
5477213
5401673
5527626
5342133
5075345
5451381
5266643
5398794
5457121
5408445
5381230
5393433
5531692
5288497
5198615
5579798
5469581
5340699
5216063
5350999
5248047
5520522
5178017
5474482
5224295
5435939
5153160
5162409
5284560
5445226
5331331
5281328
5429966
5302370
5184388
5241516
5440345
5085879
5265805
5327433
5390617
5553982
5276832
5369238
5259196
5167012
5308691
5144193
5287245
5207240
5232413
5388829
5306970
5333553
5436956
5329186
5172840
5257005
5104548
5205277
5310727
5275263
5201706
5279010
5190087
5320051
5156220
5376308
5334045
5239826
5449556
5598721
5538825
5269254
5087512
5169750
5209713
5195478
5151997
5406887
5345568
5193391
5419238
5158986
5218459
5221593
5230476
5352383
5336077
5175919
5352187
5415926
5134558
5277937
5180446
5217418
5243089
5422255
5334119
5333961
5194373
5333772
5324233
5100766
5142685
5187860
5251580
5031425
5099268
6352083
