4894262
4926922
4954231
4872541
5217867
4880605
4946668
4893262
4630733
5723334
5504162
5261415
5352871
5601100
5499167
5437914
5382551
5525305
5443990
5574298
5378862
5105708
5499473
5305132
5452232
5491146
5441559
5427572
5442970
5560939
5318681
5248246
5620409
5510143
5378715
5258988
5395440
5512736
5555355
5230404
6026406
5266640
5466888
5194703
5210026
5316211
5485563
5383768
5333964
5474250
5350020
5220150
5275166
5482130
5136181
5311626
5381548
5428984
5606482
5328522
5417804
5307218
5203878
5358242
5200952
5326110
5263992
5268480
5433385
5348359
5383322
5471982
5372857
5226872
5291300
5145273
5252234
5345980
5310071
5253374
5311316
5230744
5347633
5203883
5414374
5374709
5287578
5491610
5634681
5579954
5306032
5138009
5219466
5261486
5248402
5184951
5460861
5381454
5244557
5458124
5195770
5268279
5283601
5282534
5408015
5371350
5211849
5405007
5446645
5164492
5328397
5217644
5254946
5300139
5468008
5379254
5384792
5227406
5372623
5369182
5136338
5195849
5231969
5301668
5073394
5139268
6393115
