3596568
3653860
3612296
3432192
3824946
3440879
3587137
3397867
3548852
3376147
3423127
3566050
3462438
3440770
3497776
3354151
3465178
3344846
3340115
3370500
3452946
3393115
3334650
3437146
3389532
3450771
3412487
3454327
3493620
3397549
3395841
3418319
3424277
3414582
3337278
3401202
3450329
3372637
3441800
3382813
3356100
3395711
3365565
3476964
3451812
3395451
3363015
3359375
3357887
3297801
3420604
3360547
3413153
3478334
3362003
3424975
3334806
3346224
3424647
3467570
3506228
3396348
3407847
3407565
3389185
3405065
3422149
3397959
3455351
3431918
3410554
3403151
3402897
3376474
3489949
3395889
3378321
3387283
3383169
3414619
3451736
3437443
3391656
3490837
3370745
3482636
3365206
3374936
3381271
3420195
3407545
3389795
3387948
3398249
3504219
3428984
3410061
3394544
3382807
3439704
3411157
3425636
3385246
3397086
3374282
3407461
3390697
3427571
3375451
3446675
3484533
3421034
3410227
3410212
3407601
3416656
3389821
3386626
3368110
3374326
3362766
3482138
3382929
3398481
3408706
3376622
3358901
3351586
3482785
3367491
3366086
3525444
3427575
3463408
3422113
3410600
3415197
3560218
3448916
3369918
3424821
3414545
3386210
3453670
3425506
3509445
3393343
3367413
3386659
3430006
3408719
3455051
3374636
3399279
3516095
3425337
