3603715
3679400
3620919
3439863
3835506
3448358
3594527
3406028
3557040
3387342
3431018
3574273
3470146
3447793
3505816
3361723
3472959
3353016
3348031
3378106
3463734
3402832
3342126
3445346
3397663
3458175
3420314
3462399
3501355
3407594
3405721
3428219
3432569
3422457
3345222
3409470
3458340
3381114
3449854
3390849
3364029
3403687
3373844
3485433
3459357
3403044
3370967
3367134
3365674
3306363
3431562
3368821
3421180
3486077
3370045
3433204
3342621
3355302
3432282
3475425
3513682
3404263
3416080
3415338
3397333
3413095
3430261
3406224
3463312
3441225
3421325
3411662
3410953
3384120
3498111
3404210
3386171
3395006
3391289
3422718
3460076
3447890
3399706
3498753
3378097
3490549
3373507
3382826
3389379
3428515
3415665
3397847
3395265
3405980
3512297
3437299
3417966
3403439
3391561
3448644
3418389
3434097
3393076
3405376
3382505
3415790
3399454
3435822
3383483
3455064
3492320
3429056
3418198
3418240
3415416
3424065
3397422
3394554
3376794
3384185
3370670
3490723
3390238
3405964
3416669
3385679
3366986
3358520
3490381
3375043
3373825
3533545
3434803
3470893
3429658
3418286
3423118
3568447
3456690
3377595
3432542
3422137
3393638
3463362
3435359
3517516
3401121
3375316
3393652
3437670
3416750
3462793
3382507
3407335
3523553
3432891
