511176
470055
422822
429042
407077
380624
365085
401930
391330
418013
448939
384725
506931
429594
509346
408990
386352
408225
430676
382459
394610
420831
382164
368544
455458
407504
392966
429616
388354
396446
396754
389594
435959
424120
423023
436757
445902
374687
439234
397711
389111
443084
418126
416328
390320
475843
377526
458756
514906
418266
431537
447236
463149
395058
428225
352162
413424
375969
366416
373240
441216
413406
422201
395884
373112
396936
446281
419147
404864
393954
406625
394170
389974
380487
414244
441395
405967
397971
403560
420354
371097
421083
387654
386590
382551
407606
376614
403530
416400
407563
412039
407016
395547
396057
427679
378732
418666
377012
394489
393278
428584
521630
369774
431842
381732
420828
369299
450894
453236
399339
479886
378784
415709
515563
393583
386829
404500
381569
414224
406068
407986
387099
423471
389907
402408
427248
366391
413003
406134
389593
394042
401740
411068
406604
431837
391220
396841
429775
381343
382856
366542
393587
379287
383069
384114
410865
441250
379127
392775
376674
380370
472910
363450
471733
392810
399749
