646836
604675
518469
558890
520702
504077
475489
522745
500777
539377
553487
497022
596246
529969
611806
495421
486048
495257
545976
488814
497204
512595
475013
467541
622981
529839
537323
529020
487874
494860
535934
485227
548443
532169
553181
565788
550000
479422
529174
510026
484050
545445
512998
514283
492198
566601
471198
555160
607601
553948
534639
548003
550425
479614
517703
451679
510938
465462
473797
453550
551446
532889
525795
538301
477300
505162
544492
550743
500945
485689
506981
503831
489463
495694
527115
550012
508208
500292
503100
532044
463283
525057
523514
801494
484756
513344
468528
533490
518499
494509
515993
496065
498185
486032
509934
480635
547203
464314
502775
489908
542802
635014
461385
522064
528171
517907
485478
529084
549843
483313
593225
1250202
511059
616160
506147
493163
493970
488971
537436
515219
531539
496741
547135
495536
543475
562798
462207
522306
526921
483794
499839
505880
519202
522274
545767
482902
508924
546867
502381
483334
450871
516462
483545
484470
487050
510578
551515
488056
476967
468396
467971
562498
458091
567722
484311
513056
