325103
309633
260416
301581
285354
300950
317702
305134
302981
301306
312357
302288
307400
285102
302790
300496
324536
303279
291517
309950
324318
327066
311659
303010
296918
303570
326093
298367
333394
307808
312635
328646
323208
312068
319883
301062
322937
315937
342187
322201
301827
323650
290903
308642
313461
295063
281385
307086
294134
310416
295294
276225
298061
320954
315632
293169
313489
322385
330629
297961
286122
304410
323997
338710
309567
303931
289591
310991
302857
292473
340056
319189
315978
320704
316696
319087
300249
300473
300483
323112
325671
332098
303829
288406
279356
325505
334617
318823
315021
313146
332309
298977
320400
334143
331249
320543
329421
336020
319203
297646
308409
309856
285059
274266
320897
302543
287588
314135
301496
330520
316734
333926
327241
329457
299417
316234
314896
302118
296274
315739
314774
310209
297820
320514
302125
323833
319305
299151
330403
299371
317238
336260
286293
269910
306204
280751
320362
303162
330478
305280
305372
280265
307743
311498
321160
297702
301279
304057
303032
305244
299911
315359
319827
303401
327184
317069
