334576
319038
270104
338384
297833
309577
326954
313668
312118
311024
321348
314374
317062
294302
312406
310119
334325
313149
302286
319706
335186
338303
321049
312525
306525
313759
335233
307570
342257
318698
321302
339478
333861
322137
329857
310570
332381
325784
351976
331829
310902
333311
300252
317986
322608
305899
290499
316387
303497
319244
303735
287504
308276
330509
325204
302548
322405
331314
339911
307618
295751
313171
332844
349498
318833
313800
299077
321202
312131
301373
349379
328037
327983
330473
326016
329642
309411
310208
312632
333280
335052
340852
313983
297691
288470
334126
343888
326835
324187
323047
345176
307880
329375
343182
340349
329485
338341
347092
327395
306520
317782
319263
293985
283615
329660
311461
298533
324675
313554
339362
325911
348134
336544
338709
309984
327296
324443
310567
305094
324685
326179
319800
306835
330954
311499
333309
329402
308959
339775
308699
325809
345724
295728
279020
316658
291454
330062
312213
339709
314552
313945
289082
316057
321585
335380
306759
311117
312257
314289
314243
310197
324844
328802
315530
336960
326098
