64717
49230
67697
73790
66580
65344
48517
74765
89231
66971
73510
64799
66638
79313
40899
112459
90664
70853
67162
68715
78420
60003
76253
79962
55296
72200
66431
52205
71151
84064
75517
80501
36830
76247
83462
82309
69111
40402
78906
77148
70439
137673
81268
56907
65645
57791
63905
89691
50490
87357
90086
67036
69901
74717
86604
103419
96688
73290
70568
72759
41418
81468
68968
83333
45137
68155
118871
37351
77430
53240
52923
79073
91791
71682
72121
69877
53564
76805
37012
73435
78193
54527
88375
74502
62745
58816
43246
78870
57410
66679
63215
43633
69053
75669
81331
79989
77974
75577
90269
116772
78399
96059
70212
66793
87519
84781
55335
92837
80403
82326
130044
61579
87155
71086
62359
77125
41014
72874
79964
82586
69465
50275
85853
76953
55057
50343
62704
72575
61147
64501
88124
47131
64757
84600
55123
85615
58981
37210
51784
83915
62720
90581
81022
46465
65736
78720
107457
66940
61536
48509
87068
82247
61126
70901
73563
34792
