79734
59362
76552
83084
73951
73671
57420
83396
97811
77126
82663
73303
75077
90044
49504
123692
98503
76804
84559
75943
85853
66236
87309
85884
64794
77716
74933
58774
81854
90268
79719
92866
55684
88846
91034
89438
77799
49047
85670
89848
80515
145956
94037
78279
77423
62686
75562
94307
56945
95425
95209
74315
77161
83789
91022
110186
109192
80370
77250
79768
46993
88815
77380
96950
52814
72959
133441
44908
85495
67047
61950
85202
103270
79477
81765
77755
60812
85952
42904
80684
90541
62856
95054
88864
69192
66208
49009
89382
65728
81637
69006
49402
73683
80937
88919
90025
85268
79962
94680
123658
87938
101697
76454
80038
93370
91266
60291
97768
86396
96306
136825
71304
96808
76455
69575
84174
60631
80137
86732
88351
77988
56679
92961
83156
60749
57303
67491
79541
67944
74172
96778
53865
70667
93236
61285
94896
66042
45326
57675
90914
69120
99861
89929
53317
72607
86854
126733
72347
78161
56811
98057
88525
67389
76701
83357
43073
