4647105
4703070
4549394
4651798
4877983
4887409
4796743
4581599
4652408
5132180
5141194
5169174
5208285
5315982
5111977
5194763
5033613
4918387
5138317
5191941
5436187
5315100
5168538
5082692
4976714
5113551
4979457
5118389
5223169
4990574
5277996
4989116
5254000
5082971
5076911
5455281
5007403
5192205
4914205
4985395
5070809
5261514
5052066
5000615
5097805
5322324
5387600
5216488
5071053
5189957
5150961
4849925
5080137
4907439
5063652
5140376
5177768
5096883
4877990
5095091
5069887
5105840
5294570
4995407
5157991
4972666
5231135
5041987
5186401
4925940
5075956
5237165
4987543
5096634
4990017
5129728
5016399
4942829
5066728
4952235
5129223
5331301
5129089
5065358
5150556
5122926
4874837
4944655
4929916
4990668
4993952
4894065
5313814
4991319
5104061
5246823
5136297
4917094
4994932
4965598
5038940
4904293
4996556
5279399
5116243
4932153
4904739
4990317
4987388
5051224
4819289
5194991
4961514
4899857
4942234
4998331
4965227
5025965
4909458
4971487
4881413
5072009
5140253
4829993
4860428
4921429
4955199
4920471
4909707
4889395
4843207
4946626
4870793
