4686818
4767944
4606369
4704781
4932259
4931213
4852819
4635354
4704149
5164375
5188337
5218961
5263280
5371987
5162245
5241462
5083061
4970994
5187792
5250408
5482787
5360048
5219697
5121072
5019154
5166037
5029147
5165122
5285629
5047710
5336390
5031200
5300142
5143614
5131086
5498300
5043519
5248846
4968236
5031612
5112953
5312844
5100124
5055723
5145055
5379528
5441094
5260931
5121905
5240578
5209680
4904562
5138240
4960307
5122493
5180587
5235431
5159567
4928507
5147170
5121765
5156548
5336049
5043568
5215880
5017760
5281475
5092715
5226581
4977659
5125504
5283390
5029500
5152052
5044233
5180023
5074080
4996984
5119229
5004588
5161403
5377445
5176828
5118331
5205244
5162207
4915280
4996455
4984963
5047991
5046516
4938949
5371728
5035926
5156043
5282452
5197530
4961031
5051149
4997080
5089078
4964138
5055934
5337261
5154086
4985668
4957029
5041526
5036739
5103331
4862278
5244349
5013607
4947241
4995175
5053221
5013486
5082005
4955719
5029656
4918487
5122674
5195586
4892334
4912567
4968259
5018270
4978377
4961460
4926375
4895253
4994624
4920767
