1103631
1178015
1217945
1126157
1170987
1458342
1147157
1082993
1403342
1153976
1174590
1391152
1114717
1173933
1292585
1151084
1185091
1203515
1155580
1188611
1450577
1157984
1185955
1240888
1155842
1188817
1189740
1116201
1197131
1190018
1276423
1268207
1198164
1105192
1239657
1126384
1221414
1326788
1179099
1235352
1354524
1270105
1211286
1301756
1252812
1290901
1342391
1240778
1283227
1272374
1174514
1272988
1249425
1188898
1307796
1292627
1140471
1299742
1290965
1194187
1353054
1278100
1210026
1275474
1249694
1425829
1374981
1317706
1204022
1315177
1261716
1234077
1288101
1173955
1167732
1336918
1183691
1232013
1318639
1223071
1159826
1409991
1227594
1244506
1326440
1197022
1167916
1260246
1223361
1199658
1348218
1284180
1185549
1287259
1194812
1225343
1285199
1276480
1167848
1270075
1260080
1268421
1292630
1182931
1269511
1275731
1191377
1283086
1216071
1226289
1312691
1227700
1213127
1285858
1230558
1162771
1374678
1269086
1145072
1235572
1238880
1198996
1285724
1251245
1193103
1207334
1336583
1144682
1256452
1339580
1187027
1195795
1387173
1188520
1277111
1340657
1138962
1279057
1403428
1181622
1293032
1282920
1159270
1272754
1188274
1068571
1193163
1141983
1065668
1167020
1157260
1079900
1185958
1154768
1114676
1194444
