1127876
1186611
1226763
1135030
1179427
1465870
1155514
1091359
1411704
1162065
1183233
1399290
1125485
1182601
1300383
1158913
1194893
1211895
1164239
1197436
1458942
1166144
1193449
1249242
1163083
1197726
1198234
1124842
1205292
1199661
1284709
1275948
1207785
1114001
1247980
1134821
1230031
1335554
1187584
1243587
1362817
1278505
1219644
1310169
1261108
1299152
1350671
1249234
1291450
1280626
1182629
1281891
1258397
1197384
1315454
1301198
1148480
1308039
1299189
1203931
1361118
1291123
1218448
1284003
1257696
1434003
1383148
1326321
1212214
1323724
1270035
1242520
1295935
1181676
1175362
1344959
1192236
1240300
1326656
1231445
1168322
1420199
1235591
1253050
1333493
1204923
1175202
1268168
1233063
1207999
1355936
1292712
1196654
1295230
1203184
1234044
1294936
1285099
1176556
1278496
1268514
1276534
1300053
1190820
1277228
1284218
1199698
1292707
1224528
1234601
1320816
1235942
1221461
1294292
1240611
1171368
1383038
1278547
1153602
1244058
1249596
1207420
1293998
1259803
1201283
1215753
1346334
1153255
1264683
1347877
1195149
1203745
1394331
1195831
1287691
1349067
1147795
1286647
1411094
1190127
1301187
1290943
1167792
1281383
1198307
1076955
1200962
1149766
1074017
1175056
1165248
1088210
1193985
1163116
1123193
1203116
