903700
776071
923962
785432
785124
770296
991651
863425
782656
694956
716397
702365
3272369
832201
1226663
2319770
1410962
1959335
1484619
1226330
1277589
1104139
1218516
1512774
1863351
1005961
1413053
1742576
2093382
2000092
1376430
1556708
2310599
1835299
1328322
2400625
2166785
1762670
2451314
1628791
1250724
3471145
1614692
2431517
2551261
1442436
1504455
1485455
2201339
1568101
1390205
1579033
1151416
1334452
1556469
1503224
1279302
1213702
1295894
1376036
1798475
1194244
997634
1109294
1431043
1505545
1774730
1001437
1344298
1181208
1657762
1183310
1479717
1237867
1276240
1465853
1464281
1069258
1329250
1287509
1466595
1256488
1359667
1412443
1516561
1461980
1538812
1400015
1451000
1529662
1273057
1236838
1242284
1362786
1405955
1792223
1481370
1496054
1561031
1315173
1220452
1507798
1119063
1164262
1274407
1218187
1209228
1429797
1729650
861440
1573634
1273173
1599160
1412928
1468727
875450
1207770
1552728
1433900
1538451
2335362
1785718
1689631
1419363
1116835
1166928
1109532
1357533
1048621
1217224
881482
992228
1531033
1387248
1536397
1295477
1004591
1443896
1210116
1393508
1699001
1284305
1308406
1590067
2449514
2179919
2513401
2165653
1065585
1772097
1686775
1799900
1816165
1422018
1388084
1381842
