926430
783281
937866
793282
792668
781780
999063
871775
790863
717882
723954
712036
3277387
839665
1233332
2325209
1447616
1965532
1491949
1235462
1284816
1113307
1224316
1522745
1868325
1012482
1422088
1749246
2100679
2010406
1383607
1566041
2315793
1842834
1335346
2408922
2172734
1767699
2458862
1634648
1256190
3478031
1621114
2436329
2563849
1449899
1514240
1492231
2209435
1583980
1400986
1588664
1157696
1340783
1564775
1510507
1284936
1220723
1302672
1383074
1808465
1202549
1005076
1118286
1438658
1511548
1784054
1008472
1354426
1188834
1665799
1194761
1486238
1249576
1286361
1472540
1479953
1079890
1339130
1298902
1479698
1263215
1365656
1420405
1522315
1472290
1543094
1405682
1456203
1537015
1279180
1242571
1256971
1372345
1412174
1800030
1485981
1502742
1566250
1320262
1232580
1516428
1127541
1172739
1280072
1224077
1216799
1440039
1734865
866678
1584203
1283356
1605630
1419083
1479448
882430
1216000
1564639
1440025
1544384
2340077
1791904
1699631
1425140
1124022
1173364
1121678
1365710
1055499
1222790
889250
999031
1539062
1399218
1542363
1301667
1012558
1451444
1217926
1401544
1708837
1291750
1322769
1600739
2456300
2192501
2518939
2174780
1073333
1780828
1695489
1807597
1822531
1427784
1395015
1394031
