46775
57843
45569
45570
46121
44570
56830
43529
54461
50926
44008
53342
36979
35527
41610
27816
45330
37483
31759
45533
40978
35018
46801
54794
54202
49773
30173
34165
29439
48426
44077
48633
33717
38350
44960
29814
39463
38180
32248
30908
36890
35664
63559
28980
29303
44805
49116
35520
58313
30788
54427
42573
31025
27882
38653
40285
55090
46667
31384
67295
43933
43725
44671
44998
33669
35939
53282
44022
32906
45603
43957
41416
50371
49954
44286
31647
46010
46266
36161
45177
53600
38872
49817
28933
44782
30201
49736
62857
38894
46775
38905
35860
59832
30737
43685
52130
46812
40938
45738
28144
31475
45673
44560
33941
32346
51668
47414
32332
50197
46874
34946
28328
33381
52059
44631
30291
33623
52922
38848
56107
36383
28678
56534
40566
30707
33470
35008
41864
34237
32118
27902
46684
45485
36456
45282
29629
51247
42310
44432
58258
45058
42811
34541
30027
67640
81801
40999
43018
37193
36077
37404
51242
50092
36690
37864
42462
