57359
66416
70789
54493
54814
53910
69892
50377
62848
59741
54563
60805
44712
41764
51332
35601
52244
45507
41515
52713
53236
42933
54202
62604
65651
60541
37824
40532
41116
59587
49524
53901
39334
43294
50208
34635
45137
43206
44954
41269
48054
39854
72790
38645
39525
53326
53959
39110
64667
36675
62525
56538
53921
32904
48970
48120
63844
53597
39503
73731
52258
48866
51543
52883
44408
46766
66355
52127
38489
53091
52694
48028
58070
61039
50925
43321
57688
54180
42089
56109
61499
46925
60462
38704
51318
41270
58038
67953
44042
51471
49621
43557
65521
36690
49208
58436
52892
46351
51876
41462
45947
51054
307579
39499
44813
62923
53423
42195
56641
52406
39243
36320
39668
57964
51509
37657
39409
60617
46583
65664
44323
35750
64918
49529
37244
38993
44478
51373
41268
39452
34320
52430
53903
47499
54115
35834
59702
51301
52632
65690
53312
50099
41471
37372
76308
98058
45726
49522
49650
39765
45345
68240
57559
47278
51663
49846
