10102390
9095662
8556690
9061566
8617810
16446744
19724074
22039538
24335739
30004265
30013265
30006121
30003810
30001455
30000315
30002035
30006416
30005804
30001383
30003773
30004660
30001414
30006212
30003928
30003788
30005522
30007398
30007440
30006849
30000802
30001211
30006199
30012525
30005183
30006390
30004647
30004149
30005689
30004425
30002722
30001626
30003897
30003756
30003649
30006130
30003490
30002342
30005281
30001847
30007114
30007663
30012406
30005872
30015359
30001956
30004349
30005182
30004319
30003322
30002247
30002004
30003805
30001880
30002318
30002122
30004499
30001147
30000686
30004812
30001786
