33476
38963
37041
35856
32629
35749
52566
43340
36119
34510
22834
35823
40077
33493
30807
23013
53789
44977
36813
36801
18937
35344
24099
36099
34116
34727
19916
38398
47093
21594
31585
39347
21102
36833
22178
44533
37930
50637
34179
27825
38428
35801
30662
35622
35243
49568
20728
37645
22200
39333
28629
35258
38153
31698
34997
33636
45201
36067
37127
37183
34793
30992
36720
34475
28777
19257
32922
38810
31003
35848
36186
25461
39451
32824
43138
35260
46643
35842
30824
34906
33808
34854
44060
26426
30568
37228
38924
21812
19079
36538
36947
47058
36521
23587
35000
43850
35147
33958
25406
33911
38888
31395
35334
34400
33176
36017
35737
35235
36920
28632
42730
36081
39620
37621
34666
38020
34773
52665
34294
35828
36182
36008
32627
43804
45259
26587
25835
35678
33152
40363
34831
34633
43033
34065
38027
33133
37273
34776
36378
36627
36394
34063
36658
31650
31381
35546
41561
36652
60113
45434
35631
35035
37937
41592
35239
37521
