40663
64281
45043
44176
39983
44700
60652
51344
45343
47536
32573
44798
48379
40570
37631
34050
65634
52802
45351
45335
26290
43349
31706
43689
44446
44127
26508
46193
54472
29198
38912
47980
28027
44997
30572
51990
48860
57351
42824
34810
45481
45695
37801
42395
42641
57779
28721
44752
31220
44794
39269
42019
45469
38418
43066
41040
53473
45837
44185
46019
43569
38008
45237
43429
35863
25899
39280
57285
39028
44020
43460
45642
51204
41472
49526
41939
54456
44349
38082
41924
43240
43846
51533
33430
37547
44059
45676
28540
26696
44542
46268
53385
44301
30002
42598
51443
42088
40736
34892
40191
45556
38123
43191
52630
49731
45375
43482
40779
44275
37082
50557
42632
47843
45648
42059
45310
42020
59128
42862
44182
43865
42093
39868
51442
52495
33871
33202
43561
40956
47333
42901
41888
50772
42713
46112
40068
44959
42756
43587
44222
43959
41725
45561
40835
37840
43530
49570
43037
67534
52783
42910
43242
45083
48900
41946
45674
