1732955
1744381
1743375
1687075
1704155
1736281
1663632
1745786
1687696
1733204
1694795
1723951
1812649
1591802
1715454
1594965
1707558
1645993
1677462
1721957
1628189
1711791
1639693
1670277
1656082
1626871
1629833
1661017
1634852
1632258
1587949
1652842
1611151
1635360
1576137
1656961
1868548
1803760
1645367
1687799
1575560
1608396
1618100
1602683
1647952
1630928
1708109
1629757
1658642
1620849
1680634
1636189
1717526
1741694
1738232
1576083
1667108
1638851
1574757
1563740
1649859
1607374
1701272
1623988
1628590
1696671
1626435
1610303
1636400
1641642
1652499
1656586
1607280
1654729
1504881
1590832
1644439
1639139
1659691
1621908
1628895
1715330
1690265
1632905
1715505
1645661
1653815
1570984
1647457
1647204
1681282
1576231
1589456
1559334
1683449
1765125
1884081
1616314
1652479
1567627
1678445
1594921
1618983
1664680
1591573
1567071
1709681
1576928
1655708
1635084
1660737
1642547
1587345
1654780
1656491
1642591
1681390
1671175
1646516
1658820
1688929
1638890
1643826
1640006
1651938
1638874
1585860
1702271
1628357
1691582
1629960
1643383
1634732
1667452
1697860
1594650
1710804
1664164
1697879
1712482
1606024
1573669
1686368
1603612
1647121
1615556
1732699
1628686
1620510
1598711
1685063
1591894
1562876
1589274
1568717
1571603
