1742173
1756195
1757713
1696670
1732525
1747762
1672985
1757452
1697435
1744302
1705446
1733494
1820696
1605402
1727174
1602246
1716748
1654635
1684137
1734923
1634962
1724704
1652406
1684321
1663939
1641148
1636643
1671389
1643262
1640866
1602963
1661245
1621344
1643626
1584360
1667425
1876888
1815363
1654985
1696209
1582654
1621014
1631333
1616031
1659422
1641870
1717550
1640741
1668744
1634712
1688079
1645534
1730721
1751393
1765306
1586072
1675624
1649399
1587603
1572399
1656749
1616488
1712787
1632125
1640069
1705109
1635170
1620968
1647472
1651363
1668051
1670836
1616412
1666553
1515988
1603416
1653737
1654047
1667911
1629804
1637460
1726114
1699572
1640893
1728214
1654524
1660257
1581486
1655592
1655566
1688248
1590452
1636003
1567890
1691602
1772806
1913138
1623300
1667592
1577549
1687125
1611279
1630389
1671769
1600323
1574486
1718507
1584408
1661744
1646452
1670362
1650339
1597163
1667325
1665991
1651532
1691030
1679296
1656259
1673870
1697829
1648581
1655300
1649624
1662657
1653940
1593452
1713885
1637799
1701731
1643600
1655644
1649922
1677206
1708313
1604888
1720796
1674294
1710765
1723284
1625485
1583335
1694567
1612084
1656794
1629113
1746745
1641470
1638073
1606407
1698013
1599930
1570381
1595580
1577009
1578871
