1997856
3303135
3345491
3382778
3287231
1740228
3137070
2801722
1765786
3228422
3579261
1675172
2075892
3815366
1938542
2586119
3406570
4019028
2126897
1907238
3468193
4035296
3905321
3856931
3877257
3155801
3433606
3059946
2527794
2962357
3206585
3489264
3563880
1904547
2615021
1818260
3736328
3529395
3092192
3574973
3191415
3834209
1959263
4035673
3049034
3534277
3289116
3167878
3739838
3981127
3912467
3217512
2966949
3441655
3487336
2602156
3675172
3292936
3421771
3109498
3439386
4049779
3956319
3263376
2658767
3300296
3949579
3332553
3435141
3684518
3399915
3404205
3223774
3668459
2139895
3901392
3107588
3196184
3422310
3214936
3693147
3248136
2673356
3237986
3702169
3363782
3901064
1968619
2682349
3581901
3881999
3463750
3403783
4129983
3871560
3819573
3244499
3429767
3319978
3609926
3126366
3642478
3470320
3070961
1778394
3515442
3789588
3392743
3766080
3290417
3738322
2075496
2002017
3298132
1886878
1879568
3106925
3301961
1786432
2197816
3361191
3429620
3461668
3623678
3464808
3697944
3028027
3623022
3306780
3106667
3271864
1945926
3383808
3371507
3498543
2894129
3400363
3526588
3621023
3104690
3075803
2789735
2009689
3237946
3606759
3060038
2004822
3644959
2521441
1947223
3064250
3302014
3104189
3427432
3030790
3243295
