2006525
3311526
3369915
3391507
3296212
1749095
3147029
2813519
1773814
3237443
3590031
1683526
2080799
3821739
1951477
2602706
3412278
4033428
2136324
1917262
3479275
4040919
3927033
3863171
3887890
3162936
3440770
3071935
2535264
2973126
3221943
3496719
3571007
1910141
2622578
1833819
3744931
3533671
3097075
3581885
3206803
3842485
1964674
4047532
3054230
3540781
3298024
3180011
3750188
3989897
3921889
3223393
2973727
3450890
3495164
2615440
3682921
3301142
3428343
3115660
3445776
4056301
3963439
3269442
2667773
3317707
3960261
3340307
3445853
3692110
3408267
3412474
3230193
3678287
2147007
3910305
3115717
3204237
3430952
3222401
3701876
3255843
2680146
3247781
3715670
3369287
3912471
1974304
2689993
3588467
3889597
3469753
3414002
4141961
3878592
3824085
3252521
3435483
3331760
3617141
3133348
3650720
3480051
3080175
1792440
3524143
3797477
3398602
3780595
3295508
3746473
2081095
2006811
3304964
1904869
1889133
3113928
3307548
1791688
2205068
3372057
3440337
3469588
3632062
3472252
3705580
3036727
3631220
3314317
3114660
3280375
1954659
3393895
3381791
3510030
2902857
3407886
3535068
3629680
3111986
3083274
2797035
2016084
3258593
3614758
3068092
2015987
3651042
2527064
1952540
3070385
3313086
3110461
3433503
3037415
3257596
