442886
420969
428586
450080
416292
446951
413538
440670
423201
431398
468065
427334
433383
454275
413316
462901
498368
418740
418442
441038
428001
466707
422909
443697
438051
492850
413038
425135
450099
438724
419227
428517
436062
417962
431966
450466
453906
418355
422388
430781
416671
446325
477647
414378
427481
428432
461358
410852
463937
413528
449526
420301
451457
438273
444364
418915
417367
417359
405762
399123
438688
430556
420114
430979
438631
440067
444270
460455
445245
438615
421390
415221
438874
418561
421735
424939
417105
432224
403823
434963
409571
454772
429612
418123
411828
427186
406485
426977
420338
443027
423613
464253
447813
425935
426172
475304
447416
425398
469321
412375
453433
411922
420002
428329
419614
453721
433812
438275
511874
432498
495306
525258
462452
473546
445156
465539
430226
407017
430227
418566
414101
426208
422887
416138
429229
413698
411188
411892
429275
422840
420469
432999
423135
417984
405758
421453
443617
413095
411654
441773
413096
421072
418857
406387
417307
430714
413320
456864
419045
414855
429234
415854
428142
408342
428680
419581
