461480
429736
435563
472518
424745
454845
421213
449460
432475
440282
476711
435544
441628
464011
419864
469886
505699
426804
430138
446288
435127
480878
430164
451813
447357
506492
426810
432099
459462
444777
426528
436766
441229
424692
441476
456829
458938
425368
426931
439625
421776
451770
482973
423952
435611
436739
465819
418289
471274
422914
457146
426400
465225
444054
455076
433791
423127
425789
411267
405254
455690
437655
428022
437588
457774
448737
456498
470727
460566
447205
427696
426550
444792
657849
427339
433314
424196
454838
415245
441836
416682
461398
436780
425260
417456
434770
413235
434956
426107
451779
429866
469448
453659
433322
433632
486672
463094
433365
479625
417836
461762
416313
426070
440242
425526
460752
441156
446504
525825
438080
506156
538821
484166
481737
456615
473009
439426
414683
446614
425559
423050
434762
429695
427967
438767
421408
420741
418596
434655
431943
428091
440461
437188
425664
410342
428216
454699
420155
421820
448739
423120
427347
426889
546469
424131
443145
428358
462219
428298
421606
437660
421010
439524
413382
433899
426030
