404213
394236
395945
401305
403265
393534
396508
394512
394654
396403
406698
408909
454442
411684
421958
409863
395038
395533
397352
406261
392490
394278
401313
400707
414411
400030
416511
392088
396341
395315
401846
398872
408767
394263
388045
399143
392329
395983
399956
388210
392326
392365
388329
404989
420684
395244
405231
391669
391932
416105
389922
405650
398478
413148
396092
416481
399177
396845
398886
395005
408728
388646
398632
387135
396058
399569
406421
397632
414580
399246
384966
396208
397216
395827
397000
374037
400844
389091
385169
391089
421611
424020
390952
436128
420700
405255
393066
411122
391029
392830
428189
395576
399323
400445
390931
400176
403195
392133
389950
404868
387406
398301
398330
391307
389272
406821
388887
396903
437038
395432
386673
396063
389613
389980
401168
403622
394381
402869
391873
399551
402233
401233
395405
399636
395137
393476
394309
400508
393122
393065
404531
378185
397871
411068
393832
397806
418540
391052
395563
405790
394926
392540
416649
392041
463141
402081
405736
392115
408342
390786
387599
395283
391408
393080
397460
396470
