427315
402475
403516
409210
411054
401861
405231
402590
402901
404898
415471
417418
462516
423676
429583
418268
402818
403569
405400
414633
400698
401699
409503
409365
423143
407576
424322
400058
405209
403624
410956
407188
416813
403260
396159
407314
399366
404186
407600
396897
400194
400859
396077
412655
428062
402783
413436
399713
401493
423810
397783
413616
406299
422391
405101
424851
406927
404885
406351
402839
416191
395935
406049
394871
405065
407354
413705
405351
422569
407202
392934
403673
405358
405429
404568
380165
408696
398346
392922
398509
429385
432341
398322
443989
427875
413312
399733
419031
399692
401306
435803
403616
407257
409706
398894
408053
412288
400312
398462
412808
395219
406333
405744
399375
397537
414166
396687
403911
444402
403760
394679
403874
397614
398968
408919
411412
402340
410821
399988
407759
410281
409307
403563
407147
402439
403042
402323
408694
401045
401034
413083
386078
405911
419995
401751
405831
425287
398895
402013
413674
402548
400463
424637
400043
471093
409558
414356
400136
416406
398876
395533
403056
399177
402123
404967
404616
