23608
35662
27128
28855
30962
31150
32792
32239
35070
32226
28615
30779
30701
29930
32674
28415
31666
28470
31773
30221
28411
31086
35558
29117
29791
21697
30175
34833
28151
28985
30998
38970
28720
28883
17664
32589
28322
19496
29260
38246
28628
33746
30696
29308
28327
30256
38088
30301
29055
30571
15383
25302
24844
32357
25813
31165
28953
34435
29158
28889
32866
28204
35601
30388
33534
30835
28427
29741
30926
28762
30162
31563
35292
30597
28320
30580
29614
28761
23168
32045
28850
30475
31650
32737
24836
27638
30439
34354
31041
32280
18108
28340
30370
31855
29139
30262
26107
30663
29856
36342
30236
33418
29991
28143
31290
29355
28644
30566
31895
27273
29049
30189
31542
29277
29686
28429
47551
23731
22545
34320
29079
29460
31525
29414
31564
28014
31852
27614
28115
18230
18573
30199
33273
30388
31957
28428
29878
31843
36954
30829
29812
30234
28854
28295
43378
35119
30535
19793
30853
31060
26732
27800
29207
29731
36029
28035
