31352
62640
35230
37150
39220
39533
40493
40517
43481
41336
40829
39176
39904
38442
40357
37006
39367
37390
40739
38473
36907
39384
43847
37010
37628
31487
37816
43097
37416
37705
39121
46770
36922
37228
25556
40843
36441
27018
37047
46407
37001
42280
38693
38067
39068
38324
45519
38255
36999
39321
22559
33476
32886
40367
33855
38935
36264
42635
37255
37072
41778
35714
44305
38355
41590
39091
35996
37516
38240
36275
36676
39296
43037
38924
36313
38654
37709
37207
33566
40307
36384
38846
39374
40767
29965
35260
38444
42678
38632
44463
24689
36010
37850
39971
37303
39807
34437
39201
38366
44637
40069
41863
37519
36334
38924
36916
36779
38742
40481
35322
37000
38123
39525
42432
37762
36743
55364
31987
30027
42579
37110
38110
39915
37632
39544
36157
39661
35594
36027
26214
26571
39602
40587
37564
39816
35732
37706
39570
44796
38834
37548
38174
36611
36285
50878
43091
40387
27755
38512
40162
33922
36593
37267
37998
44235
36516
