31000
26178
23695
30722
27923
28095
26776
20742
28382
28055
29820
31590
29652
28669
26095
44246
22357
31024
22604
27774
24173
24103
27837
16187
34803
36644
20990
24474
40701
15498
29558
24913
36831
16807
18168
26229
13562
41684
35919
23445
21527
41727
17657
16726
29431
39131
19139
28763
26200
16817
17358
21497
24171
16026
28431
29133
20923
27653
26315
23237
35065
29712
27693
28894
15299
28517
27124
33154
27661
30006
41776
36095
27840
27717
28606
39330
43316
41013
14443
31064
38566
18777
25914
30266
27871
28265
22473
19945
22550
16288
20542
17212
18268
22403
25111
13862
14661
21468
18692
15492
20926
41025
14528
13885
15960
21105
21514
27491
15014
19305
17111
15773
23884
22019
16560
22817
19727
30518
30274
35148
30180
28779
18391
27641
27165
36170
18862
27976
33138
17538
20641
26793
24180
34651
28163
18329
27929
31605
36531
31058
13266
27989
29141
31938
22113
17937
14188
29304
20595
27702
13748
22456
18955
13211
21967
27372
