56890
35213
32611
39550
36217
37520
40216
28771
36480
46189
42540
40589
38963
35406
45852
56952
31397
41224
30699
38446
30412
31075
34926
24642
41707
42789
26010
33446
52281
21969
35233
34528
42596
21558
28657
33084
20641
48386
43378
30600
27076
47448
33894
25740
35403
46308
28751
36268
36341
21420
23555
28166
32338
23281
33842
36256
27076
33230
34480
31754
44137
38256
34508
37609
21314
38955
33788
41369
35186
37888
49352
53241
34551
34890
35050
46597
49675
50319
21033
42235
44931
29595
35508
44382
36911
36863
28431
25247
27690
22051
27803
21654
23202
31285
29991
19445
24551
26551
24340
26697
28389
53584
19362
21286
21416
26254
32195
36344
27355
28960
25360
24461
29448
29080
21711
27650
26444
38865
36645
42215
39676
38171
25811
35847
42380
45866
26111
35386
42193
29276
31256
33601
33483
42396
35478
25783
34733
39175
45218
37473
21140
34632
37301
39217
33179
23986
19656
35033
27481
37468
19668
31526
24671
18512
29731
33586
