801411
711253
753853
725050
710036
807910
785852
688730
700794
727045
722557
751294
1283088
983408
1244727
1215826
971350
991332
926718
847458
915150
820276
983024
858265
887585
935189
774841
810275
1048399
930615
838455
892585
973195
881722
998990
796979
1431213
1149142
916027
1085749
989543
916607
985610
883339
892042
956134
818264
878736
1101281
915703
925603
915194
846398
968484
1000223
864372
1020249
904536
811302
930316
1002534
713643
1010494
962556
804574
1049490
973844
726423
813609
734596
809173
871798
1162286
767478
933477
912190
801749
832759
873988
807021
781853
876809
817712
865932
1077791
813515
998667
1105897
1044495
829850
939250
807438
944050
861585
942763
943252
1130634
861789
909533
1074628
932101
985291
912274
745062
935285
796522
821018
906419
1064960
789060
1126257
882537
1144141
888155
1263444
848188
872041
929507
848992
784122
1117746
846996
930176
791858
832381
756561
812931
819860
788755
732592
824167
991943
941738
802207
1226650
769802
801755
910562
763863
846020
731043
813409
894475
943533
1073551
761443
946685
852726
955435
952240
874580
766984
931806
816155
793994
818838
