813446
719085
760123
734045
718427
817950
792907
695690
708256
733802
730674
762580
1293526
989987
1251209
1222858
979879
1000585
932834
854317
921822
826946
989123
864096
894413
941534
782330
817519
1054289
938907
844668
901442
981285
888560
1005963
803468
1437439
1155309
922874
1092480
995914
922205
993965
890828
901397
961803
825186
885483
1107833
922497
935697
921273
853160
975013
1007731
871525
1026098
911437
818838
936943
1013451
719840
1016425
970172
810934
1054621
981086
733812
820910
741086
815817
888657
1171567
775827
940167
919375
807944
840573
881569
812821
788690
882455
825722
872589
1084267
819487
1005188
1113337
1051831
836098
945648
815062
950343
872614
948264
949919
1145829
869469
916573
1079911
937181
994140
918214
751568
941222
802980
829129
912243
1068604
795702
1133194
889721
1150162
894516
1271284
855170
880600
939423
855141
789765
1125046
852384
936861
798967
842802
762168
818960
825693
796268
740135
831555
997483
947188
808956
1232718
775709
806845
922704
769988
853133
739438
819190
900192
949038
1081998
768045
952483
859921
961853
959701
880769
772636
937477
824833
799840
824910
