768918
732848
735514
758247
741031
749925
848531
721044
767913
776753
796844
790220
885455
820095
822346
776302
790265
823624
776452
828218
822459
778395
819991
806200
984794
770243
993225
831267
854084
799668
855399
858329
869345
855013
787475
779240
891946
784315
837581
792682
813009
765801
796838
838147
767661
753750
794075
779563
1000412
906513
841170
836978
832424
807277
820269
773254
772113
783113
792982
789225
985968
781924
749352
825420
774790
783315
850022
797714
819335
820254
761612
739629
853252
786354
775867
819926
769795
805009
818874
796373
777148
756616
738083
828324
820393
782505
810404
814630
758935
839249
818907
779775
806115
778775
799903
802286
856446
809968
787579
786356
749120
781713
746975
799519
786631
793193
777025
810187
868397
860235
957406
892859
757889
815138
809593
830212
763745
753968
791411
779423
947894
793968
798361
817945
811871
819078
812217
766715
751577
810106
746616
769599
821679
755398
841933
755820
791978
737120
800644
771927
755553
780343
780523
808919
856119
794936
775637
859941
810934
802420
845141
812134
796563
831352
762343
792737
