782932
739366
743724
765535
751292
758815
855269
728261
776160
787803
804395
798751
893449
829966
833296
785253
797789
830623
781976
835980
831893
786731
833902
816080
992764
777872
1001161
843068
861353
813256
863027
864213
877153
862006
794153
785487
910967
796865
845818
798205
823554
773349
805504
844314
777369
767616
801455
789413
1008330
914484
857291
845147
845864
813131
829881
781044
785373
789091
803704
795006
991264
790855
758334
833819
781601
792631
857752
805847
825759
829159
774827
747452
860217
794242
789406
828751
778050
812497
827092
802161
785251
767936
745582
966562
828101
805714
823162
828437
765108
845729
843242
787955
811146
788232
806434
809095
869171
820989
793399
791690
760646
787541
754442
810006
799779
798757
782346
816295
877200
866868
967915
906120
763675
824269
818080
840349
771927
761541
798611
787315
954916
799371
805087
838734
817624
827450
821441
778107
759825
820371
752797
776440
830082
767720
861206
765134
817382
744322
810054
781560
765653
787682
791613
820825
863930
805656
784293
868590
815951
814634
852154
818803
801422
837079
774948
798277
