46384
33890
45064
46151
56072
28086
60715
48545
46220
58403
42871
44919
43976
44024
61012
45319
44141
62343
43793
45566
60959
44486
47713
54901
29352
60205
45610
43932
58533
44448
45683
65923
40065
57653
46236
44423
45186
44845
48499
51245
46955
59887
45124
54579
45891
44528
59932
46136
49220
54079
47746
59087
45989
44451
57753
45082
66523
44692
45058
55474
46002
46612
44184
53727
54199
43627
56209
43708
45632
67115
30705
45515
55520
44042
55426
43831
44019
57082
39814
44559
64787
43081
52842
52226
37578
60480
42755
43952
63574
44418
48473
54517
43676
57973
46006
48457
44911
53631
51110
44717
60717
36948
44764
62040
46254
52351
58199
43433
56932
45770
45946
44041
47675
58096
48951
43805
66557
42587
59241
42701
43497
60508
29129
57251
53195
41856
59563
48941
44207
65019
43994
46193
33863
46367
44962
65103
44814
47339
58379
41195
52696
50670
43708
58951
47288
44211
60152
44278
47572
62638
45275
59365
51960
64835
47081
38212
