72407
43005
53669
55201
64493
32285
74721
57523
55001
67056
53651
53766
53614
53104
68969
53938
52781
71110
54351
54650
69665
52112
56829
63817
41322
68684
53945
52384
68824
54814
54602
74977
48268
69130
53985
52434
55559
53017
56523
59815
55349
70047
53459
62719
54039
52728
68101
54447
60285
62390
61557
67386
56273
53214
65833
53387
75224
52658
59858
65247
54052
54436
52832
61753
63291
51993
64950
52151
54204
75664
39096
54544
64993
52775
66892
53072
52384
65622
47860
54649
73231
51704
61463
60749
43993
77482
63701
53338
72258
53574
60506
63296
51886
66323
54790
57081
54440
61717
61421
53082
68888
44880
53102
70356
61982
63595
66671
52632
65703
54144
54509
53184
57854
65676
56914
55095
75201
50779
67781
52759
51907
68894
37467
65938
61538
50708
68992
58190
52533
73756
52237
55547
43790
55062
53373
73503
55847
55660
66711
50294
62479
59588
52185
66492
56846
53025
69025
52596
56003
71398
54656
67669
60271
73349
56114
46435
