331708
311977
308711
385866
329032
291059
294863
326339
171551
296995
228987
327777
308208
383139
321067
280592
288336
195842
273387
325604
166071
338000
251655
307316
309549
201190
175247
321244
318947
249752
358898
322798
382079
310648
380482
325561
306205
362550
306715
319655
326800
305827
257921
318064
215507
339364
336141
330359
407449
320674
399992
276833
330049
196851
317441
338982
323529
375862
338323
349821
295177
347173
292272
196449
314505
345789
188750
334413
318575
273722
317479
348420
345368
331465
193619
338474
183652
360772
361526
342870
350662
359318
374428
396600
199156
262562
193314
303028
329092
385838
258886
404266
342479
331527
376349
289344
421134
190039
379462
222423
369522
358945
212466
315562
313221
349526
254196
410137
394992
183044
300803
343216
388047
172538
216694
291752
338831
320510
329512
294363
312297
324557
342868
358511
388371
401438
323539
326009
353053
343820
190047
326466
355730
200329
346594
414804
189217
318391
302947
360690
174929
311352
378251
334964
342424
300928
379094
237068
177073
312462
175935
345966
367082
350135
340836
312049
