354671
320557
316826
394384
337021
299518
302699
334221
183004
305787
238441
339861
316980
389951
328228
289043
295201
502077
280999
337718
172770
348168
260667
316304
325180
214741
183357
330052
327210
257240
371619
332308
392141
315648
390318
334067
321548
372545
314700
344127
336955
312615
264891
326407
221264
350348
342153
341393
423722
327816
422161
285116
337836
201335
325227
348806
330811
382813
344755
356817
300118
364992
300329
205154
326156
352632
195661
346022
328256
284715
325006
426141
356155
344480
201718
344066
189973
366990
368876
355117
358465
370590
382207
406599
208164
281915
198345
400566
336632
396404
267889
412694
349052
338343
382701
298923
426686
195647
384944
229289
377377
370583
222211
322219
321914
354481
261429
415786
403679
191711
309604
350520
396899
187198
220979
298731
347663
327578
340244
301423
318617
336910
348531
371320
397485
429612
331204
333990
360395
352920
198627
331537
366105
208439
355083
423642
845496
326562
311410
372903
183029
317030
386349
344387
348076
310981
385352
244845
182471
328747
181659
352194
374756
354875
350034
320367
