1657963
1749422
1664786
1664817
1704560
1686289
1730038
1708132
1631681
1710772
1637438
1787633
1736251
1695752
1663776
1715984
1675949
1696390
1659577
1698463
1668563
1666354
1686860
1702789
1694410
1731358
1686164
1749292
1736613
1692290
1631721
1632561
1635215
1696337
1763981
1656747
1734267
1728347
1788911
1655956
1641687
1693644
1670209
1667139
1699755
1703676
1756535
1729727
1698733
1668362
1679159
1656648
1635303
1689358
1712658
1663275
1667972
1642513
1603181
1687617
1662518
1707047
1716624
1641883
1638290
1691463
1767218
1709048
1707136
1674855
1684443
1680441
1728148
1739156
1743050
1712338
1761838
1637640
1704270
1676905
1716052
1653575
1690140
1645439
1700317
1632473
1643663
1716193
1686845
1657455
1741181
1708295
1667085
1671142
1772026
1752053
1667834
1680648
1651065
1643251
1675772
1666195
1665198
1718832
1664755
1665689
1741525
1678851
1625028
1654505
1705755
1723276
1704865
1703283
1728359
1698050
1729491
1672836
1667742
1802979
1649597
1748801
1699995
1706117
1693221
1741958
1727137
1660448
1774999
1620601
1657713
1818534
1701619
1690312
1736202
1715829
1713117
1638860
1728383
1718838
1729220
1643035
1741705
1727560
1708156
1690068
1737752
1629457
1703862
1674657
1698923
1687250
1618156
1729529
1727898
1708153
