1667623
1760282
1677443
1685571
1715977
1697867
1740761
1720381
1642034
1721733
1648448
1797801
1746930
1704487
1673477
1725290
1685875
1706627
1670139
1709237
1678808
1676063
1698620
1712325
1704991
1741434
1698153
1760310
1747529
1704268
1642392
1644749
1644700
1705812
1774059
1667049
1744170
1739272
1799631
1665830
1652888
1702994
1680424
1677266
1710468
1714458
1766567
1739293
1709602
1679105
1689319
1665901
1645008
1702463
1723082
1673523
1686234
1652240
1615301
1697714
1671059
1717233
1727373
1652224
1648056
1702306
1779491
1718701
1717007
1685073
1697999
1690997
1738478
1749097
1754064
1722983
1772859
1647556
1713889
1687200
1726847
1663631
1700116
1656103
1710125
1642122
1653262
1727890
1697743
1668328
1752386
1718426
1676770
1681864
1782495
1764441
1678871
1691239
1661290
1654021
1687129
1676863
1675741
1729076
1675145
1676593
1751679
1688719
1634863
1665302
1718312
1732696
1714537
1713184
1739935
1708490
1739470
1682075
1677748
1813655
1659488
1759057
1709907
1716838
1703762
1751825
1737537
1670777
1786308
1631151
1668217
1830625
1711668
1700452
1745802
1728536
1722830
1649469
1743424
1729153
1738784
1653402
1754143
1737604
1717752
1699160
1755568
1640727
1713816
1684821
1709556
1699532
1628675
1740274
1738083
1718197
