3510888
3360714
3641836
3178036
3480968
3216327
3487678
3215266
3357740
3204195
3423894
3539540
3609598
3521882
3440842
3305884
3350186
3278861
3366138
3204509
3457700
3248997
3510257
3627958
3520632
3400632
3448983
3168988
3438968
3139720
3396164
3277114
3346807
3358233
3363545
3354781
3697878
3513538
3640663
3396358
3622305
3497624
3654716
3592717
3762250
3584586
3599646
3497175
3589383
3393331
3609529
3471515
3684705
3473974
3680192
3324944
3694377
3585361
3629458
3838981
3798353
3745819
3554879
3511686
3638062
3529250
3606495
3555065
3599961
3579528
3551026
3579727
3658663
3557736
3677553
3532852
3691699
3473584
3645392
3558054
3645087
3550759
3639693
3862350
3716903
3559061
3632557
3472091
3732500
3555619
3627817
3413985
3630811
3399189
3553033
3492687
3586069
3532795
3671934
3650746
3600924
3577078
3571293
3829507
3551975
3411031
3622533
3528239
3567988
3600784
3580076
3446988
3764650
3477488
3616303
3481711
3574491
3434192
3685496
3516849
3594612
3555884
3693245
3497092
3598883
3360847
3516193
3558679
3565744
3415783
3683630
4144409
3699768
3721524
3667064
3477720
3682857
3518706
3600045
3503731
3550508
3527873
3726018
3763005
3318771
3308074
3219045
3303915
3300751
3320961
3151798
3170303
3224590
3177505
3366473
3232719
