3536844
3368591
3650046
3186495
3489485
3224555
3496925
3223987
3366179
3213220
3436053
3547661
3617204
3529074
3449171
3314363
3357645
3287165
3374599
3213563
3465754
3257707
3518895
3636402
3527907
3409362
3458162
3177715
3446505
3148449
3403780
3285329
3355161
3366136
3371619
3362769
3706387
3522016
3649070
3404572
3629996
3506268
3663100
3601280
3770436
3598633
3607974
3505511
3596083
3401295
3617926
3480143
3693047
3482578
3688722
3332946
3702154
3593786
3638496
3847329
3806316
3754010
3564588
3519929
3646394
3538368
3615047
3563522
3608023
3588076
3558909
3588056
3666795
3565172
3685508
3541100
3699826
3481292
3653682
3565982
3656244
3559299
3648092
3870764
3724783
3567135
3641363
3480507
3740612
3564607
3637754
3422905
3639502
3407742
3561897
3500790
3594146
3542497
3680685
3659209
3609031
3585161
3579564
3837496
3560243
3419102
3630678
3537048
3576363
3609146
3588435
3455183
3772815
3485999
3625503
3492492
3582638
3442687
3693809
3525427
3602500
3564874
3701035
3505542
3607422
3368915
3524706
3567024
3574272
3424035
3691424
4152160
3708980
3729990
3675199
3485914
3691255
3527014
3608555
3513388
3559820
3536180
3734277
3771875
3327092
3315751
3227777
3311803
3309037
3329270
3161755
3178533
3233086
3185665
3375046
3241149
