104310
138237
116059
109982
113864
134858
122584
112716
110426
112656
113536
118157
111672
117411
98058
114876
120178
120321
106058
121253
115343
113412
112559
115407
115428
114221
112038
107363
117170
118255
116728
114852
117476
113689
111963
116390
117762
132422
106034
111311
115000
112839
112961
110018
117107
113822
110217
112199
140236
115740
110462
115051
112142
113962
142194
111780
121920
112987
116525
113353
104662
111161
115115
119234
113247
116015
119148
114958
113310
111484
111456
114182
109815
114638
118477
111928
116612
111297
123244
114751
115294
111048
113099
114170
112296
112859
111384
115196
117982
112873
115126
115435
113271
112844
116920
111936
103072
114031
120129
108988
114506
99900
113058
109509
118777
114761
112735
110317
116619
112582
116488
110602
104018
116610
112599
115854
126076
114776
113179
114737
111925
113295
116074
113196
133684
112668
116937
111435
114228
114785
115092
109986
108991
110402
114409
115182
113412
116275
124119
112540
113839
113862
108708
113666
119490
115209
110628
111886
114641
114415
103926
112534
114278
113136
115393
114912
