111597
163099
124717
118281
122010
143199
131562
121403
118502
120688
121420
126683
123716
126227
111373
123538
127627
128921
113845
129624
123298
120857
120929
123525
123384
122957
120203
115218
124920
126260
124866
122569
127441
122578
119868
124584
125275
140713
113873
119475
122960
120704
120721
117992
126039
121873
120244
121210
150293
123872
118720
122368
119817
123666
151859
120111
130444
120967
124473
121466
112194
118949
122717
126397
120763
123938
126823
123200
121268
119206
121594
122644
118126
122848
126427
120594
124874
119213
130749
122706
124470
119121
120894
122395
120222
120621
119498
123339
126166
121022
123697
124520
120737
120948
125153
123214
111432
121181
128230
116439
122410
110759
120395
117549
127052
122921
120928
118058
124818
120422
127429
118556
113143
124643
120860
123316
134051
122685
121017
122388
119963
122488
124474
120937
141596
120670
124947
119063
123237
122775
123284
118396
116386
117571
122336
123603
120930
124827
131450
120670
121097
122131
116495
121336
126721
124362
118783
119800
123407
122324
111453
120909
121927
120839
123529
122924
