525801
490686
428467
428607
437746
452551
403145
405364
415448
418766
397066
385144
414717
404191
430894
449349
403324
438852
416505
382879
395571
387066
418718
445294
479970
376844
449018
400481
456954
373703
440984
489982
400045
425494
449409
413615
515628
531834
468414
458297
422321
404201
414009
424969
417761
431691
421024
392355
391279
520355
413929
396316
536731
455527
421031
407921
382708
398849
411912
415070
453214
377312
371720
424127
412084
372327
424006
390785
388575
394627
398711
422987
390961
378908
396699
386339
386102
419801
412199
365412
404591
437704
388443
385174
404029
441326
434875
478307
390952
439710
468072
526061
426996
402688
388835
479840
495361
419290
393909
387654
407493
451590
402513
425062
388165
413191
380584
373713
529612
428111
406492
422605
449132
448708
434816
418084
431922
391668
376519
432628
447399
429960
378708
378401
427748
393329
432316
402611
436887
395601
390352
414901
426800
416299
478668
417503
393836
352479
443681
440409
368753
397957
429370
380312
460152
418492
480357
471934
401886
398515
399266
393075
397271
429249
442211
387110
