631086
606893
546657
534349
557993
553651
508806
506064
538946
537194
517303
506296
497145
530715
616326
543668
532383
529978
525151
486162
487068
509387
519103
559144
587031
487222
567417
505884
579766
473842
528242
590133
506945
530419
549901
518801
648827
645046
554619
593873
531585
501327
518067
522501
517378
545507
525887
491973
524362
618345
530335
482993
636889
553004
533845
545417
492494
494799
496816
523446
564341
478837
478018
518303
515016
477444
528679
506411
491873
476534
517628
517050
499398
501253
523464
502293
492097
524038
505602
465536
518278
546666
485627
477486
495651
550855
531530
590784
469588
541263
583742
616086
541512
545669
470787
610576
623128
505492
503449
493010
566424
542221
499382
515877
759434
523086
480510
525092
641186
529245
529535
544451
554851
557528
537305
539828
544957
507894
477231
542125
541491
526856
480797
465337
546249
503149
555265
495881
527006
515080
499500
532775
530355
529976
1380690
530628
519147
456931
558539
571320
480469
488434
549227
493295
576173
510386
634339
570360
499797
512551
487059
532875
504361
518850
524448
515565
