4807892
4841582
4746822
4615825
5054399
4726480
4600265
4546772
4785896
5561408
5405666
5208244
5353381
5556616
5274112
5437509
5471222
5339485
5416871
5423682
5300783
5225236
5252729
5089875
5222743
5449267
5195279
5212968
5494920
5324248
5403136
5442442
5229883
5175221
5302184
5398391
5462002
5095236
5735466
5354529
5385254
5230550
5199552
5276715
5327295
5215971
5196685
5399488
5234121
5273774
5360427
5316707
5447654
5281824
5322054
5616292
5188868
5382188
5563916
5393222
5311584
5306352
5316242
5412169
5384126
5296663
5205490
5363794
5308060
5295603
5189255
5328129
5289101
5191174
5353513
5214303
5228212
5411939
5221961
5195635
5173514
5363919
5155400
5263628
5156571
5341169
5313053
5374009
5999846
5693029
5101146
5339977
5300378
5117076
5312475
5137595
5535858
5223320
5536925
5267302
5360330
5245620
5273585
5278088
5105673
5285632
5339285
5353635
5149479
5470369
5238596
5167389
5285339
5526503
5398648
5204208
5378173
5341917
5327451
5135576
5353031
5219668
5293469
5300340
5302602
5133730
