4868278
4898528
4808781
4666944
5125642
4775227
4654039
4598700
4827103
5609754
5442252
5245304
5397545
5605832
5333950
5492653
5519824
5391146
5483438
5492375
5347108
5300652
5304770
5123454
5263750
5486285
5220512
5246874
5542861
5368685
5440429
5483966
5270653
5204758
5336334
5447992
5506304
5135678
5763113
5403802
5430457
5275651
5237171
5328811
5394655
5266471
5240516
5447667
5275389
5315754
5395525
5359321
5497286
5343395
5389722
5682187
5248710
5434182
5603030
5440143
5355512
5350964
5357603
5470823
5447742
5330134
5243498
5405264
5351665
5362398
5224480
5360690
5329839
5224954
5390152
5247483
5264740
5455871
5274810
5230486
5207385
5403314
5186587
5301209
5192082
5374160
5356047
5402948
6044907
5744348
5144092
5369513
5351847
5168903
5371372
5189433
5568106
5283972
5577997
5301050
5389683
5301545
5321385
5324999
5155232
5325458
5378360
5398211
5196092
5551964
5300353
5208588
5337846
5582912
5445565
5251279
5414750
5392595
5395961
5198210
5409415
5265744
5326259
5334504
5350622
5177534
