143009
117449
119469
115130
135419
115838
140202
119530
114917
116514
118149
117710
137614
110305
115540
125356
117088
113573
123691
128624
131982
127679
126142
116670
159538
116284
112783
127262
115629
113974
112708
132861
136378
116777
128437
119775
114093
109296
148634
105805
115663
127336
183490
115444
125633
108217
120874
121262
126720
125869
111006
108797
117123
136230
150207
112663
120134
114898
140640
117706
108500
150148
116398
135146
113364
131211
113802
139979
118193
114888
117983
111180
125132
131561
105002
131583
116253
114276
118266
109736
122659
101665
113887
119148
117650
108379
172882
122766
116366
103554
147579
129670
107690
143651
105889
113820
120357
126983
135013
102986
110041
118458
132100
105511
121248
114702
105881
111145
143984
131035
137705
116966
119084
114642
117138
121011
110757
121407
119532
135073
117950
117003
113680
120997
128979
105111
118671
110952
102953
117167
119391
106064
147470
115231
113476
118765
118360
103767
109390
101263
106653
121488
120981
133605
121007
108531
127262
124529
105897
106515
113014
121318
113254
120608
101215
132773
