151760
125773
144079
123346
143643
124940
147989
127524
123409
125667
127544
129602
145934
116949
120456
133138
123931
120442
129257
135716
138768
136382
133889
126939
169490
121946
118437
137596
124935
119753
119565
138860
148428
122943
136711
126761
122139
116874
160284
112770
125045
133701
196949
122317
135511
116465
126201
136165
145832
135198
116103
116500
127161
141777
165582
122127
128474
123180
148802
123361
114497
160333
122654
143116
125125
152810
122388
146920
130678
122636
126615
118592
136182
141748
112633
138845
125470
123122
125547
115865
132875
107219
120714
128064
136892
115787
185996
128946
121467
116697
157742
136761
113437
150618
111981
125236
125689
134764
143728
109701
117001
123513
137613
113593
136191
134351
115683
116200
523799
136762
143067
142161
131086
121795
123935
133293
118102
128559
131961
141135
123995
125942
120126
130896
142593
119053
133588
121054
110842
124273
127041
116040
156047
124574
122720
125279
125284
110695
117942
111579
115508
129792
125708
139277
131015
118274
138491
131108
114558
112900
123522
126567
118025
128429
109609
140341
