245422
277595
247364
256998
355407
272956
248110
295394
225330
216015
231987
724165
287966
393400
320714
744646
277339
407813
281925
375301
310108
226315
377844
301880
360715
439362
477005
350669
452623
319506
319038
340651
325736
324018
382238
260253
602683
319818
417057
344598
294943
338626
341863
284642
307435
267755
424721
250279
425264
324257
577819
375046
350532
406086
298072
274691
399030
370064
293647
366114
274804
435231
349630
334334
331893
309133
343833
260200
346208
263459
328296
292569
410670
326251
385885
281408
303524
268598
394193
257270
312033
384581
316336
295965
564694
241214
389103
410198
470420
402827
257876
304690
297596
227516
290698
383551
525141
420350
479599
365888
374109
337542
233601
236789
242092
214876
280588
309838
480527
251391
384935
346516
273422
297030
427289
351947
372247
248223
431550
325177
467767
276267
315911
305921
278339
267416
342383
264299
275459
353565
246857
388358
335240
319732
412151
259225
264198
272127
271490
304098
310605
248109
271656
257840
333480
318737
337881
326670
277283
282068
325539
292459
318513
265001
261293
336643
