270022
285779
255092
264578
363217
281868
255731
302916
233980
223391
239364
735070
295069
403614
333054
749293
286980
416744
289831
382024
320486
232633
384449
308933
367935
450761
484928
357718
458109
325528
325470
351199
332890
331210
390849
270261
608925
324883
424147
351629
302336
346487
348884
291860
314524
278524
432406
256606
430410
331302
585483
379501
359634
413034
313469
281164
407216
376435
300351
372812
280975
442541
356848
341647
338622
316342
351233
266239
357805
269918
335801
298804
420186
333712
392670
291297
310835
275055
401965
263606
318063
390698
323085
302859
570753
247984
395671
419171
477310
411425
264972
311574
305890
233176
296645
391151
531553
428064
484728
372270
381761
343053
239805
243308
248201
221794
286769
316217
488521
257279
392304
353958
281013
303797
437329
357119
379659
255103
438355
331294
474958
283273
320685
310830
284930
274971
348672
270509
283426
359318
254165
394411
343394
327764
421768
267111
270233
278611
278249
311505
317884
254452
278985
264874
340687
325431
343794
334357
283998
289179
335684
299651
325691
271386
269988
351628
