42971
28855
43788
57488
45181
44197
49162
45227
51142
52431
47925
46557
28124
56692
56156
44458
45333
49621
64850
50922
60266
45424
61214
40004
43725
65115
31363
59482
42931
35975
59052
48846
43076
43647
50407
36153
41957
35624
58994
54743
31661
28257
34638
49593
42017
42960
51528
29650
37521
34350
33791
47185
62730
41573
50449
43548
34281
29817
30477
49392
42478
45260
39236
54380
44368
51438
42107
62729
53033
39480
34280
31046
44962
41735
40113
44859
32955
46322
50864
34920
35932
36981
51144
55107
43434
43402
45841
37320
36222
50429
28262
54630
56799
41941
58378
29295
43576
48264
42328
43461
31484
51945
43604
58097
28908
29411
51002
41957
43327
44354
46940
46384
44116
48463
48695
32994
58305
30972
43555
48174
52024
34984
46240
48900
46188
46073
48602
42055
33687
57584
45228
44896
44371
43424
45256
57201
63488
62348
44714
71585
51776
45546
33536
55455
36165
39978
54509
40743
39913
59097
44296
57074
41803
36888
36484
43440
