66406
37200
54284
65789
52674
52819
60908
55420
59860
65435
56911
56366
36717
65146
61462
52007
52767
61035
73206
60803
78435
52693
69685
47429
57472
73134
39635
66805
50880
45003
67849
56504
51333
50707
57106
44653
49644
41077
71986
63212
39321
37736
42147
58002
49165
52148
59613
35183
46198
42754
44280
54700
70963
50421
57769
50330
41996
43105
42089
56538
52775
52956
46848
62498
53992
58267
52307
69843
59245
46708
41135
38585
55980
48853
46252
53447
39125
56583
63905
43446
43781
46343
69085
65813
50327
50246
57210
45965
46058
58034
36193
61677
63713
49083
69187
35055
53145
58309
47103
51300
38687
59737
51084
69310
35038
40565
58389
49623
51398
52497
58877
53383
55776
55800
54917
40731
65988
37334
50699
58260
60087
42136
53364
56074
52351
54602
56135
50374
42387
67767
52619
51309
51602
51527
53067
64404
70808
69240
53765
78895
60916
51160
39892
63490
43746
47345
64545
47471
46794
68071
51231
70104
52242
45528
42832
50333
