421182
420422
413597
434280
425227
466944
414082
416454
449478
403661
412407
411580
447268
411646
415989
416385
417839
426171
413940
423750
444172
424781
424628
439650
456649
418149
455023
498025
431723
420549
409320
426074
428190
499688
460386
406924
440738
495171
426337
424977
461802
449337
453350
437560
431617
446257
429043
465425
530111
434034
476219
432732
424488
452876
430286
445626
437267
427689
424097
430108
442386
416428
451049
410139
421342
416744
414100
409837
419448
424292
400490
409504
413717
414494
423348
428465
437146
404592
414048
444539
399212
433483
410628
466207
412508
413043
421428
402374
454829
431295
449143
417994
440302
429112
417325
441876
484540
430335
458569
409651
440249
470326
426223
419496
414000
418480
409688
408115
558354
415200
407029
425252
418252
428911
430727
418667
431399
425269
417384
427451
509720
422369
417749
407613
428216
416242
452521
424472
445390
410940
430633
412871
457084
434294
451355
422555
413453
427602
436994
415267
434053
403946
433473
484851
462361
457247
463377
486488
443847
419206
415062
408252
419181
414751
459328
416678
