436158
434678
421765
441582
434198
476030
421360
424740
456697
412157
421214
419303
454652
425451
422106
422170
436251
434781
420711
435057
456349
432218
434161
449434
462808
422962
462961
504327
447369
426636
414708
431225
433584
505863
471380
415827
458579
503114
432715
433624
473228
458413
462537
444025
440698
450902
435372
473892
536923
443475
484755
442299
431086
457275
435896
451630
446208
434674
447267
439605
452196
425019
461305
423122
427520
423908
419651
418503
428548
430813
407564
426196
421732
425311
430516
436015
444198
411019
420161
460674
407531
440220
417093
474927
437797
427014
427836
411758
462028
436327
454657
425026
450223
442245
422775
456281
491125
434729
463613
415571
445468
476385
432545
424727
420743
425941
414954
418298
564649
428355
419135
433085
428635
432936
436902
431844
436662
431300
423354
434673
518089
430887
427900
415278
434968
423404
462615
431236
452664
417601
438174
419803
465110
623606
459285
429793
420449
433559
442445
423332
441845
417098
439526
491595
471030
473769
474208
493053
449840
432100
420638
416900
427876
423455
470657
426413
