128608
108787
93000
105884
66165
96998
83357
78879
82906
65807
62017
69921
73657
71996
85017
85879
101814
64677
82334
77118
116838
85962
104968
118501
98177
69598
101761
87776
97780
112575
85048
101408
88185
100027
76328
124613
123499
92081
114682
132770
141810
85791
81999
88894
121103
93361
94947
103742
167050
95158
89856
100077
94601
110516
98400
100866
99441
83016
94859
91429
92895
92933
102412
99143
93042
88214
82160
88595
86346
97215
91873
96403
93337
87899
96842
83492
95501
110148
115168
103853
111306
83968
124150
91421
99873
76940
92836
128028
81087
86729
107120
84044
92103
111100
97698
101701
88160
102676
118535
89214
79812
92007
117260
105537
86552
106279
91879
87714
90922
82113
129186
71997
136409
96625
94015
83756
95246
73673
78560
83221
91495
84372
98841
89751
91487
93567
103331
102185
101598
92580
102794
100450
85524
94729
114580
80401
93957
105028
85319
128948
134105
93148
131720
82352
85667
82911
91838
105203
96416
88446
91006
78645
81296
98151
98845
100720
