164451
130792
127963
139706
100119
125788
120138
109566
116915
100336
94618
108574
108115
101123
124556
115329
129646
98666
108787
123262
149895
121665
149545
153640
129245
105243
133052
114229
122671
153939
116996
123116
122412
115746
102409
147574
148782
115942
137284
164853
161394
118563
111360
124162
151537
114337
115564
124436
202001
122802
127549
125716
115785
140500
285380
140187
124572
121565
119176
119147
114044
120389
132517
116984
114609
134265
112105
113554
122422
131468
130067
126424
119165
114061
118170
112677
129153
144346
149295
123637
140849
112259
160557
119018
133318
107335
126633
151566
116262
109290
127534
102403
118952
132028
118920
133057
122119
129065
141716
120191
111122
115796
150698
128382
114638
126780
109641
112295
127338
97859
145992
102521
179175
118693
119732
105560
117430
106414
103273
101648
111381
109128
126450
110870
127346
132983
142673
122763
135310
125823
127727
134147
133429
133493
142270
117442
124043
146084
118744
157185
162081
131778
166152
113801
106432
102058
117839
125302
136763
116819
119663
100060
121479
122779
115060
123408
