74774
59190
73050
79577
76658
75106
73469
34866
66593
91687
74562
57933
75776
52336
94535
40525
76286
54357
44142
63082
67679
51137
88178
103595
58753
77605
64140
120366
80317
72153
61422
80458
83531
55874
70872
56608
82813
111877
88214
101957
62279
72539
60475
51754
94494
76006
81085
108559
93129
89518
155522
104292
63887
70023
110031
81891
88629
52010
69157
88020
39490
74290
75760
68677
74433
74877
93790
73499
77767
60310
72218
76109
81105
79020
91307
63788
85520
49588
77247
63860
75567
85744
76568
60577
98956
97374
69289
77948
39386
74769
63833
69404
70720
83717
98188
93930
67480
112759
70535
91776
48297
74619
62156
84647
85721
75574
79658
77776
43734
79075
52211
91965
79070
88514
57146
80287
77587
71267
72038
50362
83141
74512
81618
62923
60662
50658
63602
62760
99175
68965
102388
78354
91915
74057
39399
65350
69269
92045
69813
68008
80854
38262
73616
78659
77612
72534
86400
83362
70542
61166
91370
80342
92834
68796
86010
73731
