97631
67295
81834
87868
84464
82935
80878
43313
75896
100711
84376
69866
84381
59304
105146
47860
83266
62203
53841
70333
77110
62400
93563
110240
64500
85837
68990
125048
88600
78776
66890
87220
93131
67626
80601
62452
89603
118999
97686
107662
71284
79326
69249
61479
113202
82932
86265
124748
102076
94809
163539
116390
72447
80470
115007
87381
95513
59757
76433
95559
43871
82618
83062
80467
82713
81417
100146
85824
85235
65814
81278
84818
87755
85417
97587
70735
93908
65829
85678
71382
84148
93017
86066
67281
106345
105475
78335
88936
44857
80406
70292
80838
93207
89784
451193
103423
74539
118993
75872
96838
56974
82893
68887
90715
91245
86055
84985
84409
52183
84086
61145
100906
85464
100585
64495
89487
84078
80790
81624
57816
89900
80078
97989
81189
66835
66976
70651
73113
109699
76148
115581
84348
99779
80006
45432
76170
75783
98459
77185
77920
91432
44671
87553
85852
93942
89228
91682
93004
79745
66453
101227
84591
103640
74384
92461
78986
