113374
120896
116424
115517
134811
114705
135042
106505
115390
114737
116885
120364
130473
116606
104868
122796
139785
145413
109023
116896
118604
116085
119753
116896
110392
114357
116001
123172
118720
115841
121996
123925
121022
110308
116287
142243
110216
120669
106944
115052
125356
121045
115160
116818
123281
113855
131482
126764
131788
117570
114741
118491
123587
121165
121887
116558
116096
117193
123929
103233
164027
129794
136693
118351
117764
116449
125671
114536
117440
110890
117955
118205
126573
115572
118079
119313
121667
101134
109370
116110
99408
115727
119102
130868
120569
100887
114993
115356
101696
126096
119542
110400
110416
127568
120638
122133
113752
117352
124665
115477
132070
121665
105067
115920
121037
121175
112806
108929
117221
116262
117984
116170
112600
115861
116745
108837
118575
118626
100653
103026
111148
104541
102136
117118
115912
133262
116542
114355
119353
115231
111933
111618
131813
113656
116227
137882
115584
119175
118834
118345
117735
113929
124087
113747
104395
118990
113951
111838
117310
116241
114205
133044
117607
117884
138324
125224
