139096
128152
125097
123922
142723
122142
143368
113083
123779
122455
124947
132006
138616
124863
110044
133049
146791
151888
115895
125650
125663
124594
127368
124440
121538
122747
121724
129711
125640
123725
129283
135312
128337
116161
123237
150654
116401
128131
114327
122624
132501
127811
122018
124870
130616
120324
139489
138213
137572
126505
119782
125462
129945
129000
129734
129459
123523
123875
132484
113361
169878
136518
143949
127561
125596
124391
133572
122006
123665
117825
126352
124879
136036
123811
126463
127208
128991
107264
115667
124575
106532
121639
125868
140500
136244
107717
122900
122116
109613
133548
125932
118007
117273
135051
127710
128866
119950
125733
132356
122373
139632
128506
111668
124844
128659
128550
120614
115297
122273
123962
124614
121713
119176
123587
123993
117534
125286
125095
108538
110852
122812
111854
111264
123841
123284
140559
123676
121750
126413
123360
118751
121139
138577
121681
123284
146234
124313
126072
126981
124885
124251
127647
131900
120385
110771
127432
168102
118857
125239
123707
122268
139321
124890
124724
147456
134501
