32328
33811
31790
32243
30690
31758
34129
29202
33049
31453
32043
30150
34246
32747
18045
17548
11957
15511
17607
31105
31507
27354
12943
14008
34611
13766
16635
36078
20228
19887
18642
13899
12895
48950
18111
18521
15213
54363
17222
15158
17482
16381
22942
15086
18063
28062
14111
17213
26440
16156
22539
15922
12151
34310
23520
16839
25909
19330
22197
24901
15110
28414
25232
17910
29419
30621
27537
29913
39339
19268
30491
21350
31646
30538
22397
14982
33287
23056
36011
20092
29690
23034
34397
25024
19532
23026
22062
22363
18331
17889
13546
32491
18349
23469
20147
19220
16571
16612
18006
26222
13636
34840
22716
18307
47086
12047
12709
20271
37798
16012
18642
17070
12741
16012
16602
12733
19309
25883
27159
26248
29925
16107
17900
14645
27610
18056
31547
23943
24016
14198
26180
19569
26549
29508
31656
28728
25829
21451
17854
28011
23954
19159
15776
27330
21878
28499
15656
11800
58190
24681
25474
16115
13600
23990
16226
23156
