41347
43640
57421
40590
38510
39493
42254
38590
40416
40481
40955
40830
43236
41896
25032
25051
33964
22285
26794
38282
37492
41921
30369
20364
45170
23395
22449
41970
25385
32200
29267
19358
24908
66084
23760
25446
22299
61063
23724
32597
30727
21929
33523
22239
24779
36261
19873
21856
35675
31259
511344
22545
17612
41076
28703
21624
32896
29263
38008
34254
21398
36932
31222
27131
41244
38181
45277
40366
45194
27312
36673
27300
41350
46483
29104
24654
44956
37820
45144
27079
37320
30365
40719
32076
26284
29805
28589
31092
24609
24261
20030
187453
25310
40928
30247
35934
22684
29480
28257
31467
20736
39360
29009
25579
56792
20129
21941
26001
45400
27689
24306
34610
18193
27085
22370
23886
26330
39589
34778
34032
36774
26590
24588
21474
34631
23190
40359
42033
31407
21986
32480
29829
38423
35723
42198
38400
32309
28314
27190
36157
31272
26050
23455
34502
31319
34527
22424
19846
68181
31905
35360
25572
24308
30450
22078
35060
