403406
410872
416858
417722
409096
412621
407807
415528
403286
411445
410272
412693
458464
448115
421539
438229
430923
434029
422131
416364
420506
417513
417256
420949
418924
430114
426461
487019
435080
419976
452653
458867
418122
431015
419943
417713
438069
451121
417327
425811
442437
451086
415992
437799
414386
416184
413558
601162
447071
459777
442399
425105
444264
413627
452358
416224
425818
446256
416644
423594
442421
422736
424821
431191
423636
415375
464735
418671
415814
413108
429050
414821
435693
421862
416684
419550
401847
412682
424529
429685
413842
424465
431279
408411
437005
422001
420923
418417
445661
450194
430895
410615
426935
409244
417167
438089
436575
419998
419432
431195
413986
448265
466742
430999
417238
416702
412795
444016
438497
451773
412678
427402
413195
422600
412887
394259
412803
412814
397795
424170
429358
434221
414482
403271
414580
431253
414984
409694
411982
425529
411493
419241
467593
442837
476241
416354
424890
454216
407871
434344
414173
412841
413241
428175
438586
414509
442146
416395
411724
415620
417846
429532
424498
409728
415060
436794
