411650
429972
425297
425268
435364
421173
417953
423609
411876
418934
418648
424294
471723
454548
429867
449211
438909
441535
429219
423551
427018
424815
427352
429036
429510
438499
432815
493457
568752
428999
470241
466381
426968
437741
427193
424707
444803
459341
424711
433981
449544
461086
422152
444721
421621
423276
421440
609190
452922
466934
448882
433424
451607
422031
458586
423288
433898
454012
426928
432728
448791
430176
433309
438958
431733
423152
472466
425904
422760
421369
436881
422782
446644
429178
422213
426805
408887
422624
432030
435974
421259
431537
438404
415880
442730
428900
427858
425853
452558
457198
437972
417815
435569
423325
423673
444567
718767
427356
424115
438238
421097
454117
473250
438333
425512
422904
421328
450672
442909
459722
418810
434774
421642
429490
420879
401202
420630
419621
404059
432246
441176
442724
421787
409964
422586
439602
422991
416786
419081
432979
418983
425922
479510
450083
489675
423244
433225
461123
415506
441228
421228
420819
420256
435549
445620
422539
449615
422879
418748
423117
424831
437159
431323
416847
422840
444811
