404023
416463
407880
406720
408681
402349
411854
412500
415691
410609
407784
422112
465032
421696
411513
403465
413775
419217
400477
419394
413729
415185
420917
395122
436456
426907
458217
413661
418310
427014
432923
430764
424185
412870
430290
402434
399962
429568
436076
412174
418656
419333
437602
429596
403998
413939
423281
411531
427801
429488
421239
418921
426615
455485
446271
415058
415561
435596
419276
441471
429768
404978
438433
414533
409319
432424
415891
412770
443712
407469
412878
403385
432081
408696
460357
430663
426925
415393
411509
409933
428166
431711
435702
411456
408883
431560
462578
411399
419014
418029
404221
408664
443631
415232
417586
453959
472793
424173
415099
406502
435320
408005
423796
407938
393329
413962
413033
407741
412038
394494
409772
415018
444124
405645
403045
423856
414808
407084
439851
442735
423063
402829
412203
410868
434752
425309
436505
405504
429845
427241
411226
437881
403675
418962
435704
402218
418755
412575
418307
417559
436061
412198
421393
416849
420387
426514
435870
410693
401817
411443
432929
417419
421101
446648
434247
413955
