412877
424193
433924
414080
417142
410869
423734
421413
423741
418584
416012
430748
836985
429111
417462
410096
420323
426219
406031
428258
421103
422493
428021
404784
449632
433010
465571
420210
424093
433996
449138
437818
431739
419897
438109
410151
420585
437145
441899
419043
425298
427036
443920
437747
411684
421304
429433
418826
434012
437086
427884
427819
436641
462923
453034
422060
421866
443695
426268
448805
440534
412820
446182
421610
416982
439384
423266
420887
452370
415543
419450
410562
447683
416873
478001
438262
433381
421532
421557
421352
435760
438549
443350
418932
415748
439869
469086
418989
427809
425739
410775
416218
452841
422479
426082
463233
478496
430246
423679
414322
442457
413635
429728
414802
399797
421717
419594
414652
416439
403287
419402
422341
452173
412456
408274
430381
421433
414172
449467
449885
429236
411009
426380
420244
441946
434043
443404
412174
436867
433949
420054
444069
409460
427048
443661
451097
425915
419903
425064
425140
443503
419225
429098
424878
428821
434437
443184
417486
410542
417262
439689
425412
427797
453764
441374
420857
