28639
36323
32076
29605
30848
39580
28885
28862
30466
25370
30779
29979
30792
28247
29130
32170
28835
29290
29543
31659
29252
27700
36310
33902
29402
29554
29305
28895
32539
29643
29754
29407
29766
31108
27771
28977
30515
33798
28218
28954
29109
31053
29884
28622
31472
28182
30571
29268
29043
31208
33340
30196
30477
32258
28960
27099
28900
36127
31161
31349
29270
25947
34098
28816
30805
31907
31150
28087
28980
31880
29286
28386
27335
31329
29488
29045
30034
32047
29759
29490
31557
28882
29791
22259
30066
31434
30174
33464
29963
28061
30414
27820
28957
29278
28912
31515
30520
30405
29089
30830
30387
29486
31589
28476
24389
31445
38308
30011
28485
31164
28255
36221
28301
32181
24497
28229
32608
28026
35530
27977
30818
29049
28102
30280
32344
29612
28245
30550
30613
30377
27699
30120
32609
35422
34102
29662
28479
32532
27658
29955
33808
31191
30219
28624
32219
27880
28290
30163
19877
29231
32254
28308
28952
29738
30656
29511
