36061
45066
58847
38107
39238
47677
37454
36978
38803
33798
40662
38234
37288
37289
37464
40051
37602
37771
37681
40424
37272
36065
44008
41849
37075
37253
39232
37047
40848
37505
37863
38187
37963
39054
35513
37009
39074
43714
36558
37353
37650
39709
37500
38236
41365
36382
39609
36982
36961
39871
41486
38171
39348
39761
37189
34395
36605
43989
39005
39607
37891
33982
42208
36821
38634
39950
39427
35180
38928
40156
39221
37458
37185
39747
37538
37078
37807
41524
37890
37635
39402
35726
38040
30252
38031
39793
38009
41427
37767
36136
38178
37804
37409
36892
36949
41111
39097
38807
37202
38573
38431
38493
40105
36889
32157
39497
46626
37953
36243
39176
36132
44593
36054
41798
33095
36217
43770
36559
43726
35822
39882
37424
36253
38438
40386
37497
36464
39010
38097
38323
36258
38073
40225
43194
41854
37379
36180
40052
35002
37277
44196
39202
38056
36374
40520
35966
37419
38287
27319
36660
39857
36492
36790
37647
37750
37394
