18045
34162
29642
28810
30697
36522
31288
31485
28614
30694
29518
30002
30574
28481
31568
29052
28334
30335
18484
30045
28656
30264
32038
29974
31396
29708
34512
28650
29563
29417
26174
33412
28243
29369
31030
30563
30931
31106
29596
28857
30466
28894
32854
21939
29145
31677
32517
29064
30205
19908
24022
28442
22951
28214
28311
28915
32027
32246
29987
30377
32019
28144
40362
30934
31746
30946
22952
31669
36647
18967
28779
31256
30625
40474
31120
30904
25957
29229
33035
30354
29818
30764
24464
30191
24008
32046
29685
31143
30670
31185
30986
30205
30929
31449
30019
30271
32173
28821
16793
29307
34443
28217
30076
28566
38694
31650
31886
30885
35293
28835
33877
26786
29278
27446
28427
32060
29180
28664
17173
22884
33495
29766
37345
32801
29509
29198
31330
30900
30071
29881
32907
27882
13221
31444
32616
25304
31009
32153
28011
29626
29885
32180
36525
31254
25807
32135
31179
26185
31440
33127
29474
30227
29918
33491
29149
13455
