37564
42917
38696
37421
38587
44962
39365
40433
37958
39155
38293
41957
38857
37178
39696
37474
36737
38705
29045
38560
37283
38344
40197
38013
37586
39617
43040
36764
38077
40202
34695
41447
36845
37521
39246
38696
38983
40242
37823
37176
39082
37416
41715
30515
37637
40071
43213
37543
37952
29044
32306
36480
31017
36602
36616
37448
40433
40477
38063
38687
39109
36153
48555
39627
40552
39288
30865
40141
46283
27630
36961
39674
40685
47933
39470
39295
34318
37697
41262
38381
38292
40892
32351
38287
31038
40517
37887
39257
38846
39201
38965
39962
39416
39433
37787
38606
41539
37183
26816
37613
42459
36377
38326
36314
46622
39372
40391
39002
43170
36718
41847
33656
40541
35399
36337
40567
37554
36842
25142
31030
43354
38379
49493
41188
37969
37479
38888
39543
38278
37936
41088
35968
17926
39034
41624
33933
39576
40081
36449
37976
37527
40480
44684
39429
32852
40542
39152
34391
39750
41294
37866
38612
39205
41637
37258
21925
