aes-nodejs-100000-101000

Metric              10             200            300            400            
cpu-cycles          3029441563     3097474069     3052301883     3186795329     
instructions        2944108689     3021651368     2940966365     3053675343     
context-switches    19596          20094          18637          19171          
cpi                 1.02898        1.02509        1.03786        1.04359        
ipc                 0.97183        0.97552        0.96352        0.95823        
user-util           9.53000        29.63000       49.27000       50.79000       
system-util         9.17000        12.20000       16.84000       16.30000       
idle-util           80.38000       57.59000       33.30000       32.29000       
issued_req          156            156            156            156            
completed_req       156            156            156            156            
dur-mean            93312.94231    96565.38462    96987.03846    99634.75641    
dur-stddev          11635.40332    15809.66177    14850.88233    19501.63240    
dur-min             64004          54641          67723          61628          
dur-max             121075         160894         142328         192960         
dur-p25             85754.00000    86929.75000    85672.00000    87174.00000    
dur-p50             93591.00000    96188.00000    96750.50000    96712.50000    
dur-p75             99905.25000    106672.75000   105796.50000   108781.75000   
dur-p95             112654.50000   120842.50000   125606.25000   132436.50000   
lat-mean            127292.10897   128165.90385   126324.96154   132591.42949   
lat-stddev          12508.76185    16736.33489    16448.47026    25580.44074    
lat-min             97263          77062          94765          95337          
lat-max             169362         180731         174147         288236         
lat-p25             118546.50000   118793.25000   114473.25000   116835.50000   
lat-p50             127836.50000   128686.50000   124584.00000   127407.00000   
lat-p75             134489.25000   137983.75000   137147.75000   144436.00000   
lat-p95             147234.00000   151955.75000   156266.00000   168397.25000   




aes-nodejs-700000-707000

Metric              10             200            300            400            
cpu-cycles          19414474251    19792922135    19900328342    19763623064    
instructions        18891493619    18882021898    19121292633    19049323404    
context-switches    62365          53702          47240          47490          
cpi                 1.02768        1.04824        1.04074        1.03750        
ipc                 0.97306        0.95398        0.96085        0.96386        
user-util           10.00000       29.84000       49.10000       50.63000       
system-util         9.53000        12.18000       16.84000       16.22000       
idle-util           79.56000       57.40000       33.47000       32.52000       
issued_req          156            156            156            156            
completed_req       156            156            156            156            
dur-mean            378304.92308   396939.28205   406475.70513   406294.03205   
dur-stddev          22992.25704    24893.66766    33155.53574    32870.95774    
dur-min             333494         343303         344383         355117         
dur-max             453609         478329         603179         589483         
dur-p25             360578.00000   379118.25000   385424.50000   383215.50000   
dur-p50             376411.50000   397913.00000   400214.50000   402991.00000   
dur-p75             392693.25000   412597.00000   422966.75000   419595.00000   
dur-p95             420035.25000   440194.00000   455161.00000   457880.75000   
lat-mean            491278.43590   508268.58974   512758.23718   513817.04487   
lat-stddev          24412.31727    27016.15418    40092.67248    40316.32225    
lat-min             446215         443024         431293         441035         
lat-max             583313         571041         761600         739117         
lat-p25             472425.00000   490422.00000   488114.75000   487896.75000   
lat-p50             488847.00000   511991.50000   507659.00000   509000.50000   
lat-p75             503543.25000   526599.25000   531770.00000   535857.00000   
lat-p95             538572.50000   556998.00000   579761.25000   573311.00000   




aes-go-1000000-1010000

Metric              10             200            300            400            
cpu-cycles          28476668796    28205760926    27573364172    28200175701    
instructions        26980149335    26784497268    26454310508    26677191447    
context-switches    79753          64451          58146          57727          
cpi                 1.05547        1.05306        1.04230        1.05709        
ipc                 0.94745        0.94961        0.95942        0.94599        
user-util           9.55000        30.14000       49.46000       50.11000       
system-util         8.58000        12.53000       17.05000       15.86000       
idle-util           80.95000       56.75000       32.91000       33.42000       
issued_req          156            156            156            156            
completed_req       156            156            156            156            
dur-mean            66157.28205    61875.48077    58852.19231    61568.48077    
dur-stddev          8940.78881     14331.35459    18206.84345    27859.11741    
dur-min             40738          32361          31084          31149          
dur-max             95468          109272         181831         361908         
dur-p25             60632.00000    52688.00000    47311.50000    49190.50000    
dur-p50             66515.50000    60650.00000    55034.50000    59903.00000    
dur-p75             71144.75000    71741.25000    68633.25000    69864.75000    
dur-p95             80722.25000    87072.25000    86569.00000    82957.00000    
lat-mean            217684.65385   208838.96154   199872.74359   204620.75641   
lat-stddev          12513.66622    19497.55298    26885.70249    35706.82778    
lat-min             179751         153917         152277         144685         
lat-max             253107         262859         324953         482289         
lat-p25             209922.25000   196896.25000   180331.75000   186117.75000   
lat-p50             216563.50000   209719.00000   196772.00000   201260.00000   
lat-p75             225626.00000   220452.75000   215251.75000   218067.25000   
lat-p95             238465.50000   239550.50000   243000.00000   254752.25000   




aes-python-500-505

Metric              10             200            300            400            
cpu-cycles          21278488202    18411499601    18574798148    18526704525    
instructions        7240676616     7382625539     6905224309     6822907597     
context-switches    484430         490988         453104         446923         
cpi                 2.93874        2.49390        2.68996        2.71537        
ipc                 0.34028        0.40098        0.37175        0.36827        
user-util           9.66000        29.72000       49.09000       49.83000       
system-util         9.24000        12.29000       16.27000       16.35000       
idle-util           80.23000       57.41000       34.02000       33.19000       
issued_req          156            156            156            156            
completed_req       156            156            156            156            
dur-mean            29268.30769    27562.60256    24995.42949    24234.29487    
dur-stddev          4177.72162     5540.81257     6839.33956     7102.30652     
dur-min             16262          12907          13609          13459          
dur-max             45936          40296          46130          41831          
dur-p25             28457.50000    25702.25000    18514.75000    17866.75000    
dur-p50             29738.00000    28748.00000    25705.50000    23716.50000    
dur-p75             31139.50000    30576.75000    29787.50000    30048.25000    
dur-p95             33680.00000    35413.75000    35927.25000    35120.75000    
lat-mean            37630.49359    35742.66026    34030.90385    32738.39103    
lat-stddev          4255.31988     6053.85331     12670.34438    8441.57492     
lat-min             24715          20656          19244          19344          
lat-max             54307          53388          157777         61844          
lat-p25             36652.50000    33786.25000    26841.75000    25925.25000    
lat-p50             37946.00000    36440.00000    33567.50000    32323.00000    
lat-p75             39643.00000    38895.00000    38210.50000    38826.00000    
lat-p95             42415.75000    44244.50000    45977.50000    44501.50000    




aes-python-45000-45450

Metric              10             200            300            400            
cpu-cycles          288058677509   287777790345   288210082014   288318118766   
instructions        188451463039   189045230200   189455692255   188757465335   
context-switches    483298         477524         468404         467550         
cpi                 1.52856        1.52227        1.52125        1.52745        
ipc                 0.65421        0.65691        0.65735        0.65468        
user-util           10.74000       30.63000       49.92000       50.90000       
system-util         8.91000        12.14000       16.23000       16.17000       
idle-util           79.44000       56.66000       33.27000       32.32000       
issued_req          156            156            156            156            
completed_req       156            156            156            156            
dur-mean            1042076.31410  1152089.08333  1188903.47436  1203037.17949  
dur-stddev          44079.84216    64007.88237    63583.59778    66175.76250    
dur-min             963327         989087         1021549        1026146        
dur-max             1189883        1309639        1374541        1404355        
dur-p25             1007118.25000  1107952.00000  1143331.50000  1163335.75000  
dur-p50             1036422.50000  1152388.00000  1184239.00000  1205534.50000  
dur-p75             1066464.00000  1195739.00000  1227048.00000  1247917.50000  
dur-p95             1121199.25000  1261881.00000  1293339.25000  1307968.00000  
lat-mean            1063533.66667  1171920.16667  1207499.01923  1222484.83333  
lat-stddev          44102.37528    63580.67378    64020.50155    67380.68313    
lat-min             988811         1013842        1037016        1047285        
lat-max             1212868        1329057        1399240        1425700        
lat-p25             1028315.50000  1128182.50000  1161691.25000  1181767.25000  
lat-p50             1057551.50000  1172016.00000  1204654.00000  1221358.50000  
lat-p75             1087586.50000  1216131.75000  1244452.50000  1265806.75000  
lat-p95             1142766.50000  1277869.75000  1317268.75000  1332450.25000  




aes-python-200000-202000

Metric              10             200            300            400            
cpu-cycles          1100089249198  1036701127801  1000901797711  961064640139   
instructions        739549358900   694440052425   670387860343   641948969902   
context-switches    491014         453369         511981         502238         
cpi                 1.48751        1.49286        1.49302        1.49710        
ipc                 0.67226        0.66986        0.66978        0.66796        
user-util           13.15000       33.40000       52.22000       52.96000       
system-util         8.33000        11.79000       15.69000       15.98000       
idle-util           77.47000       54.28000       31.53000       30.48000       
issued_req          141            132            127            123            
completed_req       140            132            126            122            
dur-mean            4507161.74286  5066680.03788  5282482.04762  5326180.72131  
dur-stddev          85898.72609    160540.24353   339820.89786   232101.91029   
dur-min             4344453        4523940        4632189        4684602        
dur-max             4790511        5530565        7775391        5737670        
dur-p25             4448666.75000  4954891.25000  5126889.00000  5200743.75000  
dur-p50             4497856.00000  5076236.50000  5277660.00000  5368816.50000  
dur-p75             4556696.75000  5167958.75000  5409054.75000  5514010.50000  
dur-p95             4679285.20000  5322923.45000  5561682.75000  5623014.75000  
lat-mean            4559700.17143  5117267.93182  5329244.28571  5376580.92623  
lat-stddev          85951.87248    158861.57651   340157.12799   231141.07878   
lat-min             4392237        4607974        4683098        4743621        
lat-max             4844542        5581861        7836659        5775140        
lat-p25             4501494.00000  5016657.50000  5182194.50000  5250609.25000  
lat-p50             4547481.00000  5130472.50000  5317364.50000  5415353.50000  
lat-p75             4608519.00000  5215809.75000  5448461.50000  5556205.00000  
lat-p95             4722718.70000  5369200.35000  5600036.00000  5678048.15000  




fibonacci-go-70000-70700

Metric              10             200            300            400            
cpu-cycles          261778986      262001169      292788596      286963897      
instructions        126819602      127410794      132328129      125213330      
context-switches    4409           4295           5781           4455           
cpi                 2.06418        2.05635        2.21260        2.29180        
ipc                 0.48445        0.48630        0.45196        0.43634        
user-util           8.86000        29.55000       48.92000       50.38000       
system-util         9.07000        12.24000       16.73000       16.53000       
idle-util           81.17000       57.61000       33.75000       32.49000       
issued_req          156            156            156            156            
completed_req       156            156            156            156            
dur-mean            49136.02564    45141.31410    43906.05128    43429.05769    
dur-stddev          6495.47993     9103.54138     9051.03472     8900.25765     
dur-min             30784          28124          27633          28152          
dur-max             63530          71585          68640          73718          
dur-p25             44456.75000    39804.75000    37287.25000    36565.75000    
dur-p50             46697.50000    44414.50000    43077.50000    43103.00000    
dur-p75             55250.25000    50942.00000    50477.00000    48639.25000    
dur-p95             60672.25000    60503.00000    59024.00000    58719.25000    
lat-mean            57989.57692    53676.91026    53139.67308    52634.99359    
lat-stddev          6659.73299     9691.20754     9893.24493     9975.96639     
lat-min             38222          35038          35471          33313          
lat-max             73939          78895          92130          81662          
lat-p25             53215.00000    46772.50000    46255.25000    45270.00000    
lat-p50             55276.50000    52771.00000    52317.00000    52017.50000    
lat-p75             64042.25000    59767.75000    59203.00000    58300.75000    
lat-p95             69502.00000    69908.25000    69769.25000    69077.75000    




fibonacci-go-200000-202000

Metric              10             200            300            400            
cpu-cycles          325991717      336718042      365466813      343775957      
instructions        184081552      183856452      183615796      177218854      
context-switches    5411           6143           5101           5341           
cpi                 1.77091        1.83142        1.99039        1.93984        
ipc                 0.56468        0.54602        0.50241        0.51551        
user-util           9.20000        29.72000       48.84000       50.56000       
system-util         9.09000        12.15000       16.61000       16.27000       
idle-util           80.81000       57.53000       33.96000       32.58000       
issued_req          156            156            156            156            
completed_req       156            156            156            156            
dur-mean            307313.57692   304449.02564   298812.67308   299086.57051   
dur-stddev          15892.26670    18226.55016    24812.39155    21341.08373    
dur-min             271264         260056         258076         254114         
dur-max             349340         348096         421352         359855         
dur-p25             297176.75000   291637.00000   280485.00000   283688.00000   
dur-p50             307022.50000   304383.00000   297711.50000   296012.50000   
dur-p75             319632.00000   316822.00000   311756.00000   312276.25000   
dur-p95             329956.50000   335004.75000   336895.75000   337864.75000   
lat-mean            316927.80128   313730.85256   309726.64103   308382.98718   
lat-stddev          15933.52009    18551.26496    31595.55751    21951.41618    
lat-min             280155         267642         265778         264725         
lat-max             359006         356356         543131         382598         
lat-p25             306739.00000   300592.25000   289618.75000   291822.75000   
lat-p50             317315.50000   313414.50000   307331.00000   306051.50000   
lat-p75             328656.25000   327295.25000   321726.00000   321816.75000   
lat-p95             340108.25000   345268.25000   351061.75000   345995.00000   




fibonacci-go-450000-454500

Metric              10             200            300            400            
cpu-cycles          446279335      472094409      461413822      467817058      
instructions        271819190      414305113      268927296      276966355      
context-switches    6495           6433           7171           5712           
cpi                 1.64182        1.13948        1.71576        1.68908        
ipc                 0.60908        0.87759        0.58283        0.59204        
user-util           10.57000       30.75000       50.18000       51.61000       
system-util         9.02000        12.03000       16.59000       16.38000       
idle-util           79.46000       56.65000       32.65000       31.43000       
issued_req          156            156            156            156            
completed_req       156            156            156            156            
dur-mean            1676267.46795  1683913.93590  1676098.35256  1665458.80769  
dur-stddev          39930.28282    47411.93260    70041.91726    74469.14122    
dur-min             1568580        1547884        1531995        1535223        
dur-max             1799168        1844316        1926216        1974740        
dur-p25             1649107.50000  1655763.50000  1625531.00000  1619971.25000  
dur-p50             1678327.00000  1681497.00000  1667958.50000  1649794.00000  
dur-p75             1705047.25000  1717838.25000  1705466.25000  1702970.75000  
dur-p95             1736557.75000  1756760.00000  1809723.25000  1793200.25000  
lat-mean            1686959.41667  1694959.58974  1687415.83333  1676949.91026  
lat-stddev          40137.96723    47211.26673    70420.75269    76040.24984    
lat-min             1578675        1559279        1543517        1545695        
lat-max             1810319        1852393        1932562        1992063        
lat-p25             1660287.75000  1664997.50000  1637125.50000  1629755.25000  
lat-p50             1688689.50000  1693690.50000  1680740.00000  1662862.00000  
lat-p75             1715247.75000  1727073.25000  1721462.00000  1714289.00000  
lat-p95             1747534.00000  1767860.50000  1820597.75000  1804538.50000  




fibonacci-python-20000-20200

Metric              10             200            300            400            
cpu-cycles          22621588656    20339385896    20158355869    20398895844    
instructions        12869520812    12987331505    12446396198    12441319345    
context-switches    483055         489938         446076         447746         
cpi                 1.75776        1.56609        1.61961        1.63961        
ipc                 0.56890        0.63853        0.61743        0.60990        
user-util           9.59000        29.57000       49.10000       50.22000       
system-util         8.44000        11.91000       16.16000       16.53000       
idle-util           81.06000       57.92000       34.17000       32.66000       
issued_req          156            156            156            156            
completed_req       156            156            156            156            
dur-mean            36381.70513    35383.66026    31762.78846    31304.51923    
dur-stddev          4433.82717     6849.67372     7997.60201     8268.05908     
dur-min             20349          18937          18806          18979          
dur-max             50174          60113          55600          54426          
dur-p25             35240.00000    33147.25000    24675.50000    24267.50000    
dur-p50             36518.50000    35654.50000    32415.50000    31107.00000    
dur-p75             38208.00000    37931.75000    36696.50000    36635.50000    
dur-p95             42578.75000    46746.75000    46337.00000    45898.75000    
lat-mean            44882.20513    43597.19231    40344.54487    39445.60897    
lat-stddev          4803.82391     7242.56202     8579.63212     8904.92908     
lat-min             27849          25899          25141          25486          
lat-max             62685          67534          65729          62505          
lat-p25             43600.50000    40717.75000    32978.25000    32235.75000    
lat-p50             44946.00000    43638.00000    41458.50000    39141.00000    
lat-p75             46948.50000    45730.50000    45180.25000    45952.25000    
lat-p95             51545.00000    55175.25000    55083.50000    54976.25000    




fibonacci-python-200000-202000

Metric              10             200            300            400            
cpu-cycles          220219665678   218159273918   219479597098   219035287098   
instructions        601621185994   602160303360   601961109037   601792192961   
context-switches    465687         466738         442348         444253         
cpi                 0.36604        0.36229        0.36461        0.36397        
ipc                 2.73191        2.76019        2.74267        2.74747        
user-util           10.18000       30.35000       50.36000       50.58000       
system-util         8.20000        11.74000       16.17000       16.95000       
idle-util           80.71000       57.34000       32.87000       31.86000       
issued_req          156            156            156            156            
completed_req       156            156            156            156            
dur-mean            758629.07051   836108.48077   870935.34615   884555.66026   
dur-stddev          33185.34762    36945.90938    49997.82037    56588.36901    
dur-min             712944         759252         754459         776159         
dur-max             896591         927318         1006738        1078082        
dur-p25             736408.75000   809005.00000   838507.50000   849535.50000   
dur-p50             748808.00000   835788.50000   870161.00000   874505.00000   
dur-p75             771746.25000   858529.75000   893594.75000   908107.25000   
dur-p95             825560.50000   908978.00000   968043.25000   1003991.50000  
lat-mean            768089.91026   845205.52564   880903.87821   894303.23077   
lat-stddev          33240.67187    36827.26852    49744.74157    56742.65976    
lat-min             723386         769115         764950         781547         
lat-max             905236         936596         1019181        1084953        
lat-p25             745821.00000   817971.00000   849692.75000   858868.50000   
lat-p50             757849.00000   844379.50000   878335.00000   884330.00000   
lat-p75             780580.50000   869403.00000   904357.00000   919305.25000   
lat-p95             836192.50000   917128.50000   974249.75000   1013506.50000  




gptj-python

Metric              10             200            300            400            
cpu-cycles          1709468987     1698258013     2059084416     2191318762     
instructions        484920469      485512367      460836079      465149043      
context-switches    28901          26994          25536          26817          
cpi                 3.52526        3.49787        4.46815        4.71100        
ipc                 0.28367        0.28589        0.22381        0.21227        
user-util           9.01000        29.35000       49.46000       49.83000       
system-util         7.81000        11.59000       16.03000       16.99000       
idle-util           82.27000       58.46000       33.92000       32.59000       
issued_req          156            156            156            156            
completed_req       156            156            156            156            
dur-mean            2514.60897     2303.97436     2572.74359     2635.14103     
dur-stddev          513.44738      750.75002      1620.57127     1761.44036     
dur-min             1459           1251           1085           1078           
dur-max             6960           8510           10807          12620          
dur-p25             2397.75000     1993.75000     1649.75000     1687.50000     
dur-p50             2464.00000     2240.50000     2130.50000     2171.50000     
dur-p75             2544.50000     2456.00000     2648.50000     2564.50000     
dur-p95             2672.75000     2957.50000     5493.25000     7401.25000     
lat-mean            10664.64744    10117.83974    10473.68590    12954.03846    
lat-stddev          1624.82740     2424.21348     3463.99387     24561.90521    
lat-min             8304           6023           5162           5665           
lat-max             25720          27592          25865          314286         
lat-p25             10084.50000    8995.75000     8285.75000     8121.50000     
lat-p50             10415.00000    9832.00000     9778.50000     10335.00000    
lat-p75             10746.25000    10439.25000    11406.75000    12469.00000    
lat-p95             12352.75000    13733.25000    17421.25000    20855.75000    




image-rotate-go-3

Metric              10             200            300            400            
cpu-cycles          225399727      230521706      260903569      262739483      
instructions        114241995      111251649      113347534      109460258      
context-switches    4306           4022           4759           4101           
cpi                 1.97300        2.07207        2.30180        2.40032        
ipc                 0.50684        0.48261        0.43444        0.41661        
user-util           13.08000       33.42000       52.24000       53.30000       
system-util         7.22000        11.27000       16.06000       16.11000       
idle-util           78.67000       54.73000       31.11000       30.00000       
issued_req          156            156            156            154            
completed_req       156            156            156            153            
dur-mean            3417318.03846  3616838.28846  3756408.22436  3777853.61438  
dur-stddev          63397.45094    89075.29894    126563.71464   133453.32008   
dur-min             3328781        3467473        3507398        3499027        
dur-max             3748268        4080824        4291742        4636306        
dur-p25             3373481.50000  3560142.25000  3666496.75000  3681964.00000  
dur-p50             3401652.50000  3596990.00000  3744898.50000  3761253.00000  
dur-p75             3445886.75000  3648263.25000  3826307.00000  3845148.00000  
dur-p95             3525250.75000  3765494.50000  3973552.50000  3988471.40000  
lat-mean            3425877.34615  3624843.82692  3765353.09615  3786363.81046  
lat-stddev          63477.11951    88901.24383    127523.17805   134245.53136   
lat-min             3336668        3476057        3516516        3507282        
lat-max             3756559        4088389        4305972        4650127        
lat-p25             3381851.25000  3567545.25000  3672275.75000  3691882.00000  
lat-p50             3409914.50000  3606606.50000  3750613.00000  3768852.00000  
lat-p75             3457185.75000  3656346.75000  3836882.50000  3857477.00000  
lat-p95             3533307.75000  3773339.75000  3984807.50000  4002856.00000  




image-rotate-go-6

Metric              10             200            300            400            
cpu-cycles          237110411      237915580      263995562      266080565      
instructions        108899640      114651940      111989806      123683732      
context-switches    3817           3769           4607           4520           
cpi                 2.17733        2.07511        2.35732        2.15130        
ipc                 0.45928        0.48190        0.42421        0.46484        
user-util           9.82000        30.25000       49.49000       50.97000       
system-util         7.55000        11.40000       16.56000       16.90000       
idle-util           81.76000       57.76000       33.38000       31.54000       
issued_req          156            156            156            156            
completed_req       156            156            156            156            
dur-mean            734505.17308   763135.53205   798877.55769   805939.94872   
dur-stddev          25325.30753    30121.44242    38988.68979    49383.82932    
dur-min             683658         720685         732664         721044         
dur-max             864292         924015         961649         1000412        
dur-p25             717518.75000   743181.50000   771330.75000   776193.25000   
dur-p50             728897.50000   757000.00000   793961.50000   796841.00000   
dur-p75             748822.00000   776580.00000   816151.75000   822374.25000   
dur-p95             777089.00000   810343.75000   874005.25000   892174.25000   
lat-mean            742603.67949   770891.78846   807603.76923   815878.17308   
lat-stddev          25142.70046    30127.69569    39674.97696    50939.85469    
lat-min             691718         727028         739477         728261         
lat-max             871569         931685         975192         1008330        
lat-p25             725848.50000   750295.50000   780621.50000   785011.50000   
lat-p50             737672.50000   764852.50000   802926.00000   805685.00000   
lat-p75             756384.00000   784565.25000   823483.75000   833839.75000   
lat-p95             784913.75000   820253.50000   881686.00000   911846.25000   




image-rotate-go-14

Metric              10             200            300            400            
cpu-cycles          239717010      226035427      253748337      249551420      
instructions        108517131      116554693      112759758      110386082      
context-switches    3658           4496           4473           3466           
cpi                 2.20902        1.93931        2.25034        2.26071        
ipc                 0.45269        0.51565        0.44438        0.44234        
user-util           9.08000        29.35000       48.88000       49.90000       
system-util         7.66000        11.32000       16.69000       16.66000       
idle-util           82.40000       58.74000       33.84000       32.84000       
issued_req          156            156            156            156            
completed_req       156            156            156            156            
dur-mean            29965.11538    28264.48077    23334.48077    23082.35897    
dur-stddev          3794.58785     5149.49053     6720.60042     7031.73028     
dur-min             12341          11794          11567          11451          
dur-max             37158          45232          45112          46703          
dur-p25             29161.25000    25544.00000    17408.00000    17287.50000    
dur-p50             31070.50000    29350.50000    23249.00000    22280.00000    
dur-p75             32192.75000    31287.25000    28733.00000    28828.50000    
dur-p95             33394.00000    34804.25000    32924.00000    34129.50000    
lat-mean            38066.25641    36695.71154    31535.46154    31174.67949    
lat-stddev          4222.44859     6636.21572     7845.07483     7816.61367     
lat-min             19338          19703          16439          15822          
lat-max             51536          65709          61013          56330          
lat-p25             37340.25000    33286.25000    25345.25000    25342.00000    
lat-p50             38904.00000    36911.50000    31776.50000    30730.00000    
lat-p75             40336.50000    39361.00000    36905.75000    36640.50000    
lat-p95             42055.00000    46735.25000    42633.75000    43253.75000    




image-rotate-python-7

Metric              10             200            300            400            
cpu-cycles          44832689078    42363248305    41928541421    42281236788    
instructions        46413757299    46550898908    45770496068    45920256530    
context-switches    481653         489646         440743         436607         
cpi                 0.96594        0.91004        0.91606        0.92075        
ipc                 1.03527        1.09885        1.09163        1.08607        
user-util           9.47000        29.60000       49.26000       50.37000       
system-util         8.25000        11.74000       17.11000       17.12000       
idle-util           81.42000       58.08000       33.06000       31.94000       
issued_req          156            156            156            156            
completed_req       156            156            156            156            
dur-mean            115988.16026   119172.89103   120595.70513   120261.32051   
dur-stddev          5872.54968     9311.92870     17549.74791    11720.07975    
dur-min             100312         99992          100503         100555         
dur-max             140802         156226         264513         159088         
dur-p25             113426.50000   114238.50000   110937.50000   112174.25000   
dur-p50             114984.50000   117818.00000   116704.50000   118409.50000   
dur-p75             116955.00000   122354.25000   126799.75000   125499.75000   
dur-p95             130300.00000   137409.75000   146536.25000   142203.50000   
lat-mean            124165.78205   127309.43590   128540.53205   128916.79487   
lat-stddev          5995.80873     9634.62022     17806.25614    12048.75460    
lat-min             108293         107029         106096         107337         
lat-max             148663         171763         270571         165370         
lat-p25             121550.50000   122041.00000   118663.00000   120745.25000   
lat-p50             123062.50000   125942.50000   125529.00000   127162.50000   
lat-p75             125003.75000   131604.75000   134564.75000   135556.25000   
lat-p95             138474.25000   144766.75000   155464.75000   151037.75000   




image-rotate-python-11

Metric              10             200            300            400            
cpu-cycles          939790525451   943679023091   949964890609   960547089432   
instructions        1742226629886  1743151131715  1743458913163  1747476073894  
context-switches    413160         408087         401345         398993         
cpi                 0.53942        0.54136        0.54487        0.54968        
ipc                 1.85385        1.84719        1.83529        1.81925        
user-util           12.07000       32.56000       51.45000       52.74000       
system-util         7.78000        11.76000       16.40000       16.30000       
idle-util           79.19000       55.13000       31.60000       30.39000       
issued_req          156            156            156            156            
completed_req       156            156            156            156            
dur-mean            3328645.54487  3515770.49359  3595087.70513  3676648.75641  
dur-stddev          37079.13137    58516.76123    71227.41965    94415.99758    
dur-min             3267003        3380461        3460399        3427477        
dur-max             3462084        3745669        3950813        4080854        
dur-p25             3304081.75000  3472865.50000  3546870.50000  3628279.00000  
dur-p50             3321161.00000  3511231.00000  3585733.00000  3664587.50000  
dur-p75             3346019.00000  3552743.25000  3636716.50000  3718858.50000  
dur-p95             3410861.75000  3600561.50000  3718966.25000  3816340.25000  
lat-mean            3336681.76282  3523609.53846  3603664.08333  3685299.87179  
lat-stddev          37103.76109    58510.85712    71397.23060    94363.26386    
lat-min             3274958        3388051        3486398        3434898        
lat-max             3469962        3751425        3956169        4090352        
lat-p25             3312109.00000  3481301.25000  3554515.50000  3636637.50000  
lat-p50             3329288.00000  3518350.50000  3592459.50000  3673981.00000  
lat-p75             3354073.25000  3560303.50000  3644676.00000  3727173.75000  
lat-p95             3418592.75000  3607373.00000  3726934.00000  3823837.25000  




image-rotate-python-17

Metric              10             200            300            400            
cpu-cycles          124350977309   122371341219   123260256208   123460992133   
instructions        156818614972   156954815532   156573572054   156549043488   
context-switches    471603         479674         437857         437915         
cpi                 0.79296        0.77966        0.78724        0.78864        
ipc                 1.26110        1.28261        1.27027        1.26800        
user-util           9.56000        29.81000       49.29000       50.16000       
system-util         8.67000        11.65000       16.80000       16.86000       
idle-util           80.90000       57.96000       33.31000       32.40000       
issued_req          156            156            156            156            
completed_req       156            156            156            156            
dur-mean            399912.55769   423565.78846   435421.23077   441014.42308   
dur-stddev          9972.87188     16278.79650    24861.18134    28658.34559    
dur-min             372965         395154         400551         403693         
dur-max             454566         483567         512021         572316         
dur-p25             394452.75000   412435.25000   417125.50000   420655.50000   
dur-p50             397925.00000   419810.00000   428566.00000   434389.00000   
dur-p75             402985.50000   432310.75000   447313.00000   452482.00000   
dur-p95             418787.25000   455905.50000   485802.50000   495601.00000   
lat-mean            407917.07051   431282.44872   444931.07051   449534.34615   
lat-stddev          9973.30633     16709.78150    28331.45282    29059.81404    
lat-min             386170         401617         408364         410390         
lat-max             461573         490826         599607         582603         
lat-p25             402169.00000   420580.25000   425697.50000   428915.25000   
lat-p50             406063.00000   427486.00000   436011.00000   441914.00000   
lat-p75             410876.75000   439991.25000   456767.75000   460083.00000   
lat-p95             426198.75000   464618.50000   504830.50000   502705.25000   




rnn-serving-python-20-20

Metric              10             200            300            400            
cpu-cycles          27894251660    25483108863    25290192782    25220685689    
instructions        9950172976     10141999893    9373695045     9391047925     
context-switches    487773         494269         447086         440246         
cpi                 2.80339        2.51263        2.69800        2.68561        
ipc                 0.35671        0.39799        0.37065        0.37235        
user-util           9.52000        29.90000       49.37000       50.26000       
system-util         7.80000        11.55000       17.02000       16.93000       
idle-util           81.84000       57.97000       33.07000       32.20000       
issued_req          156            156            156            156            
completed_req       156            156            156            156            
dur-mean            69612.73718    71006.94231    71416.35256    72968.31410    
dur-stddev          12353.23911    13234.36646    17389.08002    16867.28632    
dur-min             43860          35289          34792          32282          
dur-max             94727          95363          137673         159775         
dur-p25             63447.50000    64133.25000    61568.25000    64592.50000    
dur-p50             71132.00000    72825.00000    71416.50000    73982.50000    
dur-p75             78852.50000    80525.50000    81083.50000    81704.25000    
dur-p95             87311.00000    90470.00000    96216.25000    95256.25000    
lat-mean            77814.71154    78851.81410    79870.37179    81790.21154    
lat-stddev          12450.52262    13421.42022    17720.22694    17551.99926    
lat-min             51609          42279          42904          36785          
lat-max             102707         104973         145956         166042         
lat-p25             71425.75000    71712.75000    69091.50000    72750.50000    
lat-p50             79174.00000    80883.50000    79865.00000    82072.00000    
lat-p75             86910.50000    87719.50000    89868.25000    91414.25000    
lat-p95             96136.75000    99071.00000    104750.50000   110552.50000   




rnn-serving-python-100-101

Metric              10             200            300            400            
cpu-cycles          67707685492    64117024515    65887396857    65139829546    
instructions        28981698408    28842325163    28706771486    28289901600    
context-switches    505203         513530         484657         483788         
cpi                 2.33622        2.22302        2.29519        2.30258        
ipc                 0.42804        0.44984        0.43569        0.43429        
user-util           9.38000        29.71000       49.40000       49.76000       
system-util         8.42000        12.16000       16.19000       16.94000       
idle-util           81.34000       57.57000       33.83000       32.69000       
issued_req          156            156            156            156            
completed_req       156            156            156            156            
dur-mean            289951.46154   299999.16026   294919.82692   330431.08974   
dur-stddev          54518.03069    61938.92038    58185.08631    66577.35947    
dur-min             165218         166410         163164         175289         
dur-max             392405         393292         395600         473784         
dur-p25             277342.75000   269083.50000   271349.25000   306838.00000   
dur-p50             300593.50000   313398.00000   310449.00000   348231.50000   
dur-p75             323057.50000   344167.25000   332483.00000   378176.50000   
dur-p95             358013.50000   381915.50000   369128.50000   411774.00000   
lat-mean            298154.70513   307967.71795   303366.00641   339581.42949   
lat-stddev          54521.19412    62380.08855    58113.48417    67635.53466    
lat-min             173112         172524         168052         181721         
lat-max             399438         402684         400702         484399         
lat-p25             285654.00000   277552.25000   279841.50000   315750.00000   
lat-p50             309070.00000   321279.00000   320137.00000   357290.50000   
lat-p75             331451.50000   352627.50000   340842.50000   387774.00000   
lat-p95             365763.75000   389679.50000   379522.25000   425443.25000   




rnn-serving-python-1000-1010

Metric              10             200            300            400            
cpu-cycles          504870873129   517380081282   540260539001   513948923862   
instructions        239928615203   248257250167   250278842410   241559193587   
context-switches    706793         734860         832313         816802         
cpi                 2.10425        2.08405        2.15863        2.12763        
ipc                 0.47523        0.47984        0.46326        0.47001        
user-util           11.97000       32.37000       51.30000       52.35000       
system-util         8.85000        11.86000       16.17000       16.42000       
idle-util           78.24000       55.22000       31.96000       30.66000       
issued_req          156            156            156            156            
completed_req       156            156            156            156            
dur-mean            2765429.19231  3088660.33333  3167476.27564  3163948.00000  
dur-stddev          554846.36270   599054.69322   616245.30645   559681.80690   
dur-min             1559959        1726724        1675172        1701860        
dur-max             3656954        3885719        4129983        3981695        
dur-p25             2613994.25000  2978639.50000  3044473.00000  3083538.00000  
dur-p50             2906701.50000  3290010.00000  3302574.50000  3270804.00000  
dur-p75             3139873.75000  3475130.50000  3576045.00000  3535850.75000  
dur-p95             3483162.50000  3807549.50000  3921745.00000  3889393.25000  
lat-mean            2773910.38462  3096757.03205  3176304.85256  3172676.73718  
lat-stddev          554961.07919   598991.81673   616351.87978   559836.22763   
lat-min             1568190        1733662        1683526        1710916        
lat-max             3665558        3893779        4141961        3990273        
lat-p25             2621924.00000  2986910.00000  3050026.25000  3093358.00000  
lat-p50             2915294.00000  3298513.00000  3313701.50000  3278720.50000  
lat-p75             3148324.00000  3481301.50000  3583530.50000  3547225.50000  
lat-p95             3493105.25000  3815357.00000  3935340.00000  3896832.75000  




video-analytics-standalone-python-10

Metric              10             200            300            400            
cpu-cycles          452116031987   447118853459   450466047376   445207048458   
instructions        375745309741   382893301490   385273895889   381515737367   
context-switches    7919695        9209660        10287554       9620656        
cpi                 1.20325        1.16774        1.16921        1.16694        
ipc                 0.83108        0.85636        0.85528        0.85694        
user-util           12.86000       32.72000       50.72000       50.55000       
system-util         9.30000        13.04000       16.34000       17.31000       
idle-util           77.07000       53.73000       32.36000       31.57000       
issued_req          156            156            156            156            
completed_req       156            156            156            156            
dur-mean            1234585.47436  1720242.41026  2256631.21154  2452713.44872  
dur-stddev          77944.88298    239920.72579   385726.24519   448917.63133   
dur-min             1065668        1211622        1256323        1261884        
dur-max             1458342        3605390        3234455        3457938        
dur-p25             1182603.75000  1589939.25000  2055160.00000  2271448.75000  
dur-p50             1226941.50000  1712016.00000  2259656.00000  2428256.50000  
dur-p75             1283465.25000  1850980.00000  2470670.50000  2681105.25000  
dur-p95             1378029.00000  1997835.25000  2932934.75000  3174688.75000  
lat-mean            1243155.76923  1728003.27564  2264954.33333  2463556.72436  
lat-stddev          77729.63529    239587.52685   385531.44006   452750.06936   
lat-min             1074017        1219568        1265326        1270478        
lat-max             1465870        3611525        3241652        3501918        
lat-p25             1190646.75000  1597314.25000  2061062.75000  2279298.25000  
lat-p50             1235096.00000  1719205.50000  2266800.00000  2435845.50000  
lat-p75             1292708.25000  1857534.00000  2479544.75000  2688635.00000  
lat-p95             1385943.75000  2005514.00000  2942287.75000  3226067.00000  




video-analytics-standalone-python-30

Metric              10             200            300            400            
cpu-cycles          1223306466800  1217445711801  954960250741   818854164859   
instructions        1012230643506  1034581169415  800140060379   691799101809   
context-switches    22014479       28019910       22553472       19910147       
cpi                 1.20853        1.17675        1.19349        1.18366        
ipc                 0.82745        0.84980        0.83788        0.84484        
user-util           18.17000       36.21000       52.46000       52.57000       
system-util         12.17000       15.23000       17.55000       18.37000       
idle-util           69.13000       48.10000       29.44000       28.51000       
issued_req          156            156            155            151            
completed_req       156            156            34             25             
dur-mean            3518711.91026  8715261.69872  12091094.14706 11552965.00000 
dur-stddev          164706.58759   3380571.01317  7735376.70825  8515609.12320  
dur-min             3139720        3463541        3463996        3505605        
dur-max             4144409        14019899       28324077       29615327       
dur-p25             3413246.50000  5395046.50000  3895110.00000  3821144.00000  
dur-p50             3550633.50000  8983580.00000  11213013.50000 9622368.00000  
dur-p75             3627852.25000  11784053.75000 18224883.75000 16654700.00000 
dur-p95             3749926.75000  13560530.75000 25866837.05000 27663898.40000 
lat-mean            3527285.21154  8723546.42308  25918323.48322 26826754.34483 
lat-stddev          164662.07627   3380412.24002  8372906.69203  7806342.69554  
lat-min             3148449        3471109        3472924        3532034        
lat-max             4152160        14027658       30013328       30009818       
lat-p25             3421954.25000  5403090.75000  30000431.00000 30001094.00000 
lat-p50             3559104.00000  8990638.00000  30002722.00000 30003258.00000 
lat-p75             3636740.00000  11791826.75000 30004615.00000 30004771.00000 
lat-p95             3758116.50000  13568223.25000 30006853.00000 30007072.20000 




video-analytics-standalone-python-70

Metric              10             200            300            400            
cpu-cycles          1443606685425  1224278111424  879712802575   876218224655   
instructions        1188661602845  1033179751726  738882393936   729452770816   
context-switches    25221769       28427927       21405054       20883747       
cpi                 1.21448        1.18496        1.19060        1.20120        
ipc                 0.82340        0.84391        0.83991        0.83250        
user-util           19.98000       36.46000       52.09000       52.35000       
system-util         13.23000       15.54000       17.02000       18.29000       
idle-util           66.36000       47.56000       30.33000       28.78000       
issued_req          82             74             71             73             
completed_req       81             31             11             9              
dur-mean            8001333.22222  17885270.12903 15561106.81818 14209989.00000 
dur-stddev          300651.69939   7295997.57354  7195596.08619  6074023.67608  
dur-min             7274925        8237121        8274429        8548534        
dur-max             8441771        29810509       28696870       24327102       
dur-p25             7806736.00000  12443949.50000 8617079.00000  9052488.00000  
dur-p50             8075038.00000  13980426.00000 14340982.00000 10092438.00000 
dur-p75             8200112.00000  25299011.00000 20803023.00000 19714932.00000 
dur-p95             8388177.00000  29235618.00000 27241463.00000 23407986.80000 
lat-mean            8010656.46914  24790790.70833 27669547.45588 27975098.20000 
lat-stddev          299997.68577   7672664.11477  6051825.72686  5714720.28927  
lat-min             7283762        8246271        8282712        8556690        
lat-max             8451441        30012251       30012777       30015359       
lat-p25             7816566.00000  19350615.75000 30001809.75000 30001666.00000 
lat-p50             8083846.00000  30002120.50000 30003445.50000 30003796.50000 
lat-p75             8208472.00000  30004881.00000 30005292.00000 30005647.25000 
lat-p95             8395155.00000  30008352.55000 30008639.95000 30010271.65000 




video-processing-python-70

Metric              10             200            300            400            
cpu-cycles          368440358617   337707810076   325686657980   327540257167   
instructions        336937267877   335721797072   333091584502   334282447191   
context-switches    6912557        14561318       17455231       17418927       
cpi                 1.09350        1.00592        0.97777        0.97983        
ipc                 0.91450        0.99412        1.02274        1.02058        
user-util           10.51000       30.20000       49.56000       50.39000       
system-util         9.63000        13.02000       17.66000       16.75000       
idle-util           78.98000       56.22000       32.23000       32.27000       
issued_req          156            156            156            156            
completed_req       156            156            156            156            
dur-mean            237419.07692   330745.77564   534482.31410   533581.20513   
dur-stddev          28295.41756    93533.57485    200665.92965   186725.83707   
dur-min             185984         222479         229052         232294         
dur-max             395378         756619         1546981        1347787        
dur-p25             219296.00000   270881.50000   404730.75000   414922.00000   
dur-p50             230653.50000   305289.00000   507096.00000   485312.50000   
dur-p75             248960.00000   362178.00000   632963.50000   631053.00000   
dur-p95             284528.75000   547274.75000   837173.50000   835038.00000   
lat-mean            244838.21795   337968.41026   542335.22436   542814.03205   
lat-stddev          28531.97021    93845.12662    201072.79770   187981.17860   
lat-min             192318         228790         237720         243876         
lat-max             403076         768718         1556963        1360120        
lat-p25             226641.75000   278537.25000   410696.00000   421398.50000   
lat-p50             238258.00000   312734.00000   511979.50000   496233.00000   
lat-p75             257604.00000   369557.75000   640206.00000   641251.50000   
lat-p95             294484.25000   556671.75000   847130.50000   843934.25000   




video-processing-python-450

Metric              10             200            300            400            
cpu-cycles          1611043623805  1167437568106  1017810706678  981887190357   
instructions        1147037958365  1022390075110  971334295372   951343471954   
context-switches    35631234       70874141       77599186       71923643       
cpi                 1.40453        1.14187        1.04785        1.03211        
ipc                 0.71198        0.87576        0.95434        0.96889        
user-util           13.49000       31.73000       49.95000       51.34000       
system-util         12.19000       16.11000       20.12000       18.99000       
idle-util           73.53000       51.63000       29.39000       29.10000       
issued_req          156            156            156            156            
completed_req       156            156            156            156            
dur-mean            747539.16667   964788.78846   1407212.78846  1456043.12179  
dur-stddev          42361.32049    176904.99320   420059.62508   445664.92274   
dur-min             656012         694193         707957         694956         
dur-max             887930         1571480        3287171        3471145        
dur-p25             717934.00000   831417.25000   1130409.75000  1216343.50000  
dur-p50             749270.00000   908618.00000   1334663.50000  1408458.50000  
dur-p75             774788.25000   1052648.25000  1627057.00000  1574983.75000  
dur-p95             811087.25000   1268488.25000  2061416.25000  2351677.75000  
lat-mean            755060.24359   972177.76282   1414990.34615  1464408.69231  
lat-stddev          42290.23626    176937.21226   420112.34802   445087.28826   
lat-min             663284         702117         715491         712036         
lat-max             895132         1577299        3292562        3478031        
lat-p25             724773.75000   838521.00000   1139093.25000  1222273.25000  
lat-p50             756214.50000   916570.50000   1345775.00000  1415628.50000  
lat-p75             782265.75000   1058955.25000  1636923.75000  1585318.25000  
lat-p95             818184.25000   1278878.00000  2068703.50000  2357288.25000  




video-processing-python-1500

Metric              10             200            300            400            
cpu-cycles          5938265084862  3909829284098  3068465550839  3053814160102  
instructions        4002815858260  3359831006125  3084199232046  3078740525708  
context-switches    85727335       226917558      237025276      236345798      
cpi                 1.48352        1.16370        0.99490        0.99190        
ipc                 0.67407        0.85933        1.00513        1.00816        
user-util           24.52000       37.47000       52.28000       53.13000       
system-util         19.98000       24.81000       26.50000       26.51000       
idle-util           54.96000       37.31000       20.77000       19.87000       
issued_req          156            156            156            156            
completed_req       156            156            154            156            
dur-mean            2253189.25000  2820758.71154  4332131.35065  4407266.73077  
dur-stddev          90693.31767    355802.28283   1878207.01136  1340998.21738  
dur-min             1961897        2169679        2118622        2273025        
dur-max             2503518        4076800        14170469       8792756        
dur-p25             2206471.00000  2556254.50000  3327210.75000  3544544.25000  
dur-p50             2263299.00000  2767981.50000  3875870.50000  3966802.00000  
dur-p75             2307813.75000  3005169.00000  4778176.50000  5153013.25000  
dur-p95             2384562.75000  3457950.25000  7400592.80000  7339907.75000  
lat-mean            2260703.00000  2828443.89744  4341079.75974  4421303.25000  
lat-stddev          90726.99337    355765.91101   1878840.58069  1337538.67965  
lat-min             1970874        2176316        2141637        2280939        
lat-max             2515368        4083212        14184387       8799343        
lat-p25             2213360.00000  2563195.00000  3334871.50000  3562112.00000  
lat-p50             2270460.50000  2774671.00000  3884652.00000  3973653.50000  
lat-p75             2316462.50000  3012475.50000  4794530.50000  5158093.00000  
lat-p95             2392093.25000  3466108.00000  7414895.75000  7353513.25000  




