3849325
3812422
3936337
3547269
3874800
3631184
3782060
3510442
3634717
3802944
3580329
4199365
3942368
3783059
3605870
3636824
3637286
3620458
3718515
3735564
3680010
3844494
3562546
3603501
3578448
3747121
3603932
3603457
3564095
3589459
3620344
3620995
3594770
3599547
3577171
3859177
3684380
3561913
3658742
3679651
3689845
3621856
3551064
3545357
3685514
3567651
3584005
3715889
3659425
3640337
3545638
3617390
3691948
3611628
3567555
3603543
3564331
3567749
3600770
3760196
3561634
3617424
3559496
3587609
3653972
3614011
3514558
3682574
3641124
3548259
3561811
3750941
3576926
3561449
3561381
3708867
3571187
3610395
3611755
3569493
3598904
3652065
3544029
3659862
3546123
3666748
3558393
3600879
3576787
3711776
3578235
3536230
3605004
3630549
3597134
3641290
3673650
3573634
3580524
3645268
3591388
3518544
3501378
3526758
3560959
3709744
3575442
3659331
3623906
3629759
3575959
3647661
3583594
3594424
3541739
3587258
3550728
3546268
3646193
3636270
3698745
3644028
3515386
3546080
3608929
3658069
3533792
3561180
3546854
3541108
3651072
3598444
3582425
3623487
3520617
3533902
3533623
3522871
3650690
3523883
3509324
3535692
3513951
3702753
3539411
3572440
3611614
3610266
3569377
3678733
3536516
3568661
3557545
3530970
3526336
3645540
