3857083
3821373
3950090
3555767
3882295
3639118
3790122
3519736
3643457
3811322
3587390
4207268
3952442
3795717
3612500
3645458
3643426
3628699
3724254
3742341
3686476
3853864
3569553
3611394
3592856
3752511
3616930
3611262
3575599
3601132
3630697
3627787
3600792
3605100
3584633
3866031
3692168
3569439
3666614
3687863
3699693
3629859
3557817
3554196
3693025
3575669
3592095
3723090
3666815
3645859
3552653
3624282
3699159
3619297
3574512
3611123
3572825
3575368
3608236
3766621
3569696
3625216
3565877
3595082
3661188
3621687
3521563
3688994
3649259
3555393
3571165
3758123
3583760
3573914
3568899
3715613
3578417
3616521
3617951
3575879
3604765
3661773
3550865
3666844
3553494
3673790
3565564
3608538
3583581
3720413
3585018
3544058
3612358
3637430
3605114
3648661
3680680
3581101
3585476
3651733
3599789
3526187
3508048
3534626
3567934
3717160
3581619
3666783
3628843
3638284
3582086
3655968
3592417
3601491
3548702
3594760
3558373
3553644
3656474
3642926
3706371
3652577
3521695
3552994
3616096
3666192
3541457
3568283
3554684
3548279
3657534
3607845
3589379
3630397
3527119
3541894
3540113
3529447
3656718
3531742
3516717
3544551
3526263
3710030
3546793
3578568
3619359
3616936
3575758
3685214
3544186
3576368
3563978
3538990
3533035
3652930
