30561
28111
32904
28619
29064
28259
38210
22337
27971
30652
28803
29413
24228
22025
21859
23384
30229
28369
42959
29604
22471
13601
35663
25041
30870
18665
24440
23257
22030
17963
32871
40312
22813
31561
18470
20873
25249
14397
24929
23868
32967
23699
13626
35665
14405
28711
29315
15975
24602
27669
18149
14152
15948
17535
38110
21486
32554
30887
16713
15156
27842
29672
37910
17528
27881
24148
39596
18424
25871
16271
18173
27763
15038
30120
28383
17148
16819
13322
22118
27700
24190
20631
28538
26930
28780
15689
17864
16984
15541
23278
24870
22065
19256
14640
16016
20402
28838
26762
34793
15847
20112
24084
34713
13284
19387
25055
30752
30238
26085
26421
14024
16709
25098
13293
18089
17362
26943
25219
13076
22447
33684
20908
19198
23247
13414
23857
27970
21822
22844
22596
19858
21595
28714
35138
27287
19914
28471
26928
13250
13890
18116
15329
17815
20908
25265
20192
16233
16567
25874
46377
35000
19898
20632
19782
20349
18232
