38404
36680
43312
54515
36775
35923
47001
30897
47712
43151
39075
37838
32688
30669
142039
44507
36422
40702
50499
34870
32186
20877
44805
34730
40732
32134
30090
28828
30414
23699
44156
49289
32915
40711
25690
30294
32756
28897
33038
29029
40528
30785
19320
42805
31812
34558
34025
28606
34071
36886
25276
20294
22679
23479
416585
29744
44994
44694
23705
21409
34442
40248
43873
23285
33879
37370
46050
37657
38445
29434
23447
33947
20706
36657
37746
23653
23594
22688
30679
38690
32649
28382
41033
34659
42455
27087
32210
25618
19870
27680
34671
35807
23963
19290
22053
32930
33283
32561
43099
22139
29208
31289
41017
18285
24369
29956
37809
41046
36006
32753
21315
22491
31433
19721
24912
23265
35765
32773
21008
33153
38501
30892
28718
30557
21274
31657
34511
35755
28523
27862
26604
28284
36466
41617
36590
26866
39362
33083
19258
24134
27267
25689
25238
26730
31206
26528
22571
22844
32799
61589
43909
28701
27159
26007
26471
23210
