1674962
1688357
1767529
1736926
1735194
1745473
1744902
1717423
1679202
1649870
1641467
1618922
1680323
1543594
1636953
1673659
1798386
1700852
1678922
1715668
1689533
1741000
1592785
1589955
1754527
1608590
1926216
1584110
1704805
1702415
1615148
1777720
1682413
1599619
1742282
1665194
1808925
1633456
1632515
1776216
1716210
1724201
1589365
1656980
1756414
1595891
1634885
1564686
1705962
1736493
1700523
1645465
1654814
1616399
1679445
1642533
1706450
1678826
1603092
1654271
1754698
1610530
1588779
1594440
1638154
1703828
1630833
1705301
1568405
1608834
1613848
1670276
1607782
1657398
1609591
1703697
1593730
1622387
1701421
1679990
1690590
1711410
1657736
1638962
1641393
1581724
1616580
1620444
1576689
1752548
1673089
1598014
1664385
1679337
1713912
1812118
1848932
1608791
1812189
1844308
1729736
1739203
1662260
1638540
1704121
1718119
1700103
1614003
1910132
1917139
1856260
1704559
1665641
1699466
1662653
1653131
1613038
1615177
1652298
1657739
1622869
1630767
1601169
1600373
1625972
1644045
1655833
1638159
1651426
1679032
1691001
1617001
1704018
1681037
1674571
1654965
1653631
1643768
1639754
1686004
1688008
1700848
1677215
1693559
1631047
1671205
1588271
1624208
1775799
1790645
1645158
1732437
1698660
1531995
1741362
1646227
