1701014
1699672
1780268
1746606
1745660
1756253
1756642
1733256
1688892
1659546
1653292
1632976
1693749
1552864
1644874
1686345
1811474
1710669
1689651
1728350
1703603
1752895
1602612
1596693
1770160
1617442
1932562
1593447
1712644
1717916
1626190
1786870
1690066
1607512
1748744
1675942
1818952
1643305
1645309
1787280
1731507
1736293
1604432
1664512
1766639
1601351
1641403
1575103
1725964
1741698
1712429
1657655
1662360
1627216
1687708
1657298
1725970
1698934
1612220
1663994
1765705
1627213
1597935
1618159
1649589
1721454
1637194
1717186
1575214
1619027
1624223
1684700
1615525
1676361
1616268
1720395
1604765
1633849
1709369
1688013
1698364
1725594
1667017
1647049
1650331
1599278
1630230
1633751
1585711
1774458
1681222
1606404
1697316
1693077
1721486
1829460
1856962
1615935
1825535
1852240
1743849
1751117
1671866
1645772
1721410
1726070
1709699
1623741
1926153
1923892
1863633
1710862
1674379
1713701
1677849
1662735
1636920
1624867
1662273
1664696
1632293
1637983
1611272
1608923
1639979
1651220
1680258
1647932
1659307
1690334
1698898
1630091
1714950
1692037
1681659
1664500
1664511
1652629
1648788
1697233
1695673
1709108
1683418
1701322
1638481
1679455
1595206
1635643
1786297
1811456
1651717
1745108
1706012
1543517
1750568
1673161
