323208
317051
306299
301879
309759
263816
325513
301953
315954
298816
334030
318674
291152
316152
276811
299205
324180
296034
299215
278718
301841
309046
305726
279633
335285
290655
421352
278959
308122
317766
300604
293077
287779
301581
319341
282283
315658
292721
276569
280284
290223
269696
272436
258076
296152
277385
377416
297795
338905
261278
392587
330317
342174
302448
278466
312805
295177
258679
306725
264515
309880
293749
274990
281953
304177
290672
305933
260481
308609
306458
299830
351685
285269
268621
276420
273121
298294
291783
282306
322478
309291
303063
285517
270444
288251
311595
331622
297353
356039
287924
308809
312406
289764
272222
315438
281624
288718
313803
278921
324316
295563
314487
312773
299707
329073
279054
304463
277805
303027
273553
311723
285852
330875
293265
270054
308572
272050
298952
323514
274911
277190
276763
261471
272340
293279
293003
312946
301415
283720
336226
286628
296083
303476
309939
324147
287536
265483
311855
304627
280552
297628
312146
282109
281575
263249
273484
294046
282458
301993
266260
349001
299735
273902
315839
262319
287296
