331838
342173
314939
310740
321735
273083
334484
310298
325539
308011
344079
330029
300587
329909
284435
308519
332864
304357
310409
285880
319845
317596
543131
290393
348898
297304
435656
285215
318073
324746
310632
299823
293589
307625
325083
289744
331437
300498
286912
288935
297788
284446
281962
265778
302337
286464
383078
311975
348163
272020
400863
342683
364511
318017
286540
324799
306458
265973
315405
273125
328018
302164
281066
290368
309992
297887
313679
268475
318791
317031
308070
361254
294630
282018
283797
279240
312550
303843
292933
330316
318582
315402
293841
278231
296126
320237
338864
308374
361569
294248
316970
319358
298758
277600
323482
292942
294779
322074
287867
336527
308554
321086
321783
307037
338718
286859
311208
291889
314854
282701
319395
293381
338009
299101
277639
316620
281878
310209
328762
284078
285675
288482
270086
279903
304190
302056
321723
307954
302386
344590
298900
302700
310547
319415
332353
298367
276067
323657
311951
301015
306865
320835
289243
288152
269271
282435
304482
289748
322296
272678
357553
304591
280206
323553
268644
297645
