299543
211844
322885
191860
302620
282583
313362
359020
361622
287575
197054
308004
332999
326171
269280
377462
321133
324664
309856
197848
415692
311760
301629
388812
331994
364484
341459
326278
181117
312342
398830
358093
319644
322612
318605
194651
349976
321698
258801
314624
339110
339829
312886
183969
275089
360558
312437
270039
279997
318574
181973
337050
329783
253737
425837
351110
322248
257627
363035
343398
323880
367444
334451
413646
319486
328910
180211
211686
189054
308598
425362
184653
346858
263704
355063
315396
283925
330824
189229
320653
226294
325044
305877
319916
340900
281377
182551
306189
334132
324493
304112
337297
352608
334367
331452
279681
371988
363360
319472
299937
356782
197830
176816
281807
264949
305598
315301
382010
189463
354908
177710
386045
292910
204919
328848
328929
188635
363758
333580
312814
304761
283181
353348
353276
327625
314516
312402
286824
323886
334859
316139
329819
241706
323805
297083
372288
371591
343267
366518
317271
337434
294393
320576
280397
326816
300588
316321
295465
174642
299724
338136
374004
308338
305316
348778
217349
