308011
228900
330741
218553
310416
291159
361562
366332
369939
295836
208891
316657
338756
333912
274285
383214
328922
331399
316788
206349
421484
320864
308618
396341
340040
370340
349021
333978
192273
322431
405705
365235
327020
331812
325438
201858
355276
330267
265628
321931
346122
346475
320313
191015
282175
368782
320129
277391
288717
325683
187565
345691
337037
263466
435000
358287
332746
262907
370342
349990
329872
376692
342937
420775
325566
335802
189492
219760
196707
315558
432722
193538
360882
269650
362460
322618
290452
337072
196057
327485
231982
332457
312615
329257
346552
288572
189778
314254
349199
341258
311379
344863
358695
341654
340667
286516
378377
371185
333457
307977
364957
204778
187116
290134
272234
312778
322487
389873
196709
361749
184552
393697
300287
212282
334060
336208
195864
373286
341201
320276
312858
289631
360483
359785
334387
321942
318855
294140
331349
342088
324097
346780
252228
331348
304668
379734
379695
350129
373475
323538
343842
301783
328383
287497
332715
307122
323676
302817
180516
307341
345079
382078
315521
312514
355297
224625
