1688234
1659925
1679512
1677967
1694660
1713303
1658729
1727653
1680879
1744249
1724560
1692256
1645297
1629463
1620227
1674336
1596313
1621305
1668222
1722346
1696020
1584040
1669948
1653725
1686978
1599664
1584699
1666659
1553818
1667840
1565325
1618707
1650443
1738808
1708756
1683624
1687362
1726323
1633354
1761311
1684014
1619238
1685801
1670222
1686433
1648832
1693366
1659454
1633224
1589640
1597649
1711268
1672924
1778181
1716608
1634004
1696501
1714953
1694359
1645543
1620131
1643143
1652933
1671424
1692204
1655174
1648982
1681799
1654987
1730504
1653300
1729420
1674740
1613475
1650791
1773412
1665242
1704496
1636510
1693380
1651938
1645194
1659233
1630436
1664846
1724077
1742929
1599335
1653282
1669836
1683935
1660887
1646736
1721107
1709485
1609655
1735041
1607517
1595991
1608304
1687495
1651259
1652239
1620459
1633952
1653846
1617054
1634636
1663757
1642939
1813211
1655474
1634015
1563956
1700336
1704178
1692027
1784283
1761478
1661745
1613639
1778439
1761563
1632606
1761676
1674734
1702665
1736762
1736747
1617176
1646257
1798534
1707265
1649921
1615764
1631058
1670650
1671011
1689126
1653776
1664761
1658656
1798699
1661170
1880138
1679127
1587834
1588627
1728766
1664784
1742179
1658463
1706446
1639614
1726425
1703898
