1697491
1670983
1708518
1690108
1705038
1722018
1668305
1741312
1690268
1755740
1734247
1704070
1654966
1638457
1631373
1682131
1610355
1630442
1676525
1733009
1706091
1594083
1681230
1661623
1700209
1608308
1596630
1674928
1562652
1677582
1574053
1629330
1661640
1749532
1718820
1691952
1695236
1734536
1641690
1772412
1693931
1631834
1696794
1678298
1696477
1659285
1701631
1669712
1641833
1598965
1604911
1724783
1684789
1786888
1725418
1656883
1705962
1724988
2028694
1655495
1628863
1653002
1661846
1688854
1712197
1663684
1658567
1690502
1664122
1742291
1661959
1742176
1687540
1623778
1661673
1782797
1675593
1713573
1646391
1701698
1662713
1654207
1667651
1643370
1678509
1737145
1752215
1608651
1671236
1679057
1694701
1670260
1656027
1729680
1719139
1617904
1742867
1618027
1604969
1618647
1695370
1660980
1662954
1631407
1641545
1663167
1630256
1642281
1670770
1650845
2046175
1665775
1643118
1572960
1709727
1713379
1701034
1792164
1769203
1682054
1621429
1788018
1771408
1640731
1770411
1683433
1714351
1746154
1745642
1625917
1654768
1811135
1716674
1658167
1624147
1641352
1678839
1677976
1697973
1663199
1673113
1669805
1808903
1670516
1888010
1689580
1595983
1597743
1737529
1681304
1749975
1666905
1715070
1649219
1735271
1711950
